1 14.627859237536656 0.6762606001487886
2 19.655958053816708 0.6762606001487886
3 24.754449117694552 0.9036431082839442
4 29.852940181572396 1.0843492679872737
5 34.98662736924913 1.239973119499346
6 39.87394169033361 1.371827467049265
7 45.11321724940702 1.5003543595531048
8 50.0005315704915 1.61103707794075
9 55.02863038677156 1.7174771805801292
10 60.47908268863834 1.825854779619201
11 65.64796600011398 1.923003695424327
12 70.50008419739954 2.009936053864537
13 75.28181014708734 2.0920773408532503
14 80.02833997297624 2.170542495630466
15 85.47879227484303 2.257271037288731
16 90.99963682430761 2.3418465822400116
17 95.74616665019651 2.4122007669295167
18 100.95024608547104 2.4870439502738226
19 106.11912939694668 2.559215728880814
20 110.72487472764 2.621858526910509
21 115.68258129632225 2.6876522219076406
22 120.78107236020011 2.753673352770903
23 125.59799443368678 2.8146294831662195
24 130.238935888179 2.8721374705873437
25 135.30223082825796 2.9335880050761043
26 140.8934676253203 2.9999777550866846
27 146.06235093679592 3.0600758270625064
28 150.63290014369036 3.1122569818852908
29 155.48501834097598 3.166708582945811
30 160.58350940485383 3.2229312305939968
31 165.92837333532395 3.280833876440583
32 171.4844140085874 3.339958283875378
33 176.1957477106774 3.389293573739659
34 181.047865907963 3.439361954927378
35 186.3927298384331 3.4936794164124283
36 191.0336712929253 3.5401737792242924
37 195.53382825222198 3.5846833573562384
38 200.6675154398987 3.6347867577896777
39 205.8363987513743 3.684545061599944
40 210.86449756765435 3.732312916982462
41 216.42053824091784 3.784390323883326
42 221.51902930479565 3.831560072782001
43 226.54712812107576 3.8775172456935394
44 231.78640368014916 3.9248302632763648
45 236.884894744027 3.970331858090138
46 242.01858193170372 4.015626360290744
47 246.58913113859816 4.055531348588412
48 251.54683770728042 4.098373683569505
49 256.64532877115823 4.1419692560436205
50 261.7086237112372 4.184814721297117
51 267.0182915179084 4.229276761455338
52 272.50393994357404 4.274725402840736
53 277.7080193788485 4.317401109499807
54 282.6657259475308 4.3576696376735455
55 288.1161782493976 4.401511386052149
56 292.86270807528643 4.439343375632576
57 297.92600301536544 4.479345324971872
58 303.16527857443884 4.52036360763452
59 307.98220064792554 4.557752663207446
60 313.0102994642056 4.596454801070947
61 317.72163316629565 4.632427692825152
62 323.0664970967658 4.672897552580772
63 328.4465571510348 4.713282749723202
64 333.6858327101082 4.7522822815693
65 338.784323773986 4.789929994431336
66 343.70683421886935 4.8260008441859785
67 348.87571753034496 4.863587326700438
68 353.9390124704239 4.900127204268849
69 358.75593454391054 4.934639684086736
70 363.4672682460006 4.9681644903051305
71 368.38977869088404 5.002950449410791
72 373.2770930119684 5.037250287759135
73 378.4459763234441 5.073271922328511
74 383.68525188251755 5.109524498695161
75 388.71335069879757 5.144076982518792
76 393.7766456388766 5.178638135229586
77 398.7695483313577 5.212494872966959
78 403.8328432714367 5.24660535339579
79 408.96653045911347 5.2809646596410555
80 414.1002176467902 5.315101855888951
81 419.33949320586356 5.349715912396974
82 424.33239589834477 5.382496651964221
83 429.25490634322813 5.414621409197215
84 434.00143616911697 5.4454193713765475
85 438.60718149981034 5.475139187120757
86 443.84645705888363 5.50874774547034
87 449.1561248655549 5.542599516167989
88 454.25461592943276 5.574912722586884
89 459.14193025051725 5.605713971184311
90 463.7828717050095 5.63480821760371
91 468.88136276888724 5.666595637330209
92 474.3318150707541 5.700379279263317
93 479.3951100108331 5.731586940894214
94 484.141639836722 5.760690582408955
95 488.9937580340076 5.790289778090916
96 494.2330335930811 5.822079381041052
97 499.2611324093611 5.852426481251768
98 504.00766223524994 5.880932140714011
99 508.82458430873663 5.909719539659312
100 513.782290877419 5.939201745034664
101 519.1271548078892 5.970820929812316
102 524.2608419955658 6.00103512554136
103 529.3945291832426 6.031097958090021
104 534.281843504327 6.059580830581228
105 539.2747461968082 6.088540852076148
106 544.6900023748761 6.119793295821684
107 549.5773166959606 6.147865259246814
108 554.6406116360395 6.176812461086092
109 559.5983182047219 6.205025746136769
110 564.0632790402196 6.230328351006775
111 568.7746127423096 6.256914651193829
112 574.330653415573 6.288118269049304
113 579.9218902126355 6.319363837684943
114 584.9147929051167 6.347138660695292
115 590.0836762165922 6.375764010254
116 595.3229517756656 6.404648258829625
117 600.280658344348 6.431862222569844
118 605.0623842940356 6.458002501517645
119 610.5128365959025 6.4876663076990155
120 615.4353470407859 6.514343321976803
121 620.0058962476803 6.539017385701404
122 625.2451718067538 6.567183641058351
123 630.4844473658272 6.59522960785018
124 635.6533306773028 6.622782732101438
125 640.3646643793928 6.647799689189361
126 645.4983515670696 6.6749502402401895
127 651.1247844879307 6.7045780024869615
128 656.6104329135966 6.73333955301066
129 661.6737278536756 6.7597800607499305
130 666.4906499271623 6.784839619582789
131 671.237179753051 6.809443133523214
132 676.5116514359235 6.836676526487603
133 681.7509269949969 6.863621386171137
134 686.6734374398802 6.888842669798505
135 691.9479091227525 6.915763404597987
136 697.116792434228 6.942044439841484
137 702.7080292312904 6.9703593129925965
138 707.912108666565 6.9966123247498055
139 712.6586384924539 7.0204737125116425
140 717.7571295563318 7.046012604012462
141 722.9612089916062 7.071984777028353
142 728.2708767982775 7.09838547557977
143 733.0877988717642 7.122253755214695
144 738.1862899356419 7.1474289798154205
145 743.6015461137099 7.174070065011156
146 748.5592526823921 7.198375763217763
147 753.270586384482 7.221398979383849
148 758.5802541911532 7.2472554041407395
149 764.2066871120145 7.274552658039988
150 768.9884130617023 7.29767504305883
151 773.8757273827867 7.321232020387933
152 778.833433951469 7.345050757288564
153 784.213494005738 7.370809546384186
154 790.0159075455937 7.398488124077946
155 794.8328296190804 7.421391292464667
156 799.5793594449693 7.443891176064875
157 804.2906931470594 7.46615734043033
158 808.8260462301548 7.4875301235936425
159 814.2413024082229 7.512965301923476
160 819.8325392052851 7.539136261893311
161 825.0366186405597 7.563415276580609
162 829.9591290854431 7.586310397192019
163 834.8464434065276 7.608973827318215
164 839.6281693562155 7.631082974539108
165 844.5858759248978 7.653937528820862
166 849.9307398553678 7.678498870401322
167 854.8180541764524 7.700890998126402
168 859.4941917547434 7.722255772876763
169 864.6278789424202 7.745640982115354
170 869.9023506252925 7.769593577721106
171 874.8248610701759 7.791882902065191
172 879.4658025246682 7.812840308232286
173 884.2475284743559 7.834374151227796
174 889.2404311668372 7.856795034012209
175 894.4797067259105 7.880252585504993
176 900.1061396467718 7.905364399767262
177 905.2046307106498 7.928053276873401
178 910.0215527841364 7.949430857280982
179 915.2608283432098 7.972615854258266
180 919.9721620452998 7.993409357122621
181 924.8242802425852 8.014767175566886
182 929.9931635540611 8.037455468921848
183 935.0212623703411 8.059465107202545
184 939.9085766914255 8.08080163575899
185 944.7958910125101 8.10208197556375
186 949.9999704477844 8.124678911155401
187 955.5208149972492 8.148581489335427
188 960.9360711753169 8.1719594079097
189 965.964169991597 8.19360775018169
190 971.1330533030728 8.215802182391856
191 976.1259559955539 8.23718491750959
192 981.1188586880351 8.258512289165653
193 986.0765652567173 8.279635110383298
194 991.0342718253997 8.300704180482738
195 996.4495280034677 8.323654856375741
196 1001.2664500769545 8.344018957421863
197 1006.0481760266422 8.364185377028807
198 1011.0058825953245 8.385042000615993
199 1016.1747659068001 8.406731046515738
200 1021.6252182086669 8.429540005178005
201 1026.6885131487459 8.450675099213726
202 1031.5406313460314 8.470880081814396
203 1036.392749543317 8.491036985462305
204 1041.3504561119994 8.511582779911178
205 1046.0617898140895 8.531062712830431
206 1051.1602808779674 8.552091760387114
207 1056.4347525608396 8.573791670971561
208 1061.6036358723152 8.595004430108146
209 1067.018892050383 8.617171312545814
210 1072.1173831142607 8.637990732664512
211 1077.3214625495352 8.659189278923073
212 1082.419953613413 8.679907916334813
213 1087.4128563058941 8.700150073481746
214 1092.5817396173697 8.721055488727368
215 1097.4690539384544 8.740777202270495
216 1102.673133373729 8.761727065501978
217 1107.8772128090034 8.782626955584993
218 1112.8701155014846 8.802632907603318
219 1117.2646840893847 8.820206227103627
220 1122.2223906580666 8.839987003351833
221 1127.6728429599334 8.861680880615943
222 1132.560157281018 8.881090321134225
223 1137.8346289638903 8.901988285281226
224 1143.1442967705614 8.92297613493868
225 1148.348376205836 8.943499213132602
226 1153.4116711459149 8.96342251089828
227 1158.5453583335916 8.983577411642559
228 1163.7142416450672 9.003824778799938
229 1168.495967594755 9.022516572820404
230 1173.2073012968451 9.040895691123973
231 1178.235400113125 9.060468105848484
232 1183.5450679197966 9.081089690697846
233 1188.8899318502667 9.101800655813152
234 1193.847638418949 9.12097075474713
235 1198.6645604924356 9.13955850699039
236 1203.8686399277103 9.15959632152633
237 1208.931934867789 9.179050588535462
238 1213.7840530650747 9.19765564885434
239 1218.7065635099582 9.216491969910948
240 1223.8402506976347 9.236094641867274
241 1228.9035456377135 9.25538811542249
242 1233.9668405777925 9.274641454022815
243 1239.241312260665 9.294654605730035
244 1244.2342149531462 9.313560764008106
245 1249.1919215218286 9.332295882346582
246 1253.8328629763207 9.349801118639169
247 1258.755373421204 9.368331535264806
248 1263.9946489802774 9.388013014451795
249 1269.198728415552 9.407521641225948
250 1274.4380039746256 9.427121301596461
251 1279.4661027909056 9.445893469350972
252 1284.4942016071855 9.464628404414034
253 1289.4167120520688 9.4829344419421
254 1294.4448108683491 9.501596341114757
255 1298.9801639514444 9.51839981032242
256 1303.6914976535345 9.535823222989773
257 1309.1771460792004 9.556067176658857
258 1314.3460293906758 9.575104042315893
259 1319.2685398355593 9.593199269154422
260 1324.3318347756383 9.611775962395267
261 1329.6415025823096 9.631217203691365
262 1334.7399936461873 9.649849081333656
263 1339.9088769576626 9.668701300013014
264 1345.183348640535 9.687900441685674
265 1349.8594862188263 9.704891912057432
266 1354.676408292313 9.72236335560782
267 1359.5285264895986 9.739930643822607
268 1364.5214291820794 9.757974114104183
269 1369.7255086173543 9.776744544179602
270 1374.7536074336342 9.794846669624759
271 1379.7465101261153 9.81278916244061
272 1385.126570180384 9.83208492072942
273 1390.6826108536477 9.851971594643503
274 1395.6403174223299 9.86968472811843
275 1400.7388084862077 9.88786726752992
276 1406.0836724166777 9.906891758162681
277 1410.9357906139635 9.924132407216288
278 1415.9286933064443 9.941841574930333
279 1421.2735572369145 9.960762978239933
280 1426.0200870628037 9.977538084813377
281 1430.9425975076872 9.994904753444734
282 1436.287461438157 10.013725891899286
283 1441.4563447496325 10.031894326320005
284 1446.590031937309 10.049906655116152
285 1451.7237191249858 10.067886758334357
286 1456.822210188864 10.085711985104462
287 1461.9910935003393 10.103750975891929
288 1467.4063496784067 10.122614487325938
289 1472.6456252374803 10.140832148492557
290 1477.8145085489564 10.158773262567559
291 1482.7722151176388 10.175952364818205
292 1487.2019798293375 10.191279401916471
293 1491.9837057790253 10.20779704477974
294 1496.9414123477072 10.224893781267644
295 1502.1454917829817 10.242808594756815
296 1507.490355713452 10.261175035856567
297 1512.5536506535307 10.278544549208345
298 1517.7929262126042 10.296486325681194
299 1522.5394560384932 10.31271534466873
300 1527.4971626071754 10.32963843079503
301 1532.6660459186508 10.347252178589008
302 1537.7997331063273 10.364716477039368
303 1542.7926357988088 10.381674119065
304 1547.4687733770998 10.397531898059666
305 1552.9896179265643 10.416220161370196
306 1557.7361477524532 10.432262917285064
307 1562.1659124641524 10.447213929667507
308 1567.4755802708232 10.46510327544071
309 1572.5036790871031 10.482016693602116
310 1577.63736627478 10.499256829273673
311 1582.7006612148584 10.516233113649792
312 1587.4823871645465 10.532241146124194
313 1592.1233286190388 10.547755120524686
314 1597.1866235591176 10.56465347354703
315 1602.6370758609844 10.582812519674254
316 1607.6299785534657 10.59942124323903
317 1612.3413122555555 10.615070432295397
318 1616.9470575862488 10.630346996724725
319 1622.010352526328 10.647114266520717
320 1626.9680590950104 10.663506671594513
321 1632.0665501588878 10.6803378693268
322 1637.2354334703634 10.697374188992992
323 1642.1931400390458 10.713689694504188
324 1647.6435923409124 10.73159655785522
325 1652.3549260430027 10.747053283181172
326 1657.1366519926905 10.76271800852472
327 1662.0943585613727 10.778934606992197
328 1666.8760845110608 10.794553067232616
329 1672.1153600701339 10.811638568051574
330 1677.3194395054084 10.828582714132008
331 1682.3827344454871 10.84504350062152
332 1687.3404410141695 10.861137180846432
333 1692.3685398304497 10.877434819868075
334 1697.4318347705287 10.893821790081427
335 1702.4247374630097 10.909957060369466
336 1707.6288168982842 10.926748744696377
337 1713.2552498191455 10.944872937200932
338 1718.107368016431 10.960480981210736
339 1722.6427210995266 10.97505103674433
340 1727.6708199158068 10.99117976645166
341 1732.522938113092 11.006722145419378
342 1737.8678020435623 11.023815927079303
343 1743.0366853550381 11.040322238525677
344 1747.8536074285246 11.055683485168732
345 1753.0224907400002 11.072142288671598
346 1757.9801973086824 11.087906348422218
347 1762.867511629767 11.103424897465267
348 1768.1419833126392 11.120147237909745
349 1773.4516511193106 11.136955700109109
350 1778.5149460593893 11.1529613645779
351 1783.4374565042726 11.168500436329763
352 1788.676732063346 11.1850147340617
353 1793.9512037462182 11.201615273714657
354 1798.803321943504 11.216866071605134
355 1803.3738711503981 11.231213822301124
356 1808.366773842879 11.24686506486588
357 1813.8876183923435 11.264144293565634
358 1819.232482322814 11.280848012181053
359 1824.4013656342895 11.296978773560946
360 1829.4646605743685 11.31275803435489
361 1834.5279555144473 11.328515316555634
362 1839.8728194449172 11.345124260452048
363 1844.9361143849965 11.360836651350645
364 1849.6122519632875 11.375329510628536
365 1854.4643701605728 11.390347720916397
366 1859.2108999864618 11.40502031250324
367 1864.3797832979371 11.420975696715619
368 1869.8302355998044 11.43777529397276
369 1874.8231382922852 11.453144264369776
370 1879.8160409847667 11.468492638769881
371 1884.9497281724434 11.484251974230421
372 1890.2241998553154 11.50042058129856
373 1895.2171025477971 11.515705945004333
374 1900.210005240278 11.530971046571093
375 1905.0973195613624 11.54589409873184
376 1909.7382610158545 11.56004779668207
377 1914.8367520797324 11.57557547292615
378 1920.005635391208 11.591296090850532
379 1925.068930331287 11.606675234508
380 1929.7098717857793 11.620754903266167
381 1934.773166725858 11.636095111993507
382 1939.8012655421383 11.651308804364973
383 1944.688579863223 11.666077923490082
384 1950.244620536486 11.682843169801188
385 1955.4838960955592 11.698631421454797
386 1960.336014292845 11.713235115161755
387 1965.1177402425326 11.727609369455717
388 1970.005054563617 11.742282520226437
389 1975.3147223702886 11.758201667696317
390 1980.7651746721556 11.774520129018475
391 1985.4413122504463 11.788504414274337
392 1989.8358808383464 11.801632434031415
393 1995.0751563974197 11.817261980376907
394 2000.384824204091 11.833080257746188
395 2005.3777268965723 11.847936455405017
396 2010.4058257128524 11.86287847238725
397 2015.1523555387414 11.876967322336748
398 2020.321238850217 11.89228953197038
399 2025.4901221616929 11.907592025618346
400 2030.3422403589782 11.92193975729531
401 2035.4407314228558 11.936996692820768
402 2040.3632418677394 11.951516424326446
403 2045.2153600650247 11.965811488108683
404 2050.137870509908 11.980296297065633
405 2055.2363615737863 11.995279981447704
406 2060.2292642662674 12.009935540974926
407 2065.2573630825473 12.024676257500087
408 2070.461442517822 12.039913378770816
409 2075.4543452103026 12.054514674318382
410 2080.5880323979795 12.069508856430472
411 2085.8977002046504 12.084996967680823
412 2090.8906028971314 12.099543858092641
413 2095.6019365992215 12.113255184502329
414 2100.5596431679046 12.127666036614972
415 2105.9045070983743 12.14318198427934
416 2110.8622136670565 12.157557362978716
417 2115.6087434929455 12.171305113230222
418 2120.883215175818 12.186562201805902
419 2126.0520984872937 12.201495639258395
420 2131.1153934273725 12.216106612518416
421 2136.284276738848 12.2310039777924
422 2141.3123755551283 12.245478582076206
423 2146.551651114202 12.260542333394813
424 2151.685338301879 12.275284856615862
425 2156.7838293657564 12.289908900349838
426 2161.917516553433 12.304616238672159
427 2166.945615369713 12.319004350202501
428 2171.621752948004 12.332371233344073
429 2176.3330866500937 12.34582398335476
430 2181.4667738377707 12.360464790212138
431 2186.600461025447 12.375088275732436
432 2191.910128832119 12.390194409514786
433 2197.5717578767785 12.406280688489272
434 2202.88142568345 12.421348887901948
435 2207.6983477569365 12.435004237583957
436 2213.1136039350044 12.450336166743243
437 2217.8953298846923 12.463860370061992
438 2222.5010752153853 12.47687349910162
439 2227.5643701554645 12.491162365695148
440 2232.346096105152 12.50464241414547
441 2237.796548407019 12.519988007825354
442 2242.7894510995 12.534030061442463
443 2247.7119615443835 12.547858955920494
444 2252.986433227256 12.562658735984762
445 2258.014532043536 12.576751644050535
446 2263.077826983615 12.590927164021814
447 2268.246710295091 12.605381564477126
448 2273.485985854164 12.620015728632788
449 2278.3029079276503 12.633456343561999
450 2283.295810620132 12.647372416820012
451 2288.4294978078087 12.661664545068158
452 2293.527988871687 12.675842832714183
453 2298.591283811765 12.689907661336472
454 2303.548990380448 12.703664384107359
455 2308.7178736919236 12.717990655775587
456 2313.6403841368065 12.731619736582063
457 2318.7036790768857 12.745623015392402
458 2323.9429546359593 12.760096341931735
459 2328.8302689570432 12.773583519030575
460 2333.8935638971225 12.787540844557412
461 2338.780878218207 12.800999106065664
462 2343.3866235489 12.813669852999814
463 2348.2739378699844 12.8271006998443
464 2353.12605606727 12.84042102471547
465 2358.224547131148 12.854402147116396
466 2363.49901881402 12.86884939296947
467 2368.7734904968925 12.883280437763935
468 2373.766393189374 12.896926948041672
469 2378.372138520067 12.909503541628002
470 2383.470629583945 12.923409927690965
471 2388.780297390616 12.937875862464535
472 2393.773200083097 12.95146484756049
473 2398.6957105279807 12.96484849483888
474 2403.688613220462 12.978409238391992
475 2408.7871042843394 12.992241870709384
476 2413.7800069768205 13.005774052015001
477 2418.667321297905 13.019006719190852
478 2423.5546356189893 13.032225950182358
479 2428.406753816275 13.045336827564682
480 2433.786813870544 13.059857414479618
481 2439.27246229621 13.074646114952559
482 2444.5469339790825 13.088850261592276
483 2449.3638560525687 13.101809927034212
484 2454.2511703736527 13.114945696662343
485 2459.7720149231177 13.129766696532302
486 2464.764917615599 13.14315728318053
487 2469.9338009270746 13.157005012797509
488 2475.2082726099466 13.17112034133463
489 2480.0251946834337 13.183999136819862
490 2484.5605477665295 13.196114396265568
491 2489.694234954206 13.209812835972498
492 2495.0742950084746 13.224152823653649
493 2500.032001577157 13.237354351762985
494 2505.3064732600287 13.251384092738336
495 2510.4401604477057 13.265025457019485
496 2515.503455387785 13.278466225771316
497 2521.165084432445 13.293477661054684
498 2526.8971057247027 13.308658324921119
499 2531.9252045409826 13.32196208554903
500 2536.5309498716756 13.334137797285138
501 2541.4182641927605 13.347044918604945
502 2546.4463630090404 13.360310455171753
503 2551.5448540729185 13.373748088191551
504 2556.678541260595 13.3872647665049
505 2561.84742457207 13.400860250926463
506 2567.1570923787417 13.414811334426659
507 2572.25558344262 13.42819442836964
508 2577.424466754095 13.441748515072538
509 2582.522957817973 13.455104816027642
510 2587.3750760152584 13.4678040280626
511 2592.191998088745 13.480399383254456
512 2597.2200969050255 13.493533819254345
513 2602.2129995975065 13.506563767162001
514 2607.381882908981 13.52003928739746
515 2612.5507662204573 13.533501389852077
516 2617.6492572843345 13.54676722827124
517 2622.9237289672064 13.560476852828726
518 2628.16300452628 13.5740813715324
519 2633.2614955901586 13.587307590130518
520 2638.254398282639 13.600247696783725
521 2643.28249709892 13.613266500483439
522 2648.275399791401 13.626181955274092
523 2653.3034986076805 13.639176004346849
524 2657.9796361859717 13.651250277328268
525 2662.831754383257 13.663767191454342
526 2667.8598531995376 13.676725531412028
527 2673.028736511013 13.690033557224577
528 2678.4087965652816 13.703871042149293
529 2683.612876000556 13.717243039710137
530 2688.6409748168367 13.730150909942315
531 2693.387504642726 13.742325535913345
532 2698.3804073352067 13.755119810458527
533 2703.6900751418775 13.76871194678245
534 2708.9997429485484 13.782290678507358
535 2714.098234012427 13.795317278508175
536 2718.668783219321 13.806985850236384
537 2723.4857052928073 13.819272067022043
538 2728.4786079852884 13.831995167994686
539 2733.5419029253676 13.84488552719028
540 2738.851570732039 13.858389622694403
541 2743.84447342452 13.871076843542344
542 2748.9077683645987 13.883930917900418
543 2754.111847799873 13.897129660604358
544 2759.527103977941 13.910850192559524
545 2764.414418299026 13.923222699580123
546 2769.0201636297193 13.934873064735307
547 2773.942674074603 13.947313079113709
548 2778.7595961480897 13.959475789604863
549 2783.893283335766 13.972425856760191
550 2788.886186028247 13.985009624155195
551 2793.632715854136 13.996962574535218
552 2798.5552262990195 14.009347454805678
553 2803.618521239098 14.022074776688536
554 2808.822600674372 14.035143608587093
555 2813.6747188716586 14.047318457330997
556 2818.7028176879376 14.059923301390578
557 2823.942093247012 14.073045009729233
558 2828.934995939493 14.085538886067424
559 2834.1742714985653 14.098636753806971
560 2839.4487431814377 14.111810247269375
561 2844.512038121517 14.124445241796629
562 2849.5049408139985 14.136893691810945
563 2854.5330396302784 14.14941873904641
564 2859.4203539513633 14.161582818143867
565 2864.4484527676423 14.174086048647412
566 2869.5469438315213 14.186752897766869
567 2874.5750426478007 14.199233964605636
568 2880.0606910734664 14.212837173707296
569 2885.4407511277354 14.226166147920491
570 2890.4336538202174 14.238525665717347
571 2895.4969487602957 14.251048314663246
572 2900.3842630813806 14.26312572086273
573 2905.1659890310684 14.274932573873093
574 2909.8069304855603 14.286382835100925
575 2914.8702254256395 14.298863571789225
576 2920.4262660989025 14.312545191469912
577 2925.6303455341767 14.325349033391362
578 2931.080797836044 14.338746205262565
579 2936.108896652324 14.351095084983767
580 2940.8906226020113 14.362829623640748
581 2946.094702037286 14.37558867901939
582 2951.087604729768 14.387819839482395
583 2956.045311298449 14.39995458549071
584 2960.9326256195345 14.411907206420143
585 2965.7143515692223 14.423592270511252
586 2970.6368620141056 14.435611132975378
587 2975.6649608303856 14.447877220609131
588 2980.693059646666 14.460132903300366
589 2985.685962339147 14.47229261195898
590 2990.92523789822 14.485040768014487
591 2996.129317333495 14.497692268828857
592 3001.2982006449697 14.510247367223526
593 3006.502280080245 14.52287690950507
594 3011.8119478869157 14.535751146811664
595 3017.016027322191 14.548358549082261
596 3022.114518386068 14.56069980943534
597 3027.0722249547503 14.572690598214253
598 3031.783558656841 14.58407696298423
599 3036.6708729779252 14.595878806173925
600 3041.276618308618 14.606992678600875
601 3046.0583442583056 14.618521805305303
602 3051.156835322184 14.630803882221306
603 3056.325718633659 14.643244851342867
604 3061.459405821336 14.655590734544816
605 3066.276327894823 14.667166119336887
606 3071.2340344635045 14.679069939986508
607 3076.6492906415733 14.692060256451422
608 3081.9589584482446 14.704786372219095
609 3086.7758805217313 14.716323061361098
610 3091.240841357229 14.727009584348316
611 3096.339332421107 14.739201259407603
612 3101.4730196087835 14.751466834434433
613 3106.5011184250634 14.763470498725312
614 3111.564413365142 14.77554825041383
615 3116.240550943434 14.786694632574633
616 3121.1278652645183 14.79833488671213
617 3126.1559640807977 14.810300564762178
618 3131.360043516072 14.822674451299708
619 3136.3529462085535 14.83453699157024
620 3141.064279910644 14.845722526884002
621 3145.916398107929 14.857233156723357
622 3150.8037124290145 14.868818188931824
623 3156.254164730881 14.881726114465172
624 3161.8454015279435 14.894955525057576
625 3166.732715849028 14.906511240250454
626 3171.05689218933 14.916729335541621
627 3176.0849910056104 14.928600117530163
628 3181.676227802673 14.941788026090121
629 3186.4931498761594 14.953141864182193
630 3191.591640940037 14.965149316936118
631 3196.6901320039156 14.977147143098685
632 3201.4366618298045 14.988308899647594
633 3206.60554514128 15.000453366735703
634 3212.0208013193474 15.01316560502136
635 3217.048900135628 15.024960195724647
636 3221.9010183329133 15.036333615982286
637 3226.7179404064004 15.04761611700893
638 3231.74603922268 15.059383725909255
639 3236.8797264103573 15.071388728523889
640 3242.294982588425 15.084041185387315
641 3247.6750426426943 15.096600982485553
642 3252.667945335175 15.108248445449801
643 3257.9776131418457 15.120624284824933
644 3262.86492746293 15.132007666701314
645 3267.9282224030094 15.143791498785298
646 3272.8859289716916 15.155320956333245
647 3277.843635540374 15.16684164947552
648 3283.0829110994478 15.179006496643465
649 3288.146206039526 15.190753870651681
650 3293.596658341393 15.203388469981416
651 3298.7655416528687 15.215361267663715
652 3303.8640327167464 15.227161947433169
653 3308.6105625426353 15.238140572214933
654 3313.638661358915 15.249761161995174
655 3319.2298981559775 15.26267156972805
656 3324.2931930960567 15.274354597787742
657 3329.4972725313314 15.286352849832353
658 3334.384586852416 15.297612908942611
659 3339.1311166783044 15.30854100941934
660 3344.1592154945847 15.320108199238915
661 3349.1873143108646 15.331666662033223
662 3354.2858053747427 15.343377890918818
663 3359.6306693052125 15.355644900530825
664 3364.8347487404876 15.367579685227492
665 3369.47569019498 15.378216408422013
666 3374.3982006398633 15.389489747902324
667 3379.53188782754 15.401237440637267
668 3384.6303788914174 15.412895807430953
669 3389.975242821888 15.425107532149806
670 3395.0737338857666 15.436747871433935
671 3399.9258520830517 15.447818116945482
672 3404.6723819089407 15.458640033956907
673 3409.489303982427 15.469614536025233
674 3414.4822066749084 15.48098135643396
675 3419.6510899863842 15.492739631666607
676 3424.8903655454583 15.50464878349369
677 3429.953660485536 15.516149613646643
678 3435.0521515494147 15.52772170348575
679 3440.150642613292 15.53928517560373
680 3445.2139375533716 15.550760389843076
681 3450.101251874456 15.56182913299662
682 3454.9885661955404 15.572890008821487
683 3459.805488269027 15.583784053322868
684 3464.5168219711177 15.594432179837948
685 3469.756097530191 15.606263730196426
686 3475.0305692130637 15.618165633504617
687 3479.9530796579465 15.629265899334985
688 3485.051570721824 15.640754298305144
689 3490.3260424046966 15.652629975792918
690 3495.354141220977 15.663943071857885
691 3500.241455542061 15.674931892058558
692 3505.199162110744 15.68607095965928
693 3510.0864764318285 15.697044289092647
694 3515.325751990901 15.708798554269364
695 3520.213066311986 15.719756018491037
696 3525.029988385472 15.730548352636443
697 3530.1636755731492 15.742041528236722
698 3535.0157937704353 15.752897232088406
699 3539.6919313487265 15.763352538766707
700 3544.5440495460116 15.77419357651768
701 3549.4665599908953 15.78518412265066
702 3554.881816168963 15.79726489181486
703 3560.5786413374217 15.80996327043291
704 3565.6771324013 15.82132045943932
705 3571.02199633177 15.833217180596469
706 3575.9445067766533 15.844166784165898
707 3580.7966249739393 15.854952564182424
708 3585.824723790219 15.866121397864964
709 3590.6416458637054 15.876814239813239
710 3595.8105291751813 15.888279577786065
711 3601.3665698484447 15.900593647883762
712 3606.817022150312 15.912664646927183
713 3611.5987480999997 15.923248438213019
714 3616.521258544883 15.934136174314064
715 3621.584553484962 15.945327232614533
716 3626.7886329202356 15.956820974924073
717 3632.063104603108 15.968461596688549
718 3636.8800266765957 15.979085955043393
719 3642.013713864272 15.99040049407023
720 3647.077008804351 16.001552202656338
721 3652.034715373033 16.01246405851166
722 3656.9220296941176 16.023213862624363
723 3661.9853246341963 16.03434274989069
724 3667.4357769360627 16.046313135154033
725 3672.710248618935 16.057888882744116
726 3677.808739682813 16.06907084552161
727 3682.6256617563004 16.07962872805652
728 3687.8649373153735 16.091103524526204
729 3693.03382062685 16.102416283694104
730 3697.8859388241353 16.113029196938296
731 3703.1252143832085 16.124480224375144
732 3708.153313199489 16.135462494319114
733 3712.970235272975 16.14597696329729
734 3717.963137965457 16.156867950329342
735 3723.1320212769315 16.168134694538413
736 3728.2305123408105 16.179240463278006
737 3733.4697878998836 16.1906446620711
738 3738.92024020175 16.20249957209986
739 3743.772358399036 16.213046971865133
740 3748.37810372973 16.223053014155123
741 3753.3358102984116 16.23381598487796
742 3758.962243219273 16.246020648535097
743 3764.2015187783463 16.257378002541124
744 3768.8776563566375 16.267509077120945
745 3773.588990058728 16.277709948428786
746 3778.1243431418234 16.287524154543505
747 3782.8004807201146 16.29763648942822
748 3788.004560155389 16.30888194243126
749 3793.3846202096574 16.320499163753645
750 3798.271934530743 16.33104620703626
751 3803.3704255946204 16.342041264303205
752 3808.820877896487 16.353786426838084
753 3813.672996093773 16.364236316511768
754 3818.2435453006674 16.374074315104473
755 3823.2012518693496 16.38473808174411
756 3828.0885661904344 16.39524380024968
757 3833.0110766353173 16.405818299193623
758 3838.1447638229947 16.416838735525566
759 3843.067274267878 16.427399333576314
760 3847.9545885889625 16.437877786595614
761 3852.9122951576446 16.448500188705506
762 3857.8700017263272 16.459115735319347
763 3862.8629044188074 16.469799654327602
764 3867.785414863692 16.480326315040617
765 3873.16547491796 16.49182276742457
766 3878.2287698580394 16.50263564179122
767 3883.4328492933137 16.51374149598861
768 3888.8481054713825 16.525289663800756
769 3893.4890469258744 16.535181674084
770 3898.3059689993615 16.545442127326528
771 3903.3340678156405 16.55614516087682
772 3908.3621666319214 16.5668412797171
773 3913.249480953006 16.57723159184333
774 3917.9256185312965 16.587167308082257
775 3922.7777367285817 16.597470260082456
776 3928.4393657732426 16.609482293266463
777 3933.8546219513105 16.620963940954685
778 3938.6363479009983 16.631096986849755
779 3943.8052312124737 16.64204267878076
780 3948.5165649145633 16.652014115815703
781 3953.298290864251 16.662128278608723
782 3958.431978051929 16.672979301099996
783 3963.3896846206108 16.683452014067733
784 3968.8049407986787 16.69488279030088
785 3974.2201969767466 16.70630574537855
786 3979.213099669228 16.716831683160567
787 3984.1356101141114 16.727202883914924
788 3989.3396895493856 16.738159737267118
789 3994.4381806132637 16.748887540911653
790 3999.536671677141 16.759608477704393
791 4004.670358864818 16.770396427277365
792 4009.5928693097017 16.780734522796322
793 4015.0081254877696 16.792099076671512
794 4019.895439808854 16.80235009345484
795 4024.677165758542 16.812373815809266
796 4029.846049070018 16.823201563877976
797 4034.8037556387 16.833580818995646
798 4039.902246702578 16.844247850749927
799 4045.1767183854504 16.85527560725821
800 4050.521582315921 16.866443045417004
801 4055.725661751195 16.877309503440234
802 4060.92974118647 16.888168969593245
803 4065.641074888559 16.897995169146473
804 4070.528389209643 16.908181983843424
805 4075.7676647687167 16.919094851783484
806 4080.6197829660027 16.92919579695549
807 4085.6126856584833 16.9395832356262
808 4090.570392227166 16.94989122465097
809 4095.4929026720483 16.960119908893056
810 4100.696982107323 16.970926385870893
811 4105.901061542597 16.98172598604945
812 4111.034748730274 16.99237292044179
813 4115.816474679963 17.002284614923095
814 4120.668592877249 17.012336166877834
815 4125.978260683919 17.023327804170975
816 4131.428712985786 17.03460323396778
817 4136.808773040055 17.04572585959977
818 4141.69608736114 17.05582444043378
819 4146.266636568034 17.065263748234884
820 4151.0835586415205 17.07520567930494
821 4156.182049705399 17.085721859447528
822 4161.5269136358675 17.096738772820537
823 4166.48462020455 17.106952066246542
824 4171.2311500304395 17.116725040792208
825 4176.400033341914 17.12736038210326
826 4181.639308900988 17.138133686703448
827 4186.7729960886645 17.14868351406066
828 4191.589918162152 17.158577110563797
829 4196.723605349828 17.169114376148247
830 4202.138861527897 17.180222022355945
831 4207.131764220378 17.190457777572327
832 4212.159863036658 17.200759460029968
833 4217.258354100535 17.211198925979733
834 4222.356845164413 17.221632063700625
835 4227.1737672379 17.231483776251814
836 4231.849904816192 17.241042462331958
837 4236.807611384873 17.25117032316142
838 4242.187671439142 17.26215340740107
839 4247.743712112406 17.27348808648317
840 4252.631026433491 17.28345358821974
841 4257.553536878373 17.29348497939836
842 4262.546439570855 17.303653735489778
843 4267.363361644341 17.31345877609316
844 4271.898714727437 17.322686186360873
845 4276.680440677125 17.33240898924973
846 4282.060500731394 17.34334062724214
847 4287.405364661864 17.354193997999726
848 4292.8206208399315 17.365183258359057
849 4297.60234678962 17.37488228034598
850 4302.524857234503 17.384860915532556
851 4307.764132793577 17.39547474653367
852 4313.038604476449 17.406153273955468
853 4318.066703292729 17.416327373925434
854 4322.74284087102 17.425784666764613
855 4327.876528058697 17.43616045047031
856 4332.9398229987755 17.446388055644054
857 4338.108706310251 17.456822555221123
858 4343.347981869325 17.46739265973477
859 4347.988923323817 17.47675143874855
860 4352.946629892498 17.48674278368019
861 4358.0803170801755 17.497082419211715
862 4363.108415896455 17.50720367688687
863 4368.594064322122 17.518238379720348
864 4374.185301119184 17.5294781404409
865 4379.213399935465 17.539580704096352
866 4384.03032200895 17.549253929134906
867 4389.09361694903 17.559415662340008
868 4394.156911889108 17.569571518292815
869 4399.009030086394 17.579298707980787
870 4403.544383169489 17.58838665097159
871 4408.642874233367 17.59859617844307
872 4414.198914906631 17.609714303904497
873 4419.438190465704 17.620192691058115
874 4424.571877653381 17.63045406312935
875 4429.529584222064 17.640358352451514
876 4434.557683038343 17.65039745167852
877 4439.832154721215 17.660921842909552
878 4445.141822527887 17.671510066057195
879 4450.5922748297535 17.68237217754466
880 4455.6907658936325 17.692527470461677
881 4460.437295719521 17.701977161274023
882 4465.817355773789 17.712680716373512
883 4470.880650713869 17.7227487454335
884 4475.803161158752 17.73253162665431
885 4480.90165222263 17.74265821003524
886 4485.753770419916 17.75229055885859
887 4491.415399464576 17.763521697629393
888 4496.443498280856 17.77349122995997
889 4501.225224230544 17.782967557777045
890 4506.499695913417 17.793413537039232
891 4511.562990853495 17.803435910903985
892 4516.344716803183 17.812896308381536
893 4521.020854381474 17.822143163768402
894 4526.119345445351 17.83221885850699
895 4531.4994054996205 17.842844284463595
896 4536.809073306293 17.853324615684787
897 4541.520407008382 17.862619892501254
898 4546.689290319858 17.87281138937965
899 4552.069350374127 17.883412697308696
900 4556.956664695212 17.893038505646036
901 4562.090351882888 17.90314349399647
902 4567.04805845157 17.912897010182913
903 4571.900176648855 17.922437865017937
904 4576.611510350946 17.93169731554696
905 4581.569216919628 17.941435309004284
906 4586.843688602501 17.951789077591286
907 4591.766199047384 17.961447210145863
908 4596.829493987462 17.971375874329468
909 4601.998377298938 17.981505730966706
910 4607.1320644866155 17.991561031630493
911 4612.652909036079 18.002367656334865
912 4618.0681652141475 18.012961486386285
913 4623.131460154226 18.02286177175007
914 4628.3707357133 18.03310009533827
915 4632.906088796396 18.041959454786213
916 4637.793403117481 18.051500719619398
917 4642.786305809962 18.06124270628885
918 4647.56803175965 18.070568135920887
919 4652.807307318723 18.080779445583605
920 4657.905798382601 18.09071109237207
921 4662.828308827484 18.100295097710553
922 4667.715623148569 18.109805628069967
923 4672.814114212446 18.11972136525035
924 4677.701428533531 18.12922170465627
925 4682.835115721207 18.13919512047534
926 4688.285568023074 18.14977733827942
927 4693.489647458349 18.159875894392542
928 4698.76411914122 18.17010519063881
929 4703.721825709903 18.179715480987902
930 4708.644336154786 18.189252589543145
931 4713.742827218665 18.199125040342945
932 4718.91171053014 18.209128199076275
933 4724.080593841617 18.219125865604866
934 4729.073496534097 18.228778268765154
935 4734.03120310278 18.238357642688023
936 4739.059301919059 18.24806775803702
937 4744.333773601931 18.2582476443127
938 4749.326676294413 18.267879376274166
939 4754.389971234492 18.277641583083895
940 4759.629246793565 18.287737269672174
941 4764.657345609846 18.297421180151872
942 4769.685444426124 18.307099968132146
943 4774.431974252014 18.316232592113753
944 4779.671249811087 18.326307019508576
945 4784.980917617759 18.33651102709265
946 4789.97382031024 18.346101670702225
947 4795.177899745514 18.35609221981523
948 4800.241194685594 18.365807537811556
949 4805.410077997069 18.375719960107496
950 4810.4029806895505 18.38529015048024
951 4815.5718640010255 18.395192074390064
952 4820.951924055294 18.405492500762538
953 4825.663257757384 18.414509056355296
954 4830.022630221485 18.42284880345456
955 4835.050729037765 18.432461730172143
956 4840.501181339632 18.44287567720136
957 4845.599672403509 18.452612435981546
958 4850.5925750959905 18.462142767771933
959 4855.831850655064 18.472137618112114
960 4861.176714585534 18.482328137714003
961 4866.380794020808 18.492245089787044
962 4871.303304465692 18.501621098089863
963 4876.049834291582 18.51065775121214
964 4881.394698222051 18.52082707629905
965 4886.352404790734 18.530255473710117
966 4891.028542369025 18.539144531980646
967 4896.303014051898 18.549164674367635
968 4901.295916744379 18.55864542421835
969 4906.28881943686 18.56812133326669
970 4911.140937634145 18.57732568414847
971 4916.34501706942 18.587191951597763
972 4921.373115885701 18.596719927042358
973 4926.3308224543825 18.606109866805742
974 4931.640490261054 18.61616050771606
975 4936.703785201133 18.62574017274539
976 4942.048649131602 18.635846699044386
977 4946.759982833693 18.644751856252974
978 4951.541708783381 18.653785579359912
979 4956.780984342455 18.663677800626946
980 4961.773887034935 18.673100409698108
981 4966.801985851216 18.682584572536566
982 4971.900476915093 18.692196467451776
983 4977.034164102771 18.70186966000761
984 4981.9918706714525 18.711206832021947
985 4987.231146230525 18.721068711897406
986 4992.505617913398 18.73099153421207
987 4997.709697348672 18.74077690292861
988 5002.702600041154 18.75016076705464
989 5007.55471823844 18.759275799411984
990 5012.618013178519 18.76878241794013
991 5017.5053274996035 18.777954380449657
992 5022.674210811078 18.78764935404655
993 5028.230251484342 18.7980642265057
994 5033.36393867202 18.807682969093506
995 5038.497625859695 18.817296794917866
996 5043.631313047373 18.82690571151092
997 5048.483431244658 18.835983605804383
998 5053.511530060938 18.845385795930127
999 5058.821197867609 18.855308893540993
1000 5063.81410056009 18.864635785932865
1001 5068.701414881175 18.87376116724403
1002 5074.046278811645 18.883734953812255
1003 5079.179965999321 18.893310080764756
1004 5083.750515206216 18.901831796464823
1005 5088.673025651098 18.91100473423819
1006 5093.947497333971 18.920827946935077
1007 5099.397949635838 18.9309732451336
1008 5105.129970928096 18.94163630979374
1009 5110.474834858566 18.9515743752375
1010 5115.3973453034505 18.960723248248982
1011 5120.179071253138 18.96960649977159
1012 5125.2775623170155 18.979073033844724
1013 5130.5520339998875 18.988861033857507
1014 5135.544936692369 18.99812236059671
1015 5140.467447137253 19.007248828400588
1016 5145.389957582136 19.016370916167634
1017 5150.488448646013 19.025814182029155
1018 5155.551743586093 19.035187685512227
1019 5160.544646278574 19.044426483560194
1020 5165.819117961446 19.054180911990656
1021 5170.776824530129 19.063345523744275
1022 5176.262472955794 19.073479963089234
