1 14.627859237536656 0.6632795829322103
2 19.409259470159935 0.6632795829322103
3 24.788953092731354 0.9049590935016312
4 30.09825925766182 1.0922489288137134
5 34.527722202080305 1.2268392546147366
6 39.30912243470358 1.3572152967743805
7 45.18152826076172 1.5019072131550077
8 50.666803069794575 1.6254747072757993
9 55.5537844888793 1.728148842090232
10 60.51115336560497 1.8264126617595022
11 64.90542258120298 1.9093016650356196
12 70.10914755967201 2.0030122362086216
13 75.52403491106391 2.0960788084598847
14 80.51659751661006 2.178372869595288
15 86.0370660544634 2.265883559045277
16 91.3111784905734 2.346445794736909
17 96.26854736729908 2.4197298729932943
18 101.19072251520427 2.490361470103725
19 106.42964122249377 2.563396695630124
20 111.42220382803993 2.631114708043273
21 116.30918524712465 2.695754996899032
22 121.09058547974792 2.7575340085737525
23 125.41446723770495 2.812239152582872
24 130.9349357755583 2.8805570633964037
25 136.5961792286936 2.948972317271241
26 141.41277319013733 3.0059630287585737
27 146.01820477865823 3.059465075779629
28 151.08115484184535 3.1172171775194952
29 156.03852371857099 3.172747661324523
30 160.67914903591236 3.2238668922876825
31 166.44597367550907 3.286271148737969
32 171.79047356926003 3.343069251706815
33 176.50148634424232 3.3923526397839496
34 181.7052113227114 3.4459659898122625
35 187.22567986056467 3.501942539092509
36 192.21824246611084 3.5518113033802754
37 196.9644489699137 3.5985809901762718
38 201.56988055843456 3.643390997753311
39 207.3367051980313 3.6987238726821445
40 213.06833610880747 3.752911058510601
41 217.70896142614885 3.7962259455727296
42 222.59594284523357 3.841309910208239
43 227.095793247293 3.8823630760950376
44 232.72184297160777 3.9330769875605975
45 237.85518049243584 3.9787894347626973
46 242.46061208095674 4.019362907953336
47 247.7699182458872 4.065628481233191
48 252.72728712261286 4.1083597381475885
49 258.2829493892867 4.155720981886487
50 263.2755119948328 4.197830257050158
51 267.88094358335377 4.236306373087011
52 272.9790873753613 4.278491003340028
53 277.5845189638822 4.316248149181578
54 282.2955317388645 4.354531260222501
55 287.2880943444107 4.394735997072994
56 292.9493377975459 4.439879865099771
57 298.99771226770645 4.4876063906196055
58 303.81430622915025 4.525261000137035
59 308.17338171592775 4.559074419148804
60 313.2011380502944 4.597760187759665
61 317.98253828291763 4.634252641935106
62 322.9399071596433 4.6717857763279484
63 328.88270044334246 4.7163787643935
64 333.98084423535 4.754305651535868
65 338.6214695526913 4.788571002394589
66 343.2269011412123 4.822336058864639
67 348.5714010349632 4.86121991102091
68 354.3734194033803 4.903080311828641
69 358.69730116133746 4.934054295112778
70 363.2323452922173 4.9663316655837155
71 368.9287824741731 5.00657129602938
72 374.41405728320586 5.045017233795303
73 378.9842951429063 5.0768331183767375
74 383.58972673142716 5.108693309594802
75 388.5470956081528 5.142765026920472
76 393.7860143154423 5.1785262854895855
77 398.743383192168 5.212141525335261
78 403.6655583400732 5.245305222162504
79 409.221220606747 5.282482751027654
80 414.31936439875466 5.316372597355139
81 419.4878956484032 5.350510776281618
82 424.33968333866744 5.382361820468186
83 429.33224594421364 5.4149405125216115
84 434.78232702442597 5.450279470276505
85 439.0710150535626 5.477934314127924
86 443.78202782854487 5.508149304516149
87 448.7393967052705 5.5397647559674725
88 454.2246715143034 5.574534626184113
89 459.7803337809772 5.609530589967855
90 464.3857653694981 5.6383815283676
91 468.6744533986347 5.665118207523967
92 473.91337210592417 5.697601835211883
93 479.3634531861366 5.7311981489545065
94 484.3912095205032 5.762019733339199
95 489.6301282277927 5.7939601115973
96 494.90424066390267 5.8259379793529735
97 500.03757818473076 5.856895433193931
98 504.46704112914927 5.883481193097916
99 510.1282845822845 5.917278063610503
100 515.6135593913175 5.949842218845165
101 519.5855038610697 5.973319487610367
102 524.4724852801544 6.002072650134305
103 530.3448911062126 6.036436698302976
104 535.7597784576044 6.067953227035626
105 540.6467598766891 6.096260063507505
106 545.0762228211078 6.121806399755343
107 549.5408794943467 6.1474480581255
108 554.9557668457385 6.178398334538178
109 560.0187169089256 6.207199236542314
110 564.5185673109851 6.2326883116752745
111 569.7926797470951 6.262426299365159
112 575.4891169290507 6.2943855208134645
113 580.6224544498789 6.323049885990676
114 585.5094358689635 6.350219701486804
115 590.9947106779964 6.380574660970395
116 596.3392105717473 6.4100130236137165
117 600.627898600884 6.433543736439512
118 605.4092988335073 6.459673661557122
119 610.5778300831558 6.487798685764833
120 615.6407801463429 6.515232011902512
121 621.0908612265553 6.544632435736096
122 625.7666802727172 6.569755013144247
123 630.6536616918019 6.595908681080905
124 635.9629678567323 6.624203204215723
125 640.8147555469965 6.649956487832815
126 645.5961557796198 6.675239328683613
127 651.2222055039347 6.7048617905708605
128 656.601899126506 6.733066373238397
129 661.4184930879496 6.758221569959434
130 666.4462494223163 6.78437896741299
131 671.8259430448877 6.812254335332197
132 677.557573955664 6.841826675383897
133 682.4093616459282 6.866763826965548
134 687.2259556073719 6.891431016672361
135 692.8520053316868 6.920128105245341
136 698.1261177677968 6.946923963704606
137 703.0834866445226 6.972018168945842
138 707.9000806059663 6.996314268980648
139 712.1183811774617 7.017526416190516
140 716.9701688677261 7.0418413927934775
141 722.1387001173747 7.067650116867465
142 727.0256815364594 7.0919678912753925
143 733.003668548979 7.1215961748262275
144 738.4889433580119 7.148676438639942
145 743.2351498618146 7.172028752898583
146 748.016550094438 7.19547741553948
147 753.2554688017274 7.221080085757874
148 759.0222934413241 7.249155670060336
149 763.4869501145631 7.270822646718419
150 768.092381703084 7.293104605014607
151 773.5072690544758 7.319211920183649
152 778.8869626770474 7.345057813818416
153 784.3722374860804 7.371317184560795
154 789.3999938204469 7.395306364188846
155 793.6886818495834 7.415711312206987
156 798.8220193704115 7.4400567902466435
157 804.0609380777009 7.464820654877481
158 808.7719508526834 7.487021558699229
159 814.53877549228 7.514103548944875
160 819.9536628436719 7.539445635929682
161 825.1925815509613 7.563884112314873
162 830.009175512405 7.586284918638416
163 834.7201882873875 7.608131391984648
164 839.6071697064721 7.630726942705178
165 843.9662451932496 7.6508278058065375
166 849.0291952564368 7.674104670644637
167 855.1479571842383 7.702137027527787
168 860.703619450912 7.727503602850925
169 865.5554071411764 7.749591288022995
170 870.2312261873382 7.770819284042507
171 874.5903016741157 7.790558695319783
172 879.8996078390462 7.814528875550086
173 884.9273641734129 7.837161522618816
174 889.5679894907543 7.857995339039421
175 894.7013270115823 7.880974655743147
176 900.2569892782562 7.905767430536094
177 905.4255205279047 7.928764508983878
178 910.1013395740667 7.949514063939213
179 915.5514206542791 7.9736277441787475
180 921.0015017344915 7.997668719864983
181 925.2549960348075 8.01638608110867
182 930.0363962674309 8.037371747438808
183 935.0993463306179 8.059532305812473
184 940.5142336820098 8.08316456230529
185 946.5626081521704 8.109477618313008
186 951.2384271983323 8.129765953320222
187 955.914246244494 8.150003783410753
188 961.5754896976295 8.174435173280097
189 966.3568899302526 8.195016120014257
190 970.7863528746713 8.214037742880324
191 975.9548841243197 8.236174112696961
192 981.545740119814 8.260050747605344
193 986.7846588271036 8.282363232822252
194 991.6012527885475 8.30282582755035
195 996.910558953478 8.325321224086226
196 1002.184671389588 8.347607624266214
197 1006.4733594187244 8.365690114658207
198 1011.1491784648864 8.385358567666325
199 1017.0919717485855 8.410284455216534
200 1022.401277913516 8.432493188804854
201 1026.865934586755 8.451126872228684
202 1031.1546226158912 8.468988337238894
203 1035.9008291196942 8.48870926963143
204 1041.3509101999066 8.511295472153241
205 1046.4138602630937 8.532225207775731
206 1051.3008416821785 8.552379633331771
207 1057.032472592955 8.575953621572966
208 1062.2361975714239 8.597302233239455
209 1067.1231789905087 8.617304455924055
210 1072.150935324875 8.6378339455502
211 1077.2138853880624 8.658457810303558
212 1082.7695476547362 8.681030399328536
213 1087.2693980567956 8.699274108937383
214 1091.6284735435731 8.71691129141533
215 1096.5506486914783 8.73678144718781
216 1102.3526670598956 8.760141983829978
217 1108.2602666147743 8.783863426140337
218 1112.6545358303722 8.801471827266065
219 1117.0488050459703 8.819045070937703
220 1122.2877237532598 8.839946737996833
221 1127.1395114435238 8.859261342231006
222 1131.8857179473268 8.878115404633288
223 1137.4061864851801 8.89999174618436
224 1143.0674299383156 8.92236974209761
225 1148.5527047473483 8.943999360563776
226 1153.2637175223308 8.962536971901807
227 1158.185892670236 8.98186375794177
228 1163.6007800216278 9.00307530342277
229 1168.1358241525077 9.02080502752164
230 1172.389318452824 9.037403620135914
231 1178.6136615670866 9.06162943842553
232 1184.556454850786 9.084700016437639
233 1188.9859177952044 9.101862513949053
234 1193.2042183667 9.1181777167601
235 1197.9152311416824 9.136361928325847
236 1203.7876369677406 9.158973807173526
237 1208.745005844466 9.178021899685591
238 1213.3152437041665 9.19554901099785
239 1218.2374188520716 9.21438707713023
240 1223.6171124746434 9.2349304471101
241 1229.4543245718808 9.25716776778909
242 1234.4820809062473 9.27628127353866
243 1239.5098372406142 9.295355477366897
244 1244.7487559479036 9.315188447798844
245 1249.2134126211424 9.332059785988866
246 1253.713263023202 9.349033162719696
247 1258.670631899928 9.367694800122935
248 1264.1559067089606 9.38829849415306
249 1270.0635062638394 9.41043663851693
250 1274.9152939541036 9.428582657370605
251 1279.1687882544197 9.44446461031835
252 1284.2317383176066 9.463330711618564
253 1289.3298821096143 9.482289899410747
254 1294.0760886134171 9.499907543997741
255 1299.7373320665527 9.520875594033063
256 1305.3281880620475 9.541537948119814
257 1309.7576510064662 9.557880165056444
258 1314.3630825949865 9.574841307783187
259 1319.7779699463786 9.594742019570113
260 1325.5096008571547 9.61576089286993
261 1330.1150324456755 9.632620119598746
262 1334.4389142036325 9.64842295980943
263 1340.4169012161524 9.670221771903483
264 1345.7614011099033 9.689670947791578
265 1350.577995071347 9.707167407576087
266 1355.289007846329 9.724250279052315
267 1359.4721146890045 9.739395768944904
268 1364.851808311576 9.758834003092709
269 1369.7387897306605 9.776460069797396
270 1374.309027590361 9.792916170319145
271 1380.2166271452397 9.814141645152848
272 1385.9482580560157 9.834691624950208
273 1390.940820661562 9.85255912672337
274 1395.3702836059801 9.868386300695212
275 1400.398039940347 9.886318190537857
276 1405.88331474938 9.90584323072125
277 1410.207196507337 9.921210881465287
278 1414.9534030111397 9.938050460857168
279 1420.3682903625318 9.957225281945593
280 1426.3110836462306 9.978225374521182
281 1432.183489472289 9.99893362013505
282 1436.4721775014257 10.014034730599333
283 1440.5848968864595 10.02849558238669
284 1445.8590093225691 10.047004688484833
285 1450.816378199295 10.0643722109754
286 1455.9145219913025 10.082201226917551
287 1461.822121546181 10.102818947812686
288 1467.0610402534705 10.121069758660559
289 1472.0184091301962 10.13831040412015
290 1476.7998093628194 10.154911947201985
291 1481.9683406124682 10.172825793683026
292 1487.3480342350394 10.19143737577773
293 1491.5311410777144 10.205889585866197
294 1495.7142479203897 10.220321359594573
295 1501.7626223905504 10.241144789231164
296 1507.810996860711 10.261925964194448
297 1512.8387531950773 10.279171351787989
298 1517.268216139496 10.294342646016203
299 1521.486516710992 10.308770739771902
300 1526.7606291471018 10.32677750944912
301 1531.542029379725 10.343076550756015
302 1536.4642045276305 10.359828190096586
303 1541.562348319638 10.37714959453336
304 1546.6604921116457 10.394442134445109
305 1552.3569292936013 10.41372811321544
306 1557.1383295262244 10.42989127561301
307 1561.9549234876683 10.446147999302882
308 1567.2290359237782 10.463918366836893
309 1571.9400486987604 10.479767745459247
310 1576.6510614737426 10.495593189987385
311 1581.3620742487249 10.511394808523328
312 1586.7417678712961 10.529407959445189
313 1592.3678175956113 10.548212337257926
314 1596.8676679976707 10.563231737505452
315 1601.437905857371 10.578463988821708
316 1606.993568124045 10.596947555973708
317 1612.4436492042573 10.61504889550806
318 1617.0490807927783 10.630323413409338
319 1622.3935806865293 10.648019056724058
320 1627.5973056649982 10.665220813590894
321 1632.2379309823398 10.68053954720457
322 1636.8785562996811 10.695836341125888
323 1642.1878624646117 10.713308163108753
324 1647.743524731285 10.731559483085023
325 1651.9618253027807 10.74540053188254
326 1656.3912882471993 10.759914471070415
327 1662.615631361462 10.780270094521981
328 1668.4176497298793 10.799211120807874
329 1672.9175001319386 10.813881914471905
330 1677.55812544928 10.828990353532086
331 1681.7764260207755 10.842707029542044
332 1686.7689886263213 10.858916047018443
333 1692.007907333611 10.875898127675931
334 1696.8948887526956 10.89171659932489
335 1702.7672945787538 10.910691196947058
336 1708.146988201325 10.928046190921533
337 1712.893194705128 10.943336564272922
338 1717.428238836008 10.957927431061561
339 1722.8079324585792 10.975207731072244
340 1728.3284009964327 10.992911565383888
341 1732.757863940851 11.007099141850217
342 1737.4688767158332 11.02216747874307
343 1742.0039208467133 11.036654128626122
344 1747.4540019269252 11.054035457917156
345 1753.291214024163 11.072620043283425
346 1758.0022267991453 11.087599335918638
347 1762.4316897435638 11.101665905080747
348 1767.8817708237762 11.118945607295776
349 1773.0151083446042 11.135197447468212
350 1777.1982151872794 11.14842628574076
351 1782.014809148723 11.163636712596247
352 1787.8168275171404 11.181928374469331
353 1793.5132646990958 11.19985839648913
354 1798.224277474078 11.214667739721477
355 1803.568777367829 11.231442759994355
356 1808.7725023462979 11.247752292850484
357 1812.814834273691 11.260408931625435
358 1817.4554595910326 11.274919038475545
359 1823.9613525358593 11.295223804203498
360 1829.4466273448922 11.312317337049546
361 1834.0168652045925 11.326542241861237
362 1838.6574905219336 11.340967735313214
363 1842.91098482225 11.354175004028313
364 1848.3610659024623 11.371070994944631
365 1853.5295971521107 11.3870717722015
366 1858.1702224694523 11.40142068174035
367 1863.3035599902805 11.417270441664993
368 1868.6480598840315 11.433748217308143
369 1874.1333346930644 11.450634962475375
370 1878.9851223833286 11.465552504924974
371 1884.3648160059001 11.482068864057899
372 1890.1668343743177 11.499854039069513
373 1894.4907161322744 11.513094204547384
374 1898.7442104325905 11.526104242608108
375 1903.2088671058295 11.539743629853055
376 1908.8349168301445 11.556904195249988
377 1914.7073226562025 11.574788399504996
378 1919.2071730582622 11.588477368562168
379 1923.8477983756036 11.602577202433343
380 1929.0867170828928 11.618472365410877
381 1934.14966714608 11.633813497203898
382 1938.9662611075237 11.648390124388643
383 1943.9236299842494 11.663373323381725
384 1949.1625486915389 11.679185744218762
385 1954.8589858734945 11.696353516272005
386 1960.0275171231433 11.711909901924862
387 1965.1608546439709 11.727340036295788
388 1970.2941921647991 11.742749895276091
389 1974.6180739227561 11.755716496491647
390 1979.223505511277 11.76951074452705
391 1985.4830423543606 11.788228206508759
392 1991.1442858074959 11.80513248469825
393 1995.5737487519145 11.818345054001716
394 2000.214374069256 11.832170968685132
395 2004.7846119289566 11.8457716276632
396 2010.1994992803484 11.86186299902438
397 2015.1216744282535 11.876472599267204
398 2019.8678809320563 11.890543427833013
399 2025.8106742157554 11.908134586009039
400 2031.0495929230449 11.923622422984337
401 2036.1125429862318 11.938571441667644
402 2040.823555761214 11.952465539742997
403 2045.7809246379397 11.967068031450369
404 2051.125424531691 11.982789793200974
405 2055.343725103186 11.995187154839684
406 2060.16031906463 12.009325163466189
407 2064.976913026074 12.02344654764571
408 2070.532575292748 12.039711957740229
409 2076.545756034088 12.057290936560664
410 2081.010412707327 12.070330101539621
411 2085.580650567027 12.083662705599192
412 2090.5732131725736 12.098209221632885
413 2095.1786447610943 12.111613401609828
414 2100.0304324513586 12.125717809242579
415 2105.9732257350574 12.142968282043089
416 2111.5640817305516 12.159175672596417
417 2116.5214506072775 12.173530212213636
418 2121.6195943992852 12.188274340803217
419 2126.999288021857 12.203812624031011
420 2132.027044356223 12.218317467935977
421 2135.998988825975 12.229767169459231
422 2140.674807872137 12.243229648790708
423 2146.969538444041 12.261324990118949
424 2152.454813253074 12.277073481102155
425 2157.1658260280565 12.290584919820674
426 2161.806451345398 12.30388018830124
427 2166.3063017474574 12.316758864101946
428 2171.82677028531 12.332537000171405
429 2176.9953015349593 12.347291882586797
430 2181.319183292916 12.359624269235413
431 2185.9246148814373 12.372745244945637
432 2191.4098896904698 12.38835209555295
433 2197.071133143605 12.404438575604313
434 2201.99330829151 12.418409880876915
435 2207.2322269988 12.433262095558497
436 2212.6823080790123 12.448693581529804
437 2216.935802379328 12.460726814095052
438 2221.7875900695926 12.474436497687392
439 2226.7097652174975 12.488329493105006
440 2232.1598462977104 12.503693017597882
441 2238.278608225511 12.520917353498136
442 2242.6024899834692 12.533078896105696
443 2246.715209368503 12.544636251255344
444 2252.1652904487155 12.559930900537609
445 2257.5801778001073 12.575108451983729
446 2262.396771761551 12.588595179025495
447 2267.3541406382765 12.602460607833754
448 2272.8394154473094 12.617783328266016
449 2278.1487216122396 12.632597234165713
450 2282.859734387222 12.64572881614946
451 2288.1690405521526 12.660510023422288
452 2293.513540445904 12.675371710993577
453 2297.9078096615017 12.687580448963807
454 2302.7244036229454 12.700947746178626
455 2308.737584364285 12.717612761626093
456 2314.258052902139 12.732894183917407
457 2319.2154217788643 12.74660264892004
458 2323.5041098080005 12.758451988201314
459 2328.00396021006 12.770872263224629
460 2333.5948162055543 12.786283772150382
461 2338.411410166998 12.799547988276284
462 2343.0872292131603 12.81241179161958
463 2349.135603683321 12.829028560987929
464 2354.7968471364557 12.844563151434667
465 2359.6134410979 12.857767246043323
466 2364.3596476017024 12.870765329282586
467 2369.246629020787 12.884134839324181
468 2374.6263226433584 12.89883489752713
469 2379.1613667742386 12.91121605965613
470 2383.4148610745547 12.922818616223337
471 2388.548198595382 12.936804542231787
472 2394.490991879082 12.952974873488747
473 2400.2578165186783 12.9686475161086
474 2404.581698276635 12.98038957966782
475 2408.9759674922334 12.992311698732495
476 2414.531629758907 13.00736562176526
477 2419.6297735509147 13.021165615922587
478 2424.3055925970766 13.033810694157317
479 2429.333348931443 13.047392858189731
480 2434.959398655758 13.062572944538646
481 2440.479867193611 13.07745127597713
482 2445.050105053312 13.089758114576112
483 2450.253830031781 13.103754907216667
484 2456.0558484001976 13.119341835219492
485 2460.520505073437 13.131326445588268
486 2464.6684181872915 13.142451958367669
487 2470.57601774217 13.15827544134213
488 2476.0964862800233 13.173045681784844
489 2481.0186614279282 13.186202642455914
490 2485.6592867452696 13.198595764120507
491 2490.1943308761497 13.210695991132278
492 2495.609218227542 13.225126726160001
493 2500.531393375447 13.238231925620303
494 2505.2775998792495 13.250856807186121
495 2510.2701624847955 13.264123345033587
496 2515.8258247514696 13.278869125551486
497 2521.3462932893226 13.293505376599782
498 2526.0924997931256 13.306077814507379
499 2531.68335578862 13.320870134645164
500 2537.309405512935 13.335738925141497
501 2541.175768796226 13.345951609389186
502 2545.6756191982854 13.357825631011954
503 2551.1960877361385 13.372375463345424
504 2556.681362545171 13.386816958476315
505 2562.377799727127 13.401797424576856
506 2566.983231315648 13.413899024111025
507 2571.2367256159637 13.425067146116353
508 2576.7220004249966 13.439452021001413
509 2582.207275234029 13.453821515534734
510 2586.9182880090116 13.466152300594512
511 2591.9812380721983 13.47939071934315
512 2597.6776752541537 13.494268416418876
513 2602.7054315885207 13.507387581585524
514 2606.994119617657 13.518570091727655
515 2612.1626508673057 13.532031824458237
516 2617.859088049261 13.546851709079725
517 2622.534907095423 13.559006543314348
518 2627.1403386839443 13.570967955945262
519 2632.9775507811814 13.58611003854029
520 2638.251663217292 13.599778143183515
521 2643.3498070092996 13.612977599438558
522 2648.201594699564 13.625527964895301
523 2652.279120355777 13.636068611786428
524 2657.6236202495284 13.649868173137316
525 2662.686570312715 13.662928585260717
526 2667.432776816518 13.67516139334277
527 2673.8330885748833 13.691635731553404
528 2679.5999132144793 13.706463779158678
529 2683.747826328335 13.717122824659155
530 2688.4588391033167 13.729217129819409
531 2693.7681452682473 13.742833032504983
532 2699.147838890819 13.756615532720492
533 2703.5421081064173 13.76786550457837
534 2707.9011835931947 13.779016401475644
535 2713.3864584022276 13.79303214449967
536 2719.1884767706447 13.807841006476597
537 2724.955301410241 13.822544396165837
538 2729.1736019817376 13.833293072712838
539 2733.3567088244126 13.843943935528559
540 2739.017952277547 13.858340897185608
541 2744.292064713658 13.871740769892362
542 2749.1438524039218 13.884057230738494
543 2754.945870772339 13.8987691076353
544 2760.3607581237306 13.912486156695017
545 2764.8606085257898 13.92387705664599
546 2769.3252651990283 13.93516976286468
547 2774.2826340757542 13.947696623832758
548 2779.9086838000694 13.961897888393553
549 2784.056596913924 13.972362073154441
550 2788.274897485419 13.982995585886242
551 2794.8511778878874 13.9995500431969
552 2800.4068401545605 14.013521989608243
553 2805.0474654719023 14.025184083283264
554 2809.5473158739615 14.036483526807714
555 2813.765616445457 14.047068500222165
556 2818.758179051003 14.059583757624122
557 2823.9619040294724 14.07261598310498
558 2829.341597652044 14.08607581137196
559 2834.4397414440514 14.098819998238229
560 2839.5730789648796 14.111640447475365
561 2844.9527725874514 14.125063089225453
562 2849.804560277715 14.137158854378313
563 2854.7971228832607 14.149594427461212
564 2860.5287537940376 14.163855604615
565 2865.098991653738 14.175219265003944
566 2869.0357423946693 14.185002195479415
567 2874.098692457856 14.1975703438181
568 2879.795129639813 14.211696225198066
569 2885.350791906486 14.225459807632527
570 2889.9914172238277 14.236948295028569
571 2894.4560738970663 14.247992868701974
572 2900.0469298925605 14.261808269814116
573 2905.180267413389 14.274482333907557
574 2909.6097303578067 14.285411185373974
575 2915.622911099147 14.300229838667727
576 2921.3897357387436 14.31442746890569
577 2926.1711359713668 14.326190441554811
578 2930.706180102247 14.337339048552739
579 2935.557967792511 14.349255875915068
580 2941.2544049744674 14.36323257912817
581 2945.824642834167 14.374438623636197
582 2950.148524592125 14.385033228587389
583 2956.1265116046443 14.399663346550215
584 2961.3302365831128 14.412388062506347
585 2965.9356681716345 14.423641789920019
586 2970.7874558618983 14.435487372557084
587 2974.9705627045737 14.445694242152157
588 2980.420643784785 14.458978099703923
589 2985.553981305614 14.471479484275898
590 2990.3001878094165 14.48302938172316
591 2996.031818720193 14.496962550775894
592 3001.481899800405 14.510199473079908
593 3006.298493761849 14.52188915915556
594 3010.9743128080104 14.533228545806494
595 3016.494781345864 14.546602761772512
596 3021.9096686972557 14.559709484109936
597 3026.268744184034 14.570254380128597
598 3030.874175772554 14.581386268846607
599 3035.7259634628176 14.593103806957458
600 3041.281625729492 14.606507996844961
601 3047.2948064708316 14.621001216244077
602 3051.9354317881734 14.63217914673543
603 3056.083344902028 14.642164315413055
604 3061.5686197110604 14.655354604601753
605 3066.455601130146 14.667097496882137
606 3070.814676616923 14.67756524165442
607 3076.3351451547765 14.690808056985322
608 3082.137163523193 14.70471281216061
609 3087.3408885016624 14.717173779581936
610 3091.946320090183 14.728194623852103
611 3097.361207441575 14.741139889131336
612 3102.494544962403 14.753402184141784
613 3106.8536204491807 14.763808737822885
614 3111.635020681804 14.77521394945434
615 3117.824170067246 14.789960579431845
616 3123.2390574186384 14.80285182976649
617 3127.6685203630564 14.813390872051883
618 3132.133177036296 14.824005975425656
619 3136.4922525230727 14.83436299944933
620 3142.153495976208 14.847799646142205
621 3147.2516397682152 14.859890575336834
622 3151.857071356737 14.870805651700124
623 3156.884827691103 14.882711443666679
624 3162.1941338560337 14.895272964166534
625 3167.8201835803484 14.908571635555267
626 3172.7423587282537 14.920198249554332
627 3177.875696249082 14.932313504012185
628 3182.9386463122687 14.9442531751845
629 3187.4384967143283 14.954858213716845
630 3191.867959658747 14.96529020856405
631 3196.3326163319857 14.975797643458213
632 3202.0994409715827 14.989355402473034
633 3207.8310718823586 15.002818352176028
634 3212.3661160132388 15.013464521350446
635 3217.0419350593997 15.024432906026554
636 3222.3160474955102 15.036793664614155
637 3227.062253999313 15.047909666136972
638 3232.09001033368 15.059675444876934
639 3238.490322092045 15.074636790868515
640 3243.975596901077 15.087448993241797
641 3248.581028489599 15.098199559660243
642 3252.869716518735 15.108204658036223
643 3258.0030540395637 15.120169270388741
644 3263.8754598656215 15.133843222405096
645 3268.5160851829623 15.144642640124758
646 3272.804773212099 15.154617076748183
647 3278.993922597542 15.168994872168215
648 3284.584778593036 15.181972196332781
649 3288.803079164532 15.191759062788321
650 3293.584479397155 15.202843228388096
651 3298.4010733585983 15.214000730550039
652 3303.7807669811696 15.22645163473597
653 3308.7381358578955 15.23791698939101
654 3313.6603110058004 15.249292500607767
655 3319.462329374217 15.26268846861613
656 3324.98279791207 15.27542402796697
657 3329.8697793311553 15.286690604267985
658 3334.5104046484967 15.297382117452763
659 3339.6437421693245 15.30919888248448
660 3345.0234357918953 15.321572425154038
661 3349.3121238210324 15.331431753917286
662 3353.8823616807326 15.341930623216184
663 3359.0508929303815 15.353793772901069
664 3364.5009740105934 15.366292616332194
665 3370.338186107832 15.379667209948902
666 3375.365942442198 15.391179378903624
667 3379.7954053866156 15.401315836893845
668 3384.963936636265 15.413133279153666
669 3389.9213055129903 15.424459869686581
670 3394.667512016793 15.435296689069828
671 3400.821467673415 15.44933310442594
672 3406.4827111265504 15.462235352757387
673 3410.9825615286104 15.472485363781171
674 3415.4472182018494 15.482648590072953
675 3420.5805557226768 15.49432406204893
676 3426.3825740910943 15.5075083640385
677 3430.706455849051 15.517329374077331
678 3434.9599501493676 15.526984631675568
679 3441.0083246195277 15.540699136554341
680 3446.4935994285606 15.553127415409646
681 3451.380580847646 15.564192969646438
682 3455.810043792064 15.574216822381812
683 3460.06353809238 15.583836834337255
684 3465.724781545515 15.596627815389962
685 3470.8933127951636 15.60829738264212
686 3475.745100485428 15.619244552292557
687 3481.019212921538 15.631134953956723
688 3486.328519086468 15.6430954964288
689 3491.884181353142 15.655600718326028
690 3496.489612941663 15.66596140271328
691 3501.5877567336706 15.677421352068912
692 3506.967450356242 15.689504498424505
693 3511.115363470097 15.698817174025534
694 3515.6856013297975 15.709070509932609
695 3520.854132579446 15.720656610308346
696 3526.550569761401 15.733415083473686
697 3531.9302633839725 15.74545525999975
698 3535.9374015825456 15.754420389645055
699 3540.2964770693234 15.764166145205385
700 3546.274464081843 15.777517477729441
701 3551.689351433235 15.789602468489544
702 3556.4003642082166 15.800110459230112
703 3561.604089186686 15.811708183942887
704 3566.9133953516166 15.823532237011742
705 3572.293088974188 15.835503895093659
706 3577.0392954779904 15.846059611763568
707 3582.1726329988187 15.857467515201316
708 3587.446745434928 15.869179423024743
709 3592.0169832946285 15.879322755794945
710 3596.9039647137133 15.890161156487107
711 3602.7411768109505 15.903095179780687
712 3608.296839077625 15.915396113148525
713 3613.2190142255304 15.926287735437416
714 3617.6132834411283 15.936006107836953
715 3621.831584012624 15.945330172831358
716 3627.035308991093 15.956822349418436
717 3631.9222904101775 15.967608145471386
718 3637.020434202185 15.978851756816827
719 3643.139196129986 15.9923336558844
720 3648.624470939019 16.00441122029171
721 3653.617033544565 16.01539698215169
722 3657.940915302522 16.02490673104816
723 3662.827896721607 16.03564673267708
724 3668.559527632383 16.048231966854154
725 3672.8130219326986 16.057568001121634
726 3677.3480660635787 16.0675153193051
727 3682.5165973132275 16.078843133425405
728 3688.2482282240035 16.091394583318245
729 3694.0150528635995 16.104013163180248
730 3698.409322079198 16.113624347022455
731 3702.838785023616 16.123306622126986
732 3708.112897459726 16.13482556446182
733 3713.351816167015 16.146259578088078
734 3717.9220540267156 16.156228953117623
735 3723.1609727340056 16.16764782993947
736 3729.138959746525 16.180666236572733
737 3734.659428284379 16.192679821559118
738 3739.124084957617 16.2023912998913
739 3744.2222287496247 16.213472096185853
740 3749.7075035586577 16.225385054317307
741 3754.0665790454345 16.23484809294005
742 3758.8479792780577 16.24522057117028
743 3764.685191375296 16.257872127803385
744 3770.170466184329 16.26975257559476
745 3774.9518664169523 16.280102815283666
746 3779.381329361371 16.289686139099672
747 3783.5996299328667 16.298807875484805
748 3788.9441298266174 16.310354751526575
749 3794.0070798898046 16.321286361759384
750 3798.682898935966 16.331376418305894
751 3803.957011372075 16.342748706410582
752 3809.195930079365 16.354037350094163
753 3814.3292676001934 16.365091152339346
754 3818.758730544612 16.37462473641898
755 3824.1032304383625 16.386118186355926
756 3829.834861349139 16.39843444795773
757 3834.4050992088396 16.408250606524817
758 3838.97533706854 16.418060896131347
759 3843.756737301163 16.428317698237148
760 3849.2068183813753 16.439999633338854
761 3854.9384492921513 16.452275559050307
762 3859.5438808806725 16.462134852156204
763 3863.5510190792447 16.470709892399473
764 3869.036293888278 16.482436928641718
765 3874.6623436125924 16.494455997155676
766 3879.373356387575 16.50451523229466
767 3883.978787976096 16.5143433376171
768 3889.2880941410267 16.525664665431208
769 3894.9141438653414 16.537652317355516
770 3899.660350369144 16.547760143831322
771 3904.8640753476134 16.558834226722183
772 3910.0326065972613 16.56982615845028
773 3914.0749385246545 16.578420207829506
774 3918.7507575708173 16.588353860501492
775 3925.327037973285 16.602310672261105
776 3930.9178939687795 16.61416847141713
777 3935.1361945402755 16.62311215290989
778 3939.4248825694117 16.63219996554885
779 3943.9247329714713 16.641729384963728
780 3949.4452015093243 16.653410367445105
781 3954.2969891995886 16.663670966082353
782 3958.7968396016477 16.67318239851703
783 3965.161957631193 16.686622904851024
784 3970.717619897866 16.698346657976604
785 3975.252664028746 16.7079124828752
786 3979.928483074908 16.717769191769037
787 3984.9210456804544 16.728286485380867
788 3990.5822891335897 16.740203029519247
789 3995.0117520780077 16.749523106754246
790 3999.300440107145 16.75854236947465
791 4003.9762591533067 16.76836931735826
792 4009.4967276911602 16.779962142611794
793 4015.650683347782 16.792874649665738
794 4020.396889851585 16.802828946562073
795 4024.826352796004 16.812114306106572
796 4030.346821333857 16.823676987678887
797 4035.5153525835053 16.834495993612435
798 4040.050396714385 16.843984498461516
799 4045.7820276251614 16.855966211141805
800 4051.091333790092 16.86705824003515
801 4056.083896395638 16.87748250363341
802 4061.111652730004 16.887973674933964
803 4065.99863414909 16.898165144230514
804 4071.0615842122766 16.90871673497414
805 4075.5966283431567 16.918163613378763
806 4080.2372536604976 16.927824729297072
807 4086.2504344018384 16.940332073761613
808 4092.122840227896 16.952537942280063
809 4096.446721985853 16.96152227623819
810 4100.840991201452 16.97064782394581
811 4105.376035332332 16.98006024694422
812 4111.107666243108 16.99194600734706
813 4116.416972408038 17.002949328812964
814 4120.740854165996 17.011907039513833
815 4126.190935246208 17.023188498957243
816 4131.570628868779 17.034317063704275
817 4136.809547576069 17.04514770232857
818 4141.872497639257 17.055608361360324
819 4146.970641431264 17.066135185070703
820 4152.561497426758 17.077670932930644
821 4157.23731647292 17.087314350339238
822 4161.73716687498 17.0965900967319
823 4166.659342022885 17.10672968539552
824 4172.179810560738 17.11809336559873
825 4177.700279098592 17.129449507135895
826 4182.235323229471 17.1387747182515
827 4186.911142275632 17.148383773896064
828 4191.97409233882 17.15878149632803
829 4197.001848673186 17.16910078086619
830 4202.4871234822185 17.180351113135213
831 4208.711466596482 17.193106998349684
832 4213.84480411731 17.203621683610727
833 4218.555816892292 17.213266495460495
834 4223.477992040196 17.22333739544296
835 4228.435360916923 17.23347428198625
836 4233.850248268313 17.24453896689484
837 4238.314904941553 17.253658400815176
838 4243.025917716535 17.2632752576955
839 4249.074292186696 17.275611437039593
840 4254.418792080446 17.286505849426405
841 4258.989029940148 17.295817994671676
842 4263.488880342206 17.304981980145794
843 4267.812762100164 17.313783427548405
844 4273.122068265095 17.32458234237216
845 4278.360986972383 17.33523163113269
846 4282.7200624591605 17.344089141404897
847 4288.381305912297 17.3555828734603
848 4294.288905467175 17.36756822326527
849 4299.422242988004 17.377977349676634
850 4304.344418135908 17.387952851310448
851 4309.231399554993 17.397851440790603
852 4314.399930804642 17.408313609566456
853 4318.512650189676 17.416636150224775
854 4323.294050422299 17.426305219249755
855 4328.532969129587 17.436892382584734
856 4333.9830502098 17.44789905724501
857 4339.644293662936 17.45932444982796
858 4343.932981692073 17.46797722376987
859 4348.0105073482855 17.476200478174487
860 4353.2846197843955 17.486828263519744
861 4358.769894593429 17.497874312752945
862 4363.551294826052 17.50749851549427
863 4368.895794719802 17.518248720369108
864 4374.169907155913 17.52885101178057
865 4379.056888574997 17.53867008041446
866 4383.803095078801 17.548201326565167
867 4389.288369887832 17.559208767616205
868 4394.844032154506 17.57035030060554
869 4399.519851200667 17.579723459139917
870 4404.477220077393 17.589654962234246
871 4410.068076072888 17.60084759404523
872 4415.799706983664 17.612314417916526
873 4420.897850775672 17.62250869582859
874 4425.432894906552 17.63157313344481
875 4429.89755157979 17.640492487209034
876 4434.925307914157 17.650530144335303
877 4440.058645434984 17.66077249590713
878 4444.769658209966 17.6701677853701
879 4450.043770646076 17.68067897812802
880 4455.775401556853 17.692094060748165
881 4461.190288908244 17.70287210051616
882 4465.936495412047 17.712314987467664
883 4470.753089373492 17.721892625154428
884 4476.2383641825245 17.732792249518102
885 4481.230926788071 17.742707881050272
886 4486.117908207155 17.752408663297157
887 4491.145664541522 17.762383075857773
888 4496.842101723479 17.773675997473465
889 4502.538538905434 17.784961748421342
890 4506.897614392211 17.793595388026166
891 4511.3974647942705 17.802503140321253
892 4516.953127060944 17.813492504346463
893 4522.156852039414 17.823780193121248
894 4526.867864814396 17.833089602860266
895 4532.001202335225 17.843227162140355
896 4537.486477144257 17.854052713790495
897 4542.901364495649 17.864733041937203
898 4547.436408626529 17.87367463856108
899 4552.5697461473555 17.883789191925796
900 4557.8438585834665 17.894174902066005
901 4562.273321527884 17.902894242549102
902 4567.2658841334305 17.91271571391708
903 4573.2790648747705 17.924535836420617
904 4578.729145954983 17.935243251796074
905 4583.510546187606 17.944632883016343
906 4588.39752760669 17.95422456422599
907 4593.073346652853 17.96339742132598
908 4598.2066841736805 17.973461483325945
909 4603.234440508048 17.98331328975315
910 4607.980647011849 17.992608996069755
911 4613.888246566728 18.004170283511417
912 4619.479102562223 18.01510538231824
913 4624.154921608383 18.024247256123527
914 4628.9011281121875 18.03352186229619
915 4633.928884446554 18.043340875312573
916 4639.097415696202 18.053428979446608
917 4643.456491182979 18.06193429165045
918 4648.484247517347 18.07173786719775
919 4653.617585038174 18.081741628416484
920 4658.926891203105 18.092082165367064
921 4664.482553469778 18.10289574127997
922 4669.12317878712 18.11192491803124
923 4673.904579019743 18.121223000712057
924 4679.565822472878 18.13222412651258
925 4684.910322366629 18.142604160725245
926 4689.339785311048 18.1512041630007
927 4695.106609950645 18.162391717248383
928 4700.662272217319 18.17316345692274
929 4705.760416009326 18.183043298937505
930 4710.577009970769 18.192373116591124
931 4715.041666644008 18.201017654091018
932 4720.350972808938 18.211290465151457
933 4724.569273380434 18.21945015794126
934 4729.52664225716 18.229033129826814
935 4735.117498252654 18.239833419926825
936 4740.215642044662 18.249677168807217
937 4745.243398379028 18.259379944305177
938 4749.813636238729 18.26819617732001
939 4754.559842742532 18.27734699514915
940 4759.798761449821 18.287441470814823
941 4765.00248642829 18.297462685267906
942 4770.065436491477 18.307207790940673
943 4775.515517571689 18.317691520785267
944 4780.895211194261 18.32803409551677
945 4785.993354986269 18.33783049832856
946 4790.739561490071 18.346946585017008
947 4795.97848019736 18.357002788060406
948 4801.076623989368 18.3667837396715
949 4805.75244303553 18.375750655516264
950 4810.920974285178 18.385656369216292
951 4815.772761975443 18.394950756287212
952 4821.082068140373 18.40511532394771
953 4826.426568034124 18.41534154031618
954 4830.820837249722 18.423747004438788
955 4835.496656295883 18.432686209487
956 4840.735575003173 18.4426956615567
957 4846.009687439282 18.452766806885336
958 4850.931862587187 18.462161585870987
959 4856.030006379195 18.471886855484318
960 4861.339312544125 18.48200911057555
961 4866.719006166697 18.49225978400623
962 4871.852343687526 18.50203617700697
963 4876.844906293071 18.511539770721097
964 4882.119018729181 18.52157348195546
965 4886.935612690626 18.530732857869033
966 4891.787400380889 18.539954515829724
967 4897.519031291666 18.55084085899551
968 4902.898724914237 18.561053518902256
969 4907.750512604501 18.57026012017284
970 4911.968813175997 18.578262151839482
971 4916.433469849236 18.58672721631586
972 4921.848357200628 18.596986771157578
973 4927.122469636737 18.60697440561191
974 4932.0446447846425 18.61629136333598
975 4937.459532136035 18.62653463415809
976 4942.733644572144 18.63650643339512
977 4947.726207177691 18.645941489495563
978 4952.859544698518 18.655637346544676
979 4957.852107304066 18.665062732107458
980 4963.196607197817 18.675146605908793
981 4967.802038786336 18.68383294647644
982 4972.54824529014 18.69278029560816
983 4977.576001624507 18.702253189514018
984 4983.166857620001 18.71278035736655
985 4988.863294801956 18.723500063628308
986 4993.644695034579 18.73249458662204
987 4998.742838826588 18.74207958090104
988 5003.735401432133 18.751461516493645
989 5008.83354522414 18.761036820590327
990 5013.790914100866 18.770343293988088
991 5019.029832808155 18.780172782526627
992 5024.233557786624 18.789931210939745
993 5029.296507849811 18.7994210361318
994 5034.46503909946 18.80910362741808
995 5039.598376620288 18.818715419577725
996 5044.97807024286 18.82878278590597
997 5049.583501831381 18.837398281569588
998 5054.646451894567 18.84686420602611
999 5060.202114161241 18.857244961596265
1000 5065.370645410891 18.86689787736301
1001 5070.398401745257 18.8762833921208
1002 5075.144608249059 18.88513956283336
1003 5079.75003983758 18.893729359958176
1004 5085.340895833075 18.904149900635616
1005 5091.072526743851 18.914826633951577
1006 5095.924314434114 18.923861122714147
1007 5100.740908395559 18.932825879778306
1008 5105.874245916387 18.94237489255515
1009 5111.359520725419 18.952572630573666
1010 5115.92975858512 18.961066555964756
1011 5120.781546275384 18.97007902300497
1012 5126.372402270879 18.980457646679895
1013 5131.259383689962 18.989526136105493
1014 5135.759234092023 18.997873146807663
1015 5140.188697036441 19.006086155133694
1016 5146.201877777781 19.017226707379802
1017 5152.10947733266 19.028165459447344
1018 5156.292584175336 19.03590993902308
1019 5160.8628220350365 19.04436669540768
1020 5166.312903115248 19.054444845734096
1021 5171.305465720794 19.06367305549581
1022 5176.2980283263405 19.072896800291012
