1 14.627859237536656 0.5228516029471991
2 19.46241230634111 0.5228516029471991
3 24.120983558572245 0.661447410952694
4 29.06112571732069 0.7820241864112716
5 34.106856966013126 0.8884409551456608
6 39.117391851390906 0.9827787388000815
7 44.47989036991533 1.0746016043169684
8 49.6488088902091 1.1562308829189556
9 54.32497832409756 1.2254093705217057
10 59.30031684616066 1.2949579375520928
11 64.22286082325178 1.3602741704193573
12 69.11020843702822 1.4221592011446516
13 73.94476150583267 1.4808340866230925
14 78.72652002966514 1.5366665919526714
15 84.14181309316156 1.597534647315177
16 89.59230251997263 1.6565411156720489
17 94.79641740358106 1.7109846575926737
18 99.63097047238553 1.7600571857817502
19 104.44792535953265 1.8076268154492345
20 109.19448752005044 1.8533079999447344
21 114.02904058885488 1.8987057016198188
22 119.33874456240731 1.9473417070306034
23 124.56045762767306 1.9940158340749645
24 129.95815250951216 2.0411399974267757
25 135.17986557477792 2.0857161627834673
26 139.99682046192504 2.1260115988407393
27 144.7433826224428 2.1649852556387925
28 149.6483284178766 2.204534309966388
29 154.6060687582824 2.243800362441021
30 159.77498727857613 2.2840186761726367
31 165.2606730687019 2.325938867561989
32 170.81675158545698 2.3676400668486015
33 175.7392955625481 2.4039861157726663
34 180.34507226980728 2.437504861039963
35 185.39080351849967 2.47370076004382
36 190.63011476542277 2.5107318185814815
37 195.69344419577254 2.5460084759247534
38 200.63358635452101 2.5799628505381387
39 206.08407578133207 2.6169103593162
40 211.16500339333922 2.6508911926623746
41 216.1403419154023 2.6837496250585136
42 221.0628858924934 2.7158685182980804
43 225.98542986958455 2.747611975400368
44 231.22474111650763 2.780998090966553
45 236.28807054685745 2.8128873558325838
46 241.33380179554985 2.8443102466592403
47 246.361934862585 2.8752820539737285
48 251.72443338110935 2.9079479789821727
49 256.80536099311655 2.938565251122562
50 261.6047176986063 2.9671972886579154
51 266.63285076564136 2.9968993744321004
52 271.62578746936185 3.0261052835507183
53 276.6715187180543 3.055336100952151
54 281.4532772418868 3.082783370997723
55 286.18224122074713 3.1096896564179533
56 290.85841065463563 3.136068881574456
57 295.71056190509745 3.1632072680555416
58 300.9850695153352 3.192443863134649
59 306.0132025823703 3.2200689324793523
60 310.98854110443347 3.247172903401586
61 315.73510326495125 3.272822589648497
62 320.3936745171823 3.2978032964482673
63 325.3162184942734 3.3239940344028835
64 330.6963151944553 3.3523827781600914
65 336.2171973478956 3.381265943078878
66 341.1749376883014 3.4069969064407113
67 346.2558653003085 3.433166498603742
68 351.2839983673436 3.4588695144205293
69 356.10095325449083 3.4833161964566
70 360.8651135966659 3.507327608767133
71 365.5412830305543 3.530737207151933
72 370.4990233709601 3.555386584977575
73 375.5623528013098 3.580385267437251
74 380.76646768491827 3.6058977653127164
75 385.8297971152681 3.630548662190117
76 390.8227338189884 3.6546943668646916
77 395.5692959795063 3.677502787751563
78 399.9990908701921 3.698663750158066
79 405.22080393545775 3.7234490676433514
80 410.7768824522129 3.7496400933750214
81 416.13938097073736 3.7747470628385904
82 421.1851122194297 3.7982207533339203
83 426.1604507414928 3.821226089323067
84 431.17098562687056 3.8442548750545407
85 435.88235142407376 3.8657848619805573
86 440.8400917644795 3.888310833998424
87 445.95621573980117 3.9114197182632533
88 451.49469607489897 3.936281581764013
89 456.8044000484514 3.959970842507791
90 461.67414948057046 3.981575147627745
91 466.8782643641789 4.004532517886753
92 471.85360288624196 4.026359226581651
93 476.42418323018643 4.046308260656164
94 481.1531472090469 4.066844844223472
95 486.25167300271136 4.088869118181802
96 491.63176970289317 4.111980619625928
97 496.99426822141754 4.134888048634735
98 501.95200856182333 4.155955692426693
99 506.7689634489705 4.176323876823133
100 511.48032924617354 4.196150399933305
101 516.3852750416072 4.21669165881809
102 521.5717917435584 4.238302630081561
103 526.68791571888 4.2595131476244275
104 531.6280578776286 4.279895022715107
105 536.6385927630063 4.300468361018238
106 541.3499585602095 4.319725127696938
107 546.1141189023846 4.339110555122977
108 551.6525992374824 4.361535152683702
109 556.9271068477202 4.3827852430483425
110 562.0960253680139 4.403510841737223
111 567.4057293415663 4.424699324911753
112 572.3282733186575 4.444254029030679
113 577.1980227507767 4.463514921813352
114 582.032575819581 4.482554880417518
115 587.1838961582175 4.502752503810815
116 592.4056092234833 4.523133817739132
117 597.2929568372597 4.542128411644226
118 602.3738844492668 4.561790744269644
119 607.4900084245886 4.581503886840355
120 612.5885342182529 4.601065261846116
121 617.7222563752321 4.6206778730389155
122 622.5568094440364 4.639072838951323
123 627.3737643311836 4.657328656193919
124 632.5602810331346 4.676903981312348
125 637.7995922800577 4.696595539857716
126 643.0565017086382 4.716270546904914
127 648.1022329573307 4.735079025132602
128 653.1655623876802 4.7538782345463915
129 658.2640881813447 4.772733173720033
130 663.2042303400932 4.7909321742437445
131 668.3555506787296 4.8098350234517975
132 673.8588346505127 4.829946443528021
133 679.2213331690373 4.849463599813087
134 684.3022607810443 4.867884704114366
135 689.3127956664221 4.885982829606338
136 694.1121523719119 4.903256288011248
137 698.9994999856882 4.920783799417747
138 704.0628294160379 4.938876197603597
139 709.1613552097023 4.957027513933038
140 714.3654700933108 4.975486087257674
141 719.2704158887445 4.992822064842716
142 723.735407142745 5.008552459342288
143 728.7283438464655 5.026082476904428
144 734.0380478200177 5.0446567224364225
145 739.1893681586542 5.062612300170995
146 744.4814739505493 5.080992057898203
147 749.5624015625564 5.098576720915664
148 754.3441600863888 5.1150717689766285
149 759.0555258835919 5.131272381828813
150 764.1188553139418 5.1486251709716
151 769.1293901993195 5.165739818246723
152 774.4390941728719 5.183813678402894
153 780.0303690529418 5.20277723018186
154 784.9529130300328 5.219417655790703
155 789.8578588254666 5.2359460494036165
156 794.7100100759285 5.2522455410010185
157 799.5269649630756 5.2683770394376905
158 804.3439198502227 5.284459294609374
159 809.4424456438873 5.301427516718227
160 814.8049441624116 5.3192150053913325
161 820.061853590992 5.336595026809858
162 825.1427812029992 5.353340150486443
163 829.994932453461 5.369283281547917
164 834.8294855222654 5.385121703008616
165 839.4880567744964 5.400340233259936
166 844.3050116616436 5.416030653686808
167 849.6323138168534 5.433328981043546
168 854.9772141537204 5.450629228154813
169 860.2517217639582 5.467648176446818
170 865.262256649336 5.48376725436625
171 870.0616133548258 5.4991633286140384
172 875.0721482402037 5.51519029893174
173 880.1354776705534 5.531338800694999
174 885.1988071009032 5.547440294650967
175 890.6141001643996 5.5646083920853044
176 896.3813568610427 5.582833253082251
177 901.4974808363644 5.598952598687548
178 906.2264448152248 5.613812131616338
179 911.1665869739733 5.629292655366121
180 916.1419254960365 5.64484045252173
181 920.8356931115823 5.659470063280471
182 925.7934334519882 5.674880610183737
183 930.9271556089672 5.6907936531263985
184 935.937690494345 5.706282425635894
185 941.4761708294428 5.723352828512066
186 946.4163129881911 5.738537858227761
187 950.6701260623036 5.751583226657959
188 955.5222773127655 5.76642539220555
189 960.7967849230032 5.782514972091262
190 966.1064888965557 5.798666724777072
191 971.3282019618214 5.814507305665517
192 976.761093206975 5.8309422338231025
193 981.7540299106955 5.84600672774536
194 986.3598066179547 5.859869910126819
195 991.5287251382485 5.875387358313037
196 996.9440182017449 5.8915998968678815
197 1002.1833294486681 5.907243702385211
198 1007.1938643340458 5.922166400737747
199 1012.3979792176542 5.93762535940359
200 1017.3029250130879 5.952159715205752
201 1021.9966926286336 5.966035780823005
202 1027.095218422298 5.981070691497815
203 1032.3169314875638 5.99642944086687
204 1037.5210463711724 6.0116974366563465
205 1042.478786711578 6.026207315764365
206 1047.3485361436974 6.040425994519508
207 1052.4470619373617 6.055276201289316
208 1057.65117682097 6.070396190077407
209 1062.9080862495507 6.0856312828742505
210 1067.901022953271 6.1000668387944526
211 1073.1051378368795 6.115076080341542
212 1078.4676363554038 6.130503244182193
213 1083.3549839691802 6.1445309830465265
214 1088.15434067467 6.158275328071374
215 1093.3232591949638 6.173042707040632
216 1098.2985977170267 6.187224272451606
217 1103.326730784062 6.201523224842985
218 1108.548443849328 6.216337324411197
219 1113.6117732796777 6.230668874648289
220 1118.8158881632862 6.245364253277504
221 1123.8616194119784 6.259579870787209
222 1128.6785742991258 6.27312151687448
223 1133.2667528247273 6.285993547263947
224 1138.3652786183918 6.300264959101147
225 1144.0269462250908 6.3160733670027
226 1149.3542483803005 6.330912931950127
227 1154.5759614455662 6.3454249640614435
228 1159.4985054226572 6.359076012536339
229 1163.9283003133432 6.371336948869356
230 1168.4636842939728 6.383865416094893
231 1173.5094155426655 6.397773296504054
232 1178.87191406119 6.412520386870007
233 1184.2168143980568 6.427185455437808
234 1189.209751101777 6.4408555491684
235 1193.9211168989805 6.453728942246552
236 1198.8436608760717 6.467151383621052
237 1203.7310084898481 6.4804504467947295
238 1208.7415433752258 6.4940561063190225
239 1213.8752655322048 6.507966439268393
240 1219.220165869072 6.522416909490803
241 1224.6882534775405 6.537167066225738
242 1229.8571719978343 6.551080406952838
243 1234.6741268849812 6.564020711809991
244 1239.315099955555 6.57646465753651
245 1244.0792602977303 6.589214112665494
246 1248.8786170032201 6.602032765540018
247 1253.8011609803111 6.615154298725381
248 1258.9700795006052 6.628903954845011
249 1264.420568927416 6.643371069050667
250 1269.5014965394232 6.656829834668895
251 1274.0192823383957 6.668775539072158
252 1278.959424497144 6.681812354534011
253 1283.811575747606 6.694592484378948
254 1288.7693160880117 6.70762529324459
255 1294.2901982414521 6.72210727087089
256 1299.7406876682635 6.736374223544508
257 1304.7688207352985 6.749509892598684
258 1309.515382895816 6.7618872830753025
259 1314.7546941427395 6.775522005248865
260 1320.0819962979492 6.789357423069149
261 1325.0221384566978 6.802163138947811
262 1330.06786970539 6.815217448585794
263 1335.4127700422569 6.829017794535031
264 1340.5992867442083 6.842382967701116
265 1345.5042325396416 6.854999273768885
266 1350.2507947001595 6.867186533224502
267 1354.6805895908456 6.878541826936344
268 1359.5855353862794 6.891091933184347
269 1364.8600429965172 6.904561219236532
270 1369.9409706085244 6.917511829901236
271 1374.951505493902 6.930259492651116
272 1380.1028258325387 6.943340585777177
273 1385.183753444546 6.956219000055926
274 1389.8071283334623 6.967918116015719
275 1394.7120741288963 6.98030753177721
276 1400.021778102449 6.9936935606847195
277 1405.3842766209734 7.007186609426499
278 1410.4652042329806 7.019947896242859
279 1415.1589718485263 7.031717153633719
280 1420.2223012788763 7.044390039126872
281 1425.4792107074568 7.0575228819991285
282 1430.7185219543799 7.070587531778203
283 1435.922636837988 7.083540645407698
284 1441.0387608133099 7.096251908280314
285 1446.2076793336037 7.10907113428941
286 1451.2358124006387 7.121519395679518
287 1456.5455163741913 7.134640487481961
288 1461.6440421678553 7.14721754001168
289 1466.6545770532332 7.159556221087168
290 1471.54192466701 7.171571393885603
291 1476.6404504606742 7.1840837924005365
292 1482.1437344324574 7.197564145650771
293 1487.1190729545206 7.209730755404412
294 1491.91842966001 7.221448025163524
295 1496.98175909036 7.233788528480866
296 1501.9746957940804 7.245937054753059
297 1506.8972397711714 7.257894567994518
298 1512.1541491997518 7.270641771309856
299 1517.2702731750735 7.28302648885371
300 1522.1224244255352 7.294753390488575
301 1527.2209502191997 7.307054858606053
302 1532.407466921151 7.319547209034763
303 1537.5411890781302 7.331891557293584
304 1542.7980985067104 7.344510331839988
305 1548.1078024802628 7.3572337462582755
306 1553.3647119088432 7.369809129392224
307 1558.5336304291368 7.382153334243873
308 1563.4737725878856 7.393932444982448
309 1568.0091565685152 7.404730929328132
310 1572.6501296390893 7.41576426422152
311 1577.6254681611522 7.427573463599783
312 1582.952770316362 7.440196457872887
313 1588.3152688348864 7.4528811804769415
314 1593.2906073569495 7.46463166036839
315 1597.9491786091805 7.475618014835009
316 1602.6957407696984 7.486795078166206
317 1607.4950974751882 7.498079391228636
318 1612.2240614540485 7.509181779921187
319 1617.2169981577692 7.520885475165965
320 1622.5794966762937 7.533434335621802
321 1627.766013378245 7.545551903455157
322 1632.79414644528 7.557281233247072
323 1637.8926722389442 7.569156050513304
324 1642.797618034378 7.580562886996439
325 1647.5089838315812 7.591503852231468
326 1652.572313261931 7.603243757310984
327 1658.1459899603433 7.616144884099501
328 1663.3325066622942 7.628131064304365
329 1668.5014251825883 7.640057904284509
330 1673.2831837064205 7.651075702379291
331 1677.695380415449 7.661228804464484
332 1682.6883171191696 7.672700575483078
333 1687.7868429128341 7.684397035529342
334 1692.7269850715827 7.695713543936541
335 1697.9135017735337 7.7075759865821984
336 1703.3463930186872 7.719981846836353
337 1708.568106083953 7.7318871653745465
338 1713.4554536977296 7.743014278223564
339 1718.5363813097365 7.7545647459681755
340 1723.4413271051706 7.7656992451483795
341 1727.9767110858002 7.7759814750861285
342 1733.1808259694087 7.787761419784774
343 1738.6137172145623 7.800039747208501
344 1744.0290102780586 7.812259135012192
345 1749.4091069782403 7.824380278535793
346 1754.261258228702 7.83529699078724
347 1759.00782038922 7.845961685642341
348 1763.9655607296256 7.857084912054794
349 1769.2576665215206 7.86894022761776
350 1774.496977768444 7.880659815041958
351 1779.542709017136 7.89193034834096
352 1784.6764311741151 7.903380737740618
353 1789.7045642411506 7.914579786466371
354 1794.7326973081854 7.92576301102895
355 1799.743232193563 7.9368914586034265
356 1804.8769543505423 7.948277076717722
357 1809.9050874175778 7.959412955672613
358 1814.6868459414097 7.969989286168936
359 1819.8557644617038 7.9814052940733795
360 1824.7959066204523 7.9923012717826625
361 1829.7888433241726 8.003298504091973
362 1834.7289854829207 8.01416471606848
363 1839.5459403700681 8.024746070934965
364 1844.820447980306 8.036315517796252
365 1849.9013755923131 8.047445022378925
366 1854.9471068410053 8.05848229450554
367 1859.887248999754 8.069274195461166
368 1865.0737657017048 8.08058826324827
369 1870.4362642202293 8.092269226781127
370 1875.5347900138938 8.103360100436277
371 1880.7565030791595 8.11470297299559
372 1885.9782161444252 8.126030012407304
373 1891.0239473931179 8.136960689667374
374 1896.0168840968383 8.147762674001632
375 1900.833838983985 8.158170750760455
376 1905.5628029628456 8.168375998036337
377 1910.766917846454 8.179590850152692
378 1916.0062290933772 8.190865967069522
379 1921.1927457953282 8.202012309738869
380 1926.3616643156217 8.21310581788174
381 1931.2666101110558 8.223619491586932
382 1936.259546814776 8.234307795380895
383 1941.0589035202659 8.244569053855056
384 1946.1046347689585 8.255342778251691
385 1951.5551241957694 8.266964128685446
386 1956.9528190776086 8.27845693638166
387 1962.368112141105 8.28997116895316
388 1967.3962452081405 8.300648654938195
389 1972.1780037319725 8.310790739481162
390 1976.9597622558056 8.320920462194337
391 1982.339858955987 8.332301680131536
392 1987.7375538378265 8.343704490888715
393 1992.9416687214343 8.35468399533352
394 1998.1633817867005 8.365686109607681
395 2002.8747475839036 8.375601538947535
396 2007.7972915609944 8.385948419701924
397 2012.843022809687 8.396540740123228
398 2017.6247813335194 8.406567136665698
399 2022.459334402324 8.416691976184715
400 2027.8394311025058 8.427943863869206
401 2033.0611441677718 8.43885046645166
402 2037.8429026916037 8.448826653319975
403 2042.9942230302406 8.459559898273056
404 2048.0223560972754 8.470023599915308
405 2052.6105346228774 8.479561373909188
406 2057.409891328367 8.489526200478243
407 2062.279640760486 8.499625091220295
408 2067.325372009179 8.510075921750024
409 2072.5470850744446 8.520877397108254
410 2077.416834506564 8.530939174513284
411 2082.11060212211 8.54062649118831
412 2087.085940644173 8.55088234024152
413 2092.254859164467 8.5615238154939
414 2097.247795868187 8.571790791306755
415 2102.5399016600823 8.582658933017974
416 2108.060783813523 8.59398181560992
417 2113.1065150622153 8.604318040942111
418 2117.7122917694746 8.613743068634426
419 2122.5996393832506 8.623732406976574
420 2127.73336154023 8.634212360705654
421 2132.5855127906916 8.644106389931931
422 2137.6136458577266 8.654346965029465
423 2143.1521261928247 8.665611915475486
424 2148.3210447131187 8.676112673095345
425 2153.155597781923 8.685923319656355
426 2157.9549544874126 8.695651667912188
427 2162.560731194672 8.704977807693117
428 2167.7120515333086 8.715395601293688
429 2173.004157325204 8.726084888289325
430 2178.1202813005257 8.736406615323052
431 2183.2891998208192 8.746822382721358
432 2188.5461092493993 8.757402583041774
433 2193.7150277696933 8.76779340815474
434 2198.584777201813 8.77757214899295
435 2203.876882993708 8.788185809446604
436 2209.3273724205187 8.799103439549864
437 2214.4610945774975 8.809374767968645
438 2219.6828076427637 8.819809704586795
439 2224.4821643482537 8.829390536148988
440 2229.228726508771 8.838855869317323
441 2234.256859575806 8.84887106862892
442 2239.056216281296 8.858420468905946
443 2243.96116207673 8.868169121674295
444 2249.1300805970236 8.878430312686605
445 2254.2462045723455 8.888575132599232
446 2259.6087030908698 8.899195606706517
447 2264.742425247849 8.909351542567446
448 2269.7001655882545 8.919148695459699
449 2274.7810932002617 8.92917788703747
450 2279.45726263415 8.938398962292174
451 2284.5381902461572 8.948406578589525
452 2289.707108766451 8.958575865747816
453 2294.682447288514 8.968353777423479
454 2299.8513658088077 8.978500471885098
455 2305.0378825107587 8.9886701665069
456 2310.013221032822 8.998415376993771
457 2314.9533631915706 9.008081285578752
458 2320.227870801808 9.01838932660266
459 2325.4847802303884 9.028651297551157
460 2330.530511479081 9.038490457782213
461 2335.189082731312 9.047565895541833
462 2339.8124576202285 9.056563847780938
463 2345.227750683725 9.067090021803118
464 2350.6606419288787 9.07763810635927
465 2355.794364085858 9.087594624137363
466 2361.10406805941 9.097880656242285
467 2366.2025938530746 9.107747038310922
468 2371.2131287384523 9.117432908034953
469 2376.0476818072566 9.126769178149692
470 2380.9526276026904 9.13623149870387
471 2386.068751578013 9.146090370674118
472 2391.4136519148797 9.15637833617122
473 2396.9169358866625 9.166958815748607
474 2401.9450689536975 9.176615936187138
475 2406.72682747753 9.185790911130207
476 2411.719764181251 9.195360895020075
477 2416.7830936116006 9.205055506856414
478 2421.828824860293 9.214706310401626
479 2427.138528833845 9.224850609605165
480 2432.7474018955722 9.235553844574234
481 2438.1450967774117 9.245842750046295
482 2443.1732298444463 9.255417563202446
483 2448.34214836474 9.265249889552427
484 2453.2998887051463 9.274671102444696
485 2457.852870867433 9.283315495301371
486 2462.6874239362373 9.29248510270568
487 2468.1027169997337 9.302744332644856
488 2473.606000971517 9.313158530438608
489 2478.7925176734684 9.322963179788477
490 2483.5038834706716 9.33186152417775
491 2488.0392674513014 9.340419832171017
492 2492.750633248504 9.349301561932371
493 2497.655579043938 9.35853888503097
494 2502.912488472519 9.368428271019
495 2508.274986991043 9.378505362145463
496 2513.584690964595 9.388472677191348
497 2518.894394938148 9.398429421607938
498 2523.992920731812 9.407980616029112
499 2528.7218847106724 9.416831511623867
500 2533.7324195960505 9.426199787664675
501 2538.8661417530293 9.435788514988769
502 2544.0526584549807 9.445465871951695
503 2549.397558791848 9.455428107958518
504 2554.566477312142 9.465052665008631
505 2559.823386740722 9.474830877539627
506 2564.534752537925 9.483586727220656
507 2569.316511061758 9.492465003118756
508 2574.4326350370798 9.501954267731636
509 2579.372777195828 9.511108455734254
510 2584.594490261094 9.520774310912977
511 2589.886596052989 9.530560343963119
512 2595.108309118255 9.540206491084103
513 2600.0484512770036 9.549324009750608
514 2604.7598170742067 9.558011618424455
515 2609.9287355945003 9.567532981106039
516 2615.3440286579967 9.577497589616026
517 2620.336965361717 9.586676556855501
518 2625.4002947920667 9.595975838881944
519 2630.8331860372205 9.605943182579749
520 2635.8789172859133 9.615191622094605
521 2640.8718539896336 9.624334639665244
522 2646.0759688732423 9.633854747029655
523 2651.2272892118785 9.64326911070543
524 2656.589787730403 9.653059292268363
525 2661.846697158983 9.662647251485485
526 2666.7340447727593 9.671553281729379
527 2671.5334014782493 9.680291157606996
528 2676.5791327269417 9.689468633454165
529 2681.9416312454655 9.699212182298892
530 2687.0929515841026 9.708563169278701
531 2692.1562810144524 9.71774581405164
532 2697.4307886246897 9.72730185123834
533 2702.406127146753 9.736307782715764
534 2707.1878856705853 9.744955816343662
535 2712.040036921047 9.753723189284688
536 2716.9801790797956 9.762641302632504
537 2722.043508510146 9.77177312970933
538 2727.194828848782 9.78105474645393
539 2732.3461491874186 9.790327563863663
540 2737.6206567976556 9.799812825066368
541 2742.648789864691 9.808846900476524
542 2747.500941115153 9.81755721692966
543 2752.8458414520205 9.827142253689802
544 2758.331527242146 9.836969816807697
545 2763.553240307412 9.846315788120268
546 2768.440587921188 9.85505583820187
547 2773.679899168111 9.864416069320722
548 2778.831219506748 9.873610598119239
549 2783.4369962140067 9.881825081737597
550 2788.359540191098 9.890596377607325
551 2793.6164496196784 9.899954288345503
552 2798.662180868371 9.908928318137056
553 2803.690313935406 9.917863001908785
554 2808.8944288190146 9.927101619064683
555 2813.992954612679 9.936144636319986
556 2818.7395167731966 9.944556605128177
557 2823.662060750287 9.953272619157948
558 2828.813381088924 9.962385140411858
559 2834.175879607448 9.971862024941085
560 2839.679163579232 9.981578128682234
561 2844.654502101295 9.990354842229296
562 2849.559447896728 9.9989999620132
563 2854.569982782106 10.007823287758297
564 2859.5805176674835 10.01663884133069
565 2864.4678652812604 10.025230403953065
566 2869.4432038033237 10.033968934923594
567 2874.471336870359 10.042792375513114
568 2879.72824629894 10.052008600486559
569 2885.073146635807 10.061370287929154
570 2889.8725033412966 10.069769912244146
571 2894.689458228444 10.078193265275608
572 2899.699993113821 10.086947318733452
573 2904.5521443642833 10.095417693270731
574 2909.5274828863467 10.104095522918936
575 2915.0659632214442 10.113745834990443
576 2920.4284617399685 10.123081021771467
577 2925.2278184454585 10.13142948394073
578 2929.851193334375 10.139465640891757
579 2934.6329518582074 10.147770105079394
580 2939.625888561928 10.156433696539606
581 2944.5660307206763 10.164998503830747
582 2949.5941637877118 10.173708305899769
583 2954.7278859446906 10.182593144978265
584 2959.6504299217822 10.191105578632735
585 2964.361795718985 10.19924653930753
586 2969.0907596978454 10.207411347462655
587 2974.0660982199083 10.21599404615019
588 2979.3934003751183 10.225175310259903
589 2984.456729805468 10.233894421000828
590 2989.273684692615 10.242182796010871
591 2994.600986847825 10.251340605085446
592 2999.9458871846914 10.26052042384018
593 3004.534065710294 10.268395233862586
594 3009.034253327609 10.27611332312007
595 3014.2031718479025 10.284969921016824
596 3019.3368940048817 10.29375872744476
597 3024.4002234352306 10.302419795052442
598 3029.53394559221 10.311193727988663
599 3034.5620786592453 10.31978014333471
600 3039.6958008162237 10.328539328936584
601 3044.6007466116575 10.336901616832549
602 3049.364906953833 10.345017654252631
603 3054.3050491125814 10.353426457819403
604 3059.491565814533 10.362246863305517
605 3064.625287971511 10.37097018213385
606 3069.8118046734626 10.379775679527938
607 3075.209499555301 10.388931441677405
608 3080.360819893938 10.39766215812444
609 3085.5473365958887 10.40644506991236
610 3090.6458623895533 10.41507189949916
611 3095.973164544763 10.424077822345227
612 3101.1244848834 10.432779126432672
613 3105.554279774086 10.440257041076244
614 3110.5120201144914 10.448618838220366
615 3115.8041259063866 10.457536641915034
616 3120.709071701821 10.465795860023315
617 3125.279652045765 10.473486759549383
618 3130.008616024625 10.481437942820106
619 3134.9487581833732 10.489737389461435
620 3140.240863975269 10.498620266037205
621 3145.3393897689334 10.507171416184326
622 3149.9451664761928 10.514890958628465
623 3154.8501122716266 10.523105161430834
624 3160.177414426836 10.532018705504884
625 3165.539912945361 10.540983472696839
626 3170.3920641958216 10.549089285922634
627 3175.261813627941 10.557218210544985
628 3180.307544876634 10.565634001218791
629 3185.0365088554945 10.573515890868247
630 3190.1526328308164 10.58203578547495
631 3195.462336804368 10.590870490552215
632 3200.64885350632 10.599493307996376
633 3205.817772026613 10.60807992206294
634 3210.652325095418 10.61610533253977
635 3215.522074527537 10.624182981023734
636 3220.4974130496 10.63242925906122
637 3225.419957026691 10.640581831254437
638 3230.4128937304113 10.648844492914904
639 3235.8105886122503 10.657769108816245
640 3241.2082834940893 10.66668625766182
641 3246.359603832726 10.67518981442537
642 3251.4933259897048 10.683657615097722
643 3256.486262693425 10.691886987959496
644 3261.5847884870896 10.700283689787453
645 3266.3137524659496 10.70806646825953
646 3271.007520081496 10.715785792530859
647 3276.7923749597962 10.725289978264284
648 3282.2604625682643 10.734266441093734
649 3287.2358010903276 10.74242821540167
650 3292.1759432490753 10.750526178459085
651 3296.9928981362227 10.758416543360052
652 3302.232209383146 10.766991470928144
653 3307.348333358467 10.775358388734386
654 3312.65803733202 10.784034717500019
655 3318.4076958470055 10.79342142097237
656 3323.6822034572433 10.802025901158165
657 3328.56955107102 10.809993272152497
658 3333.386505958167 10.817840262764625
659 3338.3794426618874 10.825967636999172
660 3343.4251739105803 10.83417466999685
661 3348.118941526125 10.841804206069373
662 3352.883101868301 10.849542555954459
663 3357.9640294803075 10.857788815412892
664 3363.3265279988323 10.866484828069673
665 3368.389857429182 10.874689761704085
666 3373.1188214080425 10.882347810102576
667 3377.7597944786166 10.889858279463542
668 3382.6471420923926 10.897761436253363
669 3387.7632660677136 10.906028030044673
670 3392.9145864063507 10.914345113049142
671 3398.1890940165886 10.922854335993243
672 3403.4460034451686 10.931328604150448
673 3408.614921965463 10.939654761395936
674 3413.5550641242107 10.94760683662
675 3418.372019011358 10.955355259229073
676 3423.4529466233653 10.963521931503426
677 3428.6394633253167 10.971851884762517
678 3433.474016394121 10.979611403864494
679 3438.590140369443 10.987816418674837
680 3443.7238625264226 10.996043475410813
681 3448.5584155952265 11.003785935387382
682 3453.445763209003 11.011607325296314
683 3458.245119914493 11.019282640046644
684 3463.414038434786 11.02754238930181
685 3468.5829569550806 11.035795956543563
686 3473.487902750514 11.043622719069537
687 3478.4808394542342 11.051584053329684
688 3483.6145616112135 11.059763675162111
689 3488.6426946782485 11.067769362481672
690 3493.7940150168847 11.07596499252808
691 3498.9277371738644 11.084126622261762
692 3503.938272059242 11.092086805330604
693 3508.931208762962 11.100013379435689
694 3513.9769400116543 11.10801793869182
695 3519.040269442004 11.11604459423146
696 3524.086000690697 11.124037617861168
697 3529.1845264843614 11.13210836284952
698 3534.107070461452 11.139895258076042
699 3539.223194436774 11.147982303158459
700 3544.3921129570676 11.156146766610284
701 3549.385049660788 11.164027857579502
702 3554.2020045479353 11.171626175786601
703 3559.036557616739 11.179247032346359
704 3564.187877955376 11.18736099644793
705 3569.374394657327 11.195524405022512
706 3574.6137059042494 11.203764792160305
707 3579.747428061229 11.211833390693744
708 3584.581981130033 11.219426936318076
709 3589.2933469272366 11.226822250045515
710 3594.0575072694114 11.234295396901418
711 3599.208827608048 11.242369630974604
712 3604.272157038398 11.250300432170835
713 3609.3354864687476 11.2582256465549
714 3614.4164140807547 11.266172774965993
715 3619.4797435111045 11.274086831758401
716 3624.719054758028 11.282269838318186
717 3629.641598735119 11.289953164796794
718 3634.6873299838117 11.297823151649748
719 3640.0850248656507 11.306235505618426
720 3645.3419342942316 11.314422632865458
721 3650.4932546328682 11.322439726919185
722 3655.34540588333 11.329986476621123
723 3660.355940768707 11.337774044276719
724 3665.5424574706585 11.345829230060055
725 3670.289019631177 11.353196763749546
726 3675.1587690632964 11.360750342257687
727 3680.3980803102195 11.368870970932173
728 3685.6901861021142 11.377067466807349
729 3690.771113714121 11.384931639273233
730 3695.676059509555 11.392518544975484
731 3700.5634071233317 11.400073235391986
732 3705.609138372024 11.407867253564474
733 3710.8132532556324 11.415900109301681
734 3716.1053590475276 11.424062862928237
735 3721.555848474338 11.432463593411338
736 3727.0415342644637 11.440912293921576
737 3732.122461876471 11.448732611247605
738 3736.974613126932 11.456196166029285
739 3741.879558922366 11.463735907688632
740 3746.8372992627724 11.471351686000268
741 3751.9886196014086 11.479259181607533
742 3757.210332666674 11.487269074115119
743 3762.5200366402264 11.495408090350635
744 3767.5129733439476 11.503056745507298
745 3772.241937322808 11.51029673540581
746 3777.0236958466403 11.517612841201613
747 3781.82305255213 11.524951174496408
748 3786.745596529221 11.532472819530383
749 3791.7737295962565 11.540150581507147
750 3796.766666299977 11.54776960155171
751 3801.7947993670123 11.555437199914783
752 3806.8229324340477 11.563099713823583
753 3811.851065501083 11.570757153379361
754 3816.544833116629 11.577901310912173
755 3821.1506098238874 11.584907400060972
756 3826.4955101607557 11.59303129619494
757 3831.717223226021 11.600962634934918
758 3836.6749635664273 11.608488385652441
759 3841.6151057251755 11.615982599440471
760 3846.6080424288953 11.623551913127324
761 3851.8649518574757 11.63151569159227
762 3856.7874958345674 11.638968469861842
763 3861.815628901602 11.646576027017158
764 3866.984547421896 11.65439120673859
765 3871.8718950356724 11.661776252972619
766 3876.900028102708 11.669368941165958
767 3882.051348441345 11.677142344754918
768 3887.2730615066102 11.685016592297554
769 3892.230801847016 11.692488242668478
770 3896.994962189191 11.699663949689493
771 3902.058291619541 11.707284972627393
772 3907.12162104989 11.71490103777878
773 3912.2201468435546 11.722564992508428
774 3917.301074455562 11.730197538414375
775 3922.2588147959673 11.737640428676206
776 3927.2341533180306 11.74510497047859
777 3932.121500931807 11.752433013731718
778 3937.0440449088983 11.759809160906146
779 3942.212963429192 11.767549139372527
780 3947.3818819494854 11.775284030296765
781 3952.2868277449193 11.782619588226025
782 3957.1389789953814 11.78987177841843
783 3962.7126556937937 11.798195786392677
784 3968.2511360288913 11.806461463646503
785 3973.2968672775837 11.813987379171262
786 3978.624169432794 11.821927658795346
787 3983.6171061365144 11.82936519414514
788 3988.5220519319478 11.836667236310149
789 3993.3390068190947 11.843834035895945
790 3998.2615507961864 11.851153295292747
791 4003.4656656797943 11.858885886082792
792 4008.6521823817457 11.8665873399956
793 4013.821100902039 11.874257717615821
794 4018.6908503341588 11.881480039416548
795 4023.4902070396483 11.888593774781262
796 4028.535938288341 11.896067730322304
797 4033.4056877204594 11.903276818889442
798 4038.099455336005 11.91022152144337
799 4043.356364764586 11.917993744605013
800 4048.613274193166 11.925760902476439
801 4053.9053799850612 11.933574908367468
802 4059.1798875952986 11.941357866348545
803 4064.155226117363 11.948695143272802
804 4069.1657610027396 11.956079723116956
805 4073.982715889887 11.963174986275073
806 4079.1340362285237 11.970757603713192
807 4084.7077129269355 11.978955917331186
808 4089.9646223555155 11.986683572863479
809 4094.975157240893 11.994044763740566
810 4099.86250485467 12.001220803289259
811 4104.66186156016 12.008263604036044
812 4109.602003718908 12.015508475911162
813 4114.612538604286 12.022852018275458
814 4119.605475308006 12.03016533469147
815 4125.1087592797885 12.038220286842144
816 4130.664837796544 12.046346979273387
817 4135.780961771866 12.053825891213052
818 4140.844291202216 12.061223134919665
819 4145.854826087593 12.06853886056546
820 4150.953351881259 12.075978383038471
821 4155.770306768406 12.083003240681583
822 4160.763243472125 12.090280172145874
823 4166.196134717279 12.098192706661932
824 4171.541035054147 12.105972159810044
825 4176.8683372093565 12.113721051298333
826 4181.949264821364 12.12110729245917
827 4187.135781523315 12.128642241978989
828 4192.287101861952 12.136121476342298
829 4197.2272440207 12.143290066502281
830 4202.536947994252 12.150989672524219
831 4207.829053786148 12.158658931492905
832 4213.121159578041 12.166323356008345
833 4218.219685371707 12.173703121137297
834 4222.8606584422805 12.180417364291925
835 4227.783202419371 12.18753448926505
836 4232.934522758008 12.19497760480292
837 4237.857066735099 12.202086237210652
838 4242.70921798556 12.209089267059415
839 4247.8605383241975 12.216519250001001
840 4252.783082301288 12.223615354890956
841 4257.388859008547 12.230251552895044
842 4262.329001167295 12.237365002228538
843 4267.321937871016 12.244550196901065
844 4272.174089121479 12.251528954180765
845 4277.167025825199 12.258705846939622
846 4282.195158892234 12.26592903747793
847 4287.504862865786 12.273551708247354
848 4292.832165020996 12.28119486489788
849 4297.948288996318 12.28853084710386
850 4303.18760024324 12.296038760300785
851 4308.198135128618 12.303214860900244
852 4313.208670013995 12.310386778332107
853 4318.3423921709755 12.317730517216162
854 4323.159347058123 12.324617580333578
855 4327.958703763612 12.331475682828124
856 4332.986836830647 12.338656273145547
857 4337.96217535271 12.345757431664564
858 4342.831924784829 12.352704082272666
859 4347.930450578493 12.359972565618
860 4353.152163643759 12.36741206742261
861 4357.933922167592 12.374221424726041
862 4362.8036715997105 12.381152105149344
863 4367.954991938348 12.388478893934623
864 4373.176705003613 12.395901287444348
865 4378.416016250537 12.403344208021503
866 4383.584934770831 12.410682849435622
867 4388.877040562726 12.418191727456035
868 4394.116351809648 12.425621296114473
869 4398.950904878454 12.432473502612343
870 4404.155019762062 12.439844750790241
871 4409.693500097159 12.447684359039618
872 4414.932811344082 12.455096335110206
873 4420.154524409348 12.462479052719667
874 4425.00667565981 12.469335841582591
875 4429.876425091929 12.47621368496353
876 4435.010147248909 12.483459871986437
877 4440.073476679258 12.490602678419437
878 4444.978422474692 12.497518379135293
879 4450.288126448244 12.504999880823735
880 4455.8090086016855 12.51277391731835
881 4460.889936213691 12.51992473589841
882 4465.865274735755 12.526923138872835
883 4470.770220531188 12.533818799309064
884 4475.921540869824 12.541056396832483
885 4480.967272118518 12.548141736973681
886 4485.889816095609 12.555050410486682
887 4491.129127342531 12.562399039373727
888 4496.438831316083 12.569841924504667
889 4501.766133471294 12.57730502856664
890 4506.583088358441 12.584050031222734
891 4511.611221425475 12.591086581346723
892 4516.850532672399 12.598414190427524
893 4521.9490584660625 12.605540995617737
894 4527.135575168013 12.612786545042681
895 4532.568466413167 12.62037149046548
896 4538.106946748266 12.628099027006002
897 4543.187874360272 12.635184578094156
898 4548.040025610734 12.641947694608143
899 4552.821784134567 12.648609256986585
900 4557.973104473203 12.655781208228372
901 4563.212415720127 12.663071381191157
902 4568.680503328595 12.670675108914969
903 4574.113394573748 12.678225421651943
904 4579.141527640784 12.685209732317169
905 4584.09926798119 12.69209259718608
906 4588.845830141708 12.698679078324398
907 4593.662785028855 12.705359646266725
908 4598.761310822519 12.712426496134274
909 4604.053416614414 12.719757246512161
910 4609.46870967791 12.727254108594975
911 4615.007190013009 12.734916789020009
912 4620.228903078274 12.742137381376189
913 4624.905072512162 12.748600837606114
914 4629.880411034226 12.755473776041331
915 4635.1549186444645 12.762755535144624
916 4640.394229891387 12.769984638379986
917 4645.510353866709 12.777039983309512
918 4650.6088796603735 12.784067209371349
919 4655.812994543982 12.791235845074912
920 4660.682743976101 12.797940694776807
921 4665.482100681591 12.804545288362965
922 4670.193466478794 12.811025606737175
923 4675.34478681743 12.81810668355882
924 4680.777678062584 12.825570204776065
925 4685.577034768074 12.832160577718525
926 4690.657962380082 12.839133513558926
927 4695.985264535291 12.846440174365991
928 4700.802219422439 12.853043941427794
929 4705.6367724912425 12.859668400039643
930 4710.629709194964 12.8665060791825
931 4715.693038625313 12.873436354768813
932 4720.791564418977 12.88041098951882
933 4725.766902941041 12.887213631874966
934 4730.707045099789 12.893964648014984
935 4735.840767256768 12.900976195888608
936 4741.009685777061 12.908031920223141
937 4745.897033390838 12.914700113753698
938 4750.696390096328 12.921245026811606
939 4755.706924981706 12.928074093288643
940 4760.647067140455 12.934803783290924
941 4765.516816572574 12.941434251849069
942 4770.580146002923 12.948324424016239
943 4775.590680888301 12.955139216088448
944 4780.777197590252 12.962189350061315
945 4785.998910655519 12.969283410020918
946 4790.991847359239 12.97606332814794
947 4796.143167697875 12.983054392196218
948 4801.083309856623 12.989755598216686
949 4805.847470198798 12.996215054088823
950 4810.928397810806 13.003100015717925
951 4815.991727241156 13.009957529269904
952 4821.160645761449 13.016954181375214
953 4826.276769736771 13.023875737684644
954 4831.428090075407 13.030841150335247
955 4836.544214050729 13.03775533425518
956 4841.501954391137 13.044452180853398
957 4846.512489276513 13.051216779183013
958 4851.611015070178 13.058096457595267
959 4857.149495405275 13.065565107349093
960 4862.70557392203 13.07305317991514
961 4867.76890335238 13.07987401848858
962 4872.656250966156 13.08645465029482
963 4877.43800948999 13.092890052885249
964 4882.307758922108 13.099440504068735
965 4887.230302899199 13.106058571451504
966 4892.117650512976 13.112626062425777
967 4897.497747213159 13.119851226426546
968 4902.508282098536 13.12657696896733
969 4907.378031530655 13.1331106180112
970 4912.441360961005 13.139900281187897
971 4917.381503119754 13.146521538043359
972 4922.128065280272 13.152880459768726
973 4926.945020167418 13.159330446328761
974 4932.237125959314 13.166412373393788
975 4937.6172226594945 13.173608037922468
976 4943.050113904648 13.180870261988003
977 4948.148639698314 13.187682303649627
978 4953.053585493747 13.194232638114244
979 4958.257700377356 13.201178543572716
980 4963.391422534335 13.208027006404441
981 4968.489948327999 13.214825049184075
982 4973.711661393265 13.221783559835776
983 4978.827785368588 13.228597944369339
984 4984.014302070538 13.235502416318882
985 4989.20081877249 13.242403288338306
986 4994.0881663862665 13.248903193309381
987 4998.8347285467835 13.255212999586673
988 5004.074039793708 13.262173670971421
989 5009.559725583833 13.269457441114078
990 5014.71104592247 13.27629400985672
991 5019.844768079448 13.283103744937845
992 5025.031284781399 13.289979899811437
993 5030.235399665008 13.296875789748414
994 5035.245934550386 13.303512035799226
995 5040.397254889022 13.310331113134433
996 5045.777351589204 13.317449015927671
997 5050.770288292925 13.324051771833332
998 5055.816019541618 13.330720952789571
999 5061.143321696827 13.337758315988316
1000 5066.277043853806 13.344536685787928
1001 5071.393167829128 13.351288418312626
1002 5076.597282712736 13.358152658941071
1003 5081.731004869715 13.364920685219152
1004 5086.864727026695 13.371685285887608
1005 5091.9280564570445 13.378353870318515
1006 5096.762609525849 13.38471834138361
1007 5101.509171686366 13.390964151878642
1008 5106.713286569975 13.39780806503453
1009 5111.847008726953 13.404556069118017
1010 5116.716758159073 13.410954290908004
1011 5121.79768577108 13.417626439853743
1012 5126.896211564744 13.424318342399962
1013 5131.977139176752 13.430983852448582
1014 5136.706103155611 13.437185110411603
1015 5141.329478044528 13.443245284760234
1016 5146.463200201507 13.449970492490035
1017 5151.596922358486 13.456692339184878
1018 5156.713046333808 13.46338782707035
1019 5161.776375764158 13.47001101249547
1020 5166.575732469648 13.476286235141458
1021 5171.551070991711 13.482788236345254
1022 5176.596802240403 13.489378937845057
