1 14.627859237536656 0.6822395295088924
2 19.78402836442309 0.6822395295088924
3 25.39662271702401 0.9273135367025969
4 30.72834000764679 1.1111467203267413
5 35.814289869038696 1.2617947790630601
6 40.93534936317785 1.397165153971432
7 46.23195702105336 1.524579198857742
8 51.24768761695072 1.6361204169378993
9 56.19319894735355 1.7391111403834385
10 61.6653547689654 1.8463763667898165
11 67.13751059057724 1.9477432626180848
12 72.39900861570547 2.040468012630569
13 77.41473921160284 2.1251018788989566
14 82.81667576772014 2.2126286131403665
15 88.56970865131012 2.30218298358493
16 93.93653557468016 2.382697736027862
17 99.09270470156659 2.4575716219261676
18 104.28398346120028 2.53071796633774
19 109.15927552610859 2.5975411873121037
20 114.06967722376416 2.663150838207295
21 119.36628488163967 2.7321500056113166
22 124.6277829067679 2.7990086721295313
23 129.46796533892893 2.859138151379043
24 134.58902483306807 2.921406403031319
25 139.74519395995452 2.982788149918949
26 144.33960896288468 3.036443472378283
27 149.5308877225184 3.095943169568281
28 154.86260501314115 3.1558835130494742
29 159.5974585470604 3.208181112730772
30 164.5780795102105 3.2622858496138085
31 170.08534496456963 3.321080015062565
32 175.83837784815958 3.381404083612089
33 181.31053366977142 3.4378033256576344
34 186.46670279665787 3.490114823544808
35 191.79842008728065 3.54339358811129
36 196.88436994867251 3.593482593619472
37 201.51389458434994 3.6384813228765105
38 206.56473481299454 3.686944533712953
39 211.93156173636459 3.7377482534328226
40 217.05262123050375 3.785591949621794
41 222.13857109189564 3.832516854420768
42 227.11919205504572 3.8779206221797904
43 232.24025154918493 3.924055651354668
44 237.53685920706042 3.971206872104022
45 242.37704163922143 4.013814325932511
46 247.32255296962427 4.056885872556165
47 252.33828356552164 4.100106250827792
48 257.67000085614444 4.145552786639935
49 262.8963892485254 4.189623900505775
50 267.7716813134337 4.230323299976892
51 272.8225215420783 4.272077817652905
52 278.0489099344593 4.314856822764009
53 283.240188694093 4.3569329291602505
54 288.1505903917486 4.396364033660357
55 293.0961017221514 4.435722517961094
56 298.25227084903776 4.476387386271614
57 303.68931703790236 4.518868972274202
58 308.8103765320415 4.558521820895861
59 314.0016552916752 4.598368878181863
60 319.19293405130895 4.637873595526224
61 324.1384453817118 4.675199357028968
62 329.2243952431037 4.713275724837451
63 334.4507836354847 4.752084656149668
64 339.326075700393 4.788005364851971
65 344.2715870307958 4.824169660546361
66 349.63841395416586 4.863107537891825
67 354.4083771208324 4.897459096497749
68 359.38899808398253 4.933070901008476
69 364.54516721086895 4.969667824915574
70 368.85870515182097 5.000083911562536
71 373.87443574771834 5.035214733037494
72 379.2763723038356 5.072775846790928
73 384.43254143072204 5.108372007539186
74 389.3780527611249 5.14228374433915
75 394.25334482603324 5.1754969714929615
76 399.47973321841425 5.210864556175293
77 404.7412312435424 5.246228675562887
78 409.7218522066925 5.279488443855746
79 414.8429117008316 5.3134680418543585
80 420.1746289914544 5.34861470574845
81 425.611675180319 5.38421879451044
82 431.0136117364363 5.419361531688678
83 435.88890380134455 5.4508867357325625
84 440.8344151317475 5.4826803431961935
85 445.67459756390855 5.513619969465141
86 450.7254377925531 5.545720766991376
87 455.98693581768134 5.5789626920184565
88 461.1079953118205 5.61112904163993
89 466.0535066422234 5.642019732491175
90 471.0692372381207 5.673176794966917
91 475.8743100375345 5.702866910277905
92 480.81982136793727 5.733263340910428
93 486.11642902581286 5.765637848698537
94 490.85128255973206 5.794428798983561
95 495.83190352288216 5.824559040734164
96 501.3391689772413 5.857691654641407
97 506.31978994039133 5.887498147206809
98 511.2653012707942 5.916946169541205
99 516.6321281941642 5.948735494591488
100 521.9989551175343 5.980355841919185
101 527.2604531426625 6.011194713987505
102 532.3464030040543 6.040855975757844
103 537.5376817636879 6.07098147486031
104 542.6587412578272 6.100554111808065
105 547.4989236899883 6.128375142981469
106 552.7955313478637 6.158673003109585
107 557.9868101074974 6.1882249722742495
108 562.9674310706475 6.216446832394424
109 568.3342579940174 6.246712193734473
110 573.3850982226621 6.275063895220955
111 578.0146228583396 6.3009408881039874
112 583.1356823524787 6.3294391914593735
113 588.1163033156289 6.35703416625158
114 592.6756086858118 6.382192556787863
115 597.6562296489618 6.409560417409796
116 602.9528373068374 6.4385352379671055
117 607.9685679027347 6.465855264052503
118 612.9491888658848 6.4928704906369035
119 618.1053579927714 6.520719054200083
120 623.0157596904269 6.547131368093164
121 628.3825866137969 6.57587493512717
122 633.7143039044197 6.604306761589346
123 638.6949248675699 6.63075792905176
124 644.0968614236871 6.659325648867937
125 649.1477016523318 6.685927890384773
126 654.02299371724 6.71150642926483
127 659.1791628441264 6.738451478321088
128 664.2651127055183 6.764924785691677
129 669.3159529341631 6.791113385433953
130 674.542341326544 6.818105421206929
131 679.768729718925 6.844991019392386
132 684.5386928855914 6.8694390405862595
133 689.5544234814889 6.895051922753156
134 694.9212504048589 6.922350975559264
135 699.8667617352619 6.9474139482768
136 704.7069441674229 6.971856423559358
137 709.7577843960677 6.9972705856269775
138 714.527747562734 7.021188384116237
139 719.4732588931369 7.045899791022684
140 724.7347569182652 7.0720937323135
141 729.8909260451516 7.09767000742162
142 735.0119855392909 7.122981393858447
143 740.1681546661772 7.148375599594509
144 745.6403104877891 7.175226257206971
145 750.7964796146755 7.2004362102401025
146 755.566442781342 7.223681353333984
147 760.6523926427337 7.248382669594855
148 766.1245484643456 7.274864222383618
149 771.7371428169466 7.301925025213869
150 776.8230926783385 7.326362542505148
151 781.698384743247 7.349712572533749
152 786.819444237386 7.374158887755395
153 792.1160518952616 7.39935744291216
154 797.2020017566534 7.42347422696122
155 801.97196492332 7.446023118089666
156 806.9876955192173 7.469659199739777
157 812.2140839115982 7.494207702027492
158 817.159595242001 7.517364340047178
159 821.8944487759203 7.539468941852463
160 826.7697408408286 7.562160982139698
161 831.8556907022204 7.5857601959311864
162 836.7660923998759 7.608476188924784
163 841.5009459337952 7.6303168493569355
164 846.6571150606817 7.654028024328422
165 851.6026263910844 7.676702582299878
166 856.3374799250038 7.698349682966771
167 861.7043068483737 7.722809712313185
168 866.8955856080074 7.746396904422513
169 871.8410969384101 7.7688018729229675
170 876.8919371670548 7.791617046447165
171 881.7321195992159 7.813419073651489
172 886.9936176243441 7.837048137787292
173 892.2902252822196 7.860762989692093
174 897.2708462453697 7.882999282799727
175 902.7078924342342 7.907199912056853
176 908.0045000921097 7.930704994850684
177 913.020230688007 7.952900728695218
178 918.1763998148936 7.975652937290177
179 923.0165822470545 7.996953244712657
180 927.891874311963 8.018350702779124
181 932.9076049078602 8.04030448912787
182 937.6775680745267 8.061128144041504
183 942.6230794049294 8.082660731129494
184 947.7090292663214 8.104744507072427
185 952.9003080259552 8.127223306466268
186 957.9862578873469 8.149186321562812
187 962.9317692177498 8.17048684249789
188 967.7719516499108 8.19128052659937
189 972.647243714819 8.212171665283439
190 977.8736321071999 8.23450690575673
191 982.9244723358446 8.256035225137419
192 988.1508607282256 8.27825211983671
193 993.6230165498375 8.301449047534723
194 998.779185676724 8.323248528335537
195 1003.7246970071268 8.344104721557876
196 1008.9861950322551 8.366235085019953
197 1014.0019256281523 8.387278329884502
198 1018.8421080603132 8.407535858083806
199 1024.279154249178 8.430230836790646
200 1029.5055426415588 8.451989853427829
201 1034.5914925029508 8.47311108819098
202 1039.71255199709 8.49432492407879
203 1044.3420766327672 8.5134590562298
204 1048.725833839214 8.531538939723198
205 1053.4606873731332 8.551022277140797
206 1058.5817468672724 8.572043302921388
207 1063.9485737906425 8.594017011766017
208 1069.5611681432433 8.616936115479275
209 1074.506679473646 8.637083162627055
210 1079.206423374818 8.656186544296366
211 1084.5030310326936 8.677663093009267
212 1089.7645290578218 8.698944915865923
213 1094.7802596537194 8.719185221934497
214 1099.9364287806059 8.739942832194352
215 1104.8819401110086 8.759806975607976
216 1110.038109237895 8.780468553871978
217 1115.4751554267596 8.802202041656711
218 1120.490886022657 8.822205453699027
219 1125.1555202910815 8.840769402386607
220 1130.206360519726 8.860824864758918
221 1135.3274200138655 8.881112637892345
222 1140.1324928132792 8.900107737343557
223 1145.2886619401656 8.920444356193652
224 1150.7608177617774 8.941975488737448
225 1155.7765483576748 8.961666916724404
226 1160.1603055641212 8.978844330103104
227 1165.0004879962821 8.997770108545758
228 1170.1566571231688 9.017886487523784
229 1175.2074973518136 9.037548913262858
230 1180.1530086822163 9.05676034239084
231 1185.34428744185 9.076881790998009
232 1190.9217721617035 9.098449169768182
233 1195.972612390348 9.117937867336558
234 1200.7074659242676 9.13617076552069
235 1205.8285254184066 9.155848440191447
236 1210.7389271160623 9.174677805079455
237 1215.5791095482232 9.193200435595452
238 1221.0161557370877 9.21396044085513
239 1226.4180922932053 9.234540291191049
240 1231.6093710528387 9.254275203271119
241 1237.1166365071979 9.27516431335511
242 1242.2728056340845 9.294680350359592
243 1247.0778784334982 9.312831946553757
244 1252.304266825879 9.332533385186647
245 1257.390216687271 9.351666077015436
246 1262.089960588443 9.369312586712162
247 1267.3865682463188 9.389158088648877
248 1272.2267506784797 9.407258422922988
249 1276.7509464159152 9.424146863459878
250 1282.1177733392853 9.44413818807333
251 1286.78240760771 9.461481949162263
252 1291.2012744469039 9.477883604732579
253 1296.3925532065377 9.49711286513467
254 1301.2678452714458 9.515137390902172
255 1306.2484662345962 9.533515746053638
256 1311.474854626977 9.552762061368623
257 1316.4554755901272 9.571068169939643
258 1321.7169736152555 9.590367657557564
259 1327.1189101713728 9.610141476123736
260 1332.3101889310062 9.629106622078787
261 1337.1503713631676 9.646756748326165
262 1342.2363212245596 9.665267445433381
263 1347.7435866789187 9.685270171431037
264 1352.864646173058 9.703834432666966
265 1357.985705667197 9.722363246639896
266 1363.1067651613362 9.740856815630515
267 1368.1224957572335 9.758936406583803
268 1373.2435552513725 9.777360798842805
269 1378.0135184180392 9.794492067867342
270 1382.959029748442 9.812221583688427
271 1387.7992121806033 9.829542910502798
272 1392.709613878259 9.847084136772535
273 1398.041331168882 9.866093585377056
274 1403.5134869904937 9.885565272894235
275 1408.6696561173803 9.903878560456858
276 1413.334290385805 9.92041859495734
277 1418.314911348955 9.938047494940008
278 1423.435970843094 9.95614043767386
279 1428.1708243770136 9.972841005392075
280 1433.5376513003837 9.99173457064357
281 1439.2906841839738 10.011946905593058
282 1444.306414779871 10.029537832101026
283 1449.4274742740101 10.0474660252497
284 1454.5836434008963 10.065484752567633
285 1459.318496934816 10.082004196007679
286 1464.0182408359876 10.098374549393487
287 1469.525506290347 10.117521042315436
288 1474.9625524792118 10.136388153494641
289 1480.0836119733508 10.15412769278128
290 1485.0642329365012 10.171351538208466
291 1489.9746346341565 10.18830428879493
292 1495.2010230265375 10.206315927010504
293 1499.6549994984787 10.22164307365048
294 1503.9334278066835 10.236345177120052
295 1509.124706566317 10.254152219145025
296 1514.4915334896868 10.272528400776562
297 1519.7179218820681 10.29039261960554
298 1524.9443102744488 10.308225879679942
299 1529.8547119721043 10.324953895963151
300 1534.8353329352542 10.34189324380564
301 1539.780844265657 10.35868589185701
302 1544.7965748615545 10.375688974294134
303 1550.0229632539358 10.39337588140446
304 1555.3546805445585 10.411387940659063
305 1560.5459593041921 10.428896106450996
306 1565.596799532837 10.445902912477377
307 1570.7880782924708 10.463353325065116
308 1575.8740281538626 10.480421834808421
309 1580.6791009532767 10.49652313315798
310 1585.6597219164266 10.513186044079534
311 1590.5350139813352 10.529471382366108
312 1595.5858542099797 10.546316003696335
313 1600.7771329696136 10.56360054139067
314 1605.4768768707854 10.579225696126864
315 1610.281949670199 10.595176845101854
316 1615.2274610006018 10.611568683228093
317 1619.7516567380374 10.626543322608365
318 1624.3811813737148 10.64184439716854
319 1629.5022408678537 10.658742729635081
320 1634.4477521982567 10.675036960893083
321 1639.6039213251433 10.691998124394615
322 1644.7249808192823 10.708817315420932
323 1649.8460403134216 10.725610131738913
324 1655.1777576040445 10.74306517418569
325 1660.1583785671944 10.759346274254279
326 1665.1389995303448 10.775602774871457
327 1670.2600590244838 10.792291673450023
328 1675.1353510893923 10.808156473675648
329 1680.3266298490257 10.825022933356983
330 1685.833895303385 10.84288637815421
331 1691.0251740630185 10.859698898119133
332 1695.935575760674 10.87557871219143
333 1700.9513063565716 10.891774906331966
334 1706.0723658507106 10.90828607129479
335 1711.0178771811134 10.924208097298798
336 1716.0687174097584 10.940444973164633
337 1721.119557638403 10.956657787327206
338 1725.9597400705638 10.9721725875331
339 1730.519045440747 10.986767938372104
340 1735.2890086074135 11.002016197425341
341 1740.1994103050695 11.017690891274404
342 1745.0747023699773 11.033231592344515
343 1750.02021370038 11.048973568173373
344 1754.9657250307828 11.06469314757886
345 1760.332551954153 11.081725337755076
346 1765.3482825500505 11.097620679522894
347 1769.6267108582551 11.11116376472853
348 1774.6775510868997 11.127127835356747
349 1780.2199261740059 11.144617657813644
350 1785.235656769903 11.160423424941502
351 1790.216277733053 11.176096542912065
352 1795.6533239219177 11.193179472031256
353 1800.949931579793 11.209796517297702
354 1805.7198947464597 11.224741807096853
355 1811.0867216698296 11.241531508088753
356 1816.4886582259467 11.258405661164451
357 1821.4341695563494 11.273833224384
358 1826.2392423557635 11.288802931250775
359 1831.5358500136388 11.305279425415977
360 1836.6920191405254 11.32129642145096
361 1841.251324510708 11.335442254424253
362 1846.1617262083637 11.350656512759436
363 1851.0370182732718 11.36574194961712
364 1856.2282970329056 11.381782163331636
365 1861.3844661597923 11.397691651784525
366 1866.2597582247001 11.412714917310293
367 1871.24037918785 11.42804203248767
368 1876.5018772129786 11.444210352392133
369 1881.7282656053594 11.460248300567939
370 1886.5684480375205 11.475082245138168
371 1891.6543978989123 11.490648004488829
372 1896.8807862912934 11.506621227968454
373 1901.9667361526851 11.522144380032397
374 1906.9824667485825 11.537432964028156
375 1911.9630877117322 11.552594613849806
376 1917.0490375731245 11.568056074480683
377 1922.2052067000106 11.583709730390948
378 1927.3262661941499 11.599235988674218
379 1932.3068871572998 11.61431695940244
380 1937.3226177531974 11.62948437028033
381 1942.1276905526113 11.643996855375137
382 1947.1434211485084 11.659125655602027
383 1952.1942613771535 11.674340440079346
384 1957.1046630748087 11.689113605322408
385 1962.1906129362008 11.704394726277448
386 1967.0307953683616 11.71891963154139
387 1972.0816355970064 11.734056885335134
388 1977.27291435664 11.74959429667802
389 1982.3939738507793 11.764901637477886
390 1987.339485181182 11.77966587299549
391 1992.741421737299 11.795770236122872
392 1998.0029197624276 11.811435194627984
393 2002.9133214600831 11.826037101419818
394 2007.7886135249917 11.840516894071651
395 2012.5234670589107 11.854563071785531
396 2017.9956228805224 11.870773511114402
397 2023.4326690693867 11.886858142873002
398 2028.272851501548 11.90116036068757
399 2033.5343495266764 11.916686780489595
400 2038.7607379190572 11.932089688950823
401 2043.9520166786908 11.947369563774883
402 2049.143295438325 11.962629921621007
403 2054.05369713598 11.97704749965214
404 2058.8938795681415 11.991242147122978
405 2063.488294571072 12.00470124761921
406 2068.1880384722435 12.018452977655317
407 2072.8175631079207 12.031984090846654
408 2077.7279648055764 12.046318662962907
409 2082.8139146669682 12.06114722404243
410 2087.3732200371514 12.074426313537835
411 2092.2836217348067 12.08871055854661
412 2097.47490049444 12.103792716192894
413 2102.3501925593487 12.117940621706406
414 2107.2957038897516 12.132275238020565
415 2112.662530813121 12.147810685981703
416 2118.31023479847 12.164137020553573
417 2123.501513558103 12.179125773348831
418 2128.6927923177373 12.194096102265947
419 2133.8489614446235 12.208947109678299
420 2139.0051305715097 12.22378007420563
421 2144.1612996983963 12.23859506145093
422 2149.2472495597885 12.253190935774606
423 2154.262980155686 12.267568479274136
424 2159.419149282572 12.282330648916142
425 2164.6806473077 12.297375820182097
426 2169.626158638103 12.311501516983379
427 2174.5014507030114 12.325411003180468
428 2179.3416331351723 12.339204910339118
429 2183.900938505355 12.352185080396321
430 2188.6006824065275 12.365550379659094
431 2193.5813033696772 12.379697859980073
432 2198.983239925795 12.395022649772883
433 2204.3149572164175 12.410129859398078
434 2209.1200300158307 12.423730485506972
435 2214.24108950997 12.438208214188913
436 2219.327039371362 12.452570120657601
437 2224.1321121707756 12.46612444424032
438 2229.007404235684 12.479861595944252
439 2234.093354097076 12.494175622437124
440 2239.4250713876986 12.509163086435603
441 2244.7567886783213 12.52413261514681
442 2249.772519274218 12.538199473884413
443 2254.788249870116 12.552250568405919
444 2259.9795286297494 12.566776415624435
445 2264.7143821636687 12.58001171638721
446 2269.5194549630824 12.593428875164664
447 2275.061830050189 12.608884951030042
448 2280.2882184425694 12.623443279437783
449 2285.4092779367093 12.637692219396078
450 2290.460118165354 12.651730248860776
451 2295.6513969249877 12.666142010817131
452 2300.526688989896 12.679662465256115
453 2304.8051172981004 12.691517470061129
454 2309.7506286285034 12.705204966184196
455 2315.2578940828625 12.720428323551415
456 2320.589611373485 12.735149523007182
457 2325.7106708676242 12.749273617596858
458 2330.761511096269 12.763188921037951
459 2335.5314742629357 12.776317235842033
460 2340.5120952260854 12.79001036056587
461 2345.633154720225 12.804073938648724
462 2350.54355641788 12.817545068914127
463 2355.9103833412505 12.832250917318019
464 2361.27721026462 12.846939931998337
465 2366.4684890242543 12.86113295027391
466 2371.7650966821293 12.875597540725595
467 2377.061704340005 12.89004589971877
468 2382.147654201397 12.903904925534542
469 2386.6367403060854 12.916126742294551
470 2391.3364842072574 12.928909078284144
471 2396.3522148031543 12.942536004959363
472 2401.7190417265247 12.957099993865672
473 2406.6996626896744 12.970602266800945
474 2411.469625856341 12.983520856851966
475 2416.3098082885026 12.996616300496251
476 2420.834004025938 13.008845772424626
477 2425.8848442545827 13.02248371043269
478 2430.9707941159745 13.036201939938742
479 2435.986524711872 13.049716828498388
480 2441.212913104253 13.06378390149137
481 2446.685068925865 13.078495630388813
482 2452.051895849235 13.092908384521126
483 2457.2431746088687 13.10683505327321
484 2462.6451111649862 13.121310624236397
485 2467.3799646989055 13.133987125082923
486 2472.185037498319 13.14683892999513
487 2477.832741483667 13.161926106903433
488 2483.094239508795 13.175966937461578
489 2487.9695315737035 13.188964763457319
490 2493.301248864326 13.203163566753982
491 2498.4223083584657 13.216787528498026
492 2503.4731485871102 13.230211118164956
493 2508.5239888157553 13.243621101835036
494 2513.2939519824213 13.256273630464122
495 2518.0990247818354 13.269006994313102
496 2523.290303541469 13.282749028848578
497 2528.411363035608 13.29629144409745
498 2533.040887671285 13.308523409929974
499 2538.337495329161 13.322502265669607
500 2543.5287740887948 13.336189177085771
501 2548.2285179899663 13.348569275339635
502 2553.068700422127 13.361306939089308
503 2557.979102119783 13.374216810259119
504 2563.3459290431533 13.388311219088907
505 2568.5372078027867 13.401930922349573
506 2573.4476095004425 13.414801698671925
507 2578.5686689945815 13.428210938829206
508 2583.900386285204 13.442157031385749
509 2588.9863361465964 13.455447398240286
510 2594.072286007988 13.468724650730268
511 2599.193345502127 13.482080259373564
512 2604.033527934289 13.494691902455765
513 2609.0843681629335 13.50783932388744
514 2614.1352083915785 13.52097396113588
515 2619.1860486202236 13.534095851421666
516 2624.1666695833737 13.547023046705766
517 2629.2877290775127 13.560301539087483
518 2634.233240407915 13.57311295800868
519 2639.0383132073293 13.58554936026713
520 2643.773166741248 13.597793082864575
521 2648.437801009673 13.609844645817896
522 2653.5588605038124 13.623061905691365
523 2658.8203585289407 13.636627940212847
524 2663.94141802308 13.649819265572527
525 2668.781600455241 13.662276069704115
526 2673.6568925201495 13.67481166961534
527 2678.9183905452774 13.68832641680283
528 2684.144778937659 13.701737868380542
529 2689.125399900809 13.714507046420641
530 2694.492226824179 13.728252093317842
531 2699.8590537475498 13.741983392110832
532 2705.050332507183 13.755252912880149
533 2710.2065016340694 13.768420115355367
534 2715.2573418627144 13.781306401451097
535 2720.2028531931173 13.79391255846439
536 2725.1834741562675 13.8065964880223
537 2730.409862548648 13.819893165431518
538 2735.2851546135566 13.832285924552707
539 2740.3711044749484 13.845201801669663
540 2745.6677121328244 13.85863933418698
541 2750.788771626964 13.871619537677487
542 2755.699173324619 13.884054910772182
543 2760.4691364912856 13.896124331701465
544 2765.555086352678 13.90898092861168
545 2770.6410362140696 13.921825652652792
546 2775.5514379117253 13.934216220158303
547 2780.7427166713596 13.947302851030754
548 2786.179762860224 13.96099529313657
549 2791.300822354363 13.973880419482008
550 2796.0356758882826 13.98578418545516
551 2801.0514064841796 13.998382319656047
552 2806.2426852438134 14.01140901963492
553 2811.6095121671833 14.024863091198826
554 2816.4496945993446 14.036987075184117
555 2821.2196577660116 14.04892511282106
556 2826.656703954876 14.062518607357115
557 2831.777763449015 14.075310795334728
558 2836.8286036776594 14.08791636981924
559 2841.8443342735577 14.100423253510947
560 2846.8951745022027 14.11300639785538
561 2851.875795465353 14.125403799481804
562 2856.50532010103 14.136918394214845
563 2861.415721798686 14.149120603484564
564 2866.3963427618355 14.16148638965767
565 2871.0609770302594 14.173058643897505
566 2876.006488360663 14.185316664186336
567 2881.057328589308 14.197824570017662
568 2885.9677302869636 14.209974478803918
569 2891.229228312092 14.222980720712275
570 2896.174739642494 14.235195752838731
571 2901.08514134015 14.247313792041618
572 2906.5572971617617 14.26080462029171
573 2911.678356655901 14.273419100591653
574 2916.729196884546 14.28584986897487
575 2921.885366011433 14.298528464653758
576 2927.322412200297 14.311884886733987
577 2932.7243487564147 14.32514280540031
578 2937.599640821323 14.33709884145849
579 2942.75580994821 14.34973215657264
580 2947.9470887078432 14.36244018659861
581 2952.6819422417625 14.374022172578131
582 2957.557234306671 14.385937585448014
583 2963.029390128283 14.399298536444059
584 2968.2557785206636 14.412048392317837
585 2972.920412789088 14.423419616076124
586 2977.514827792018 14.434611087073364
587 2982.1443524276956 14.445879219394586
588 2986.8792059616144 14.457394361553582
589 2991.6491691282813 14.468985534661703
590 2996.8404478879147 14.481588916638168
591 3002.1370555457906 14.494436478063404
592 3007.3634439381717 14.507102720305188
593 3012.449393799564 14.51941832057552
594 3017.3246858644725 14.531214510924482
595 3022.375526093117 14.54342493432193
596 3027.4614759545093 14.555709802363978
597 3032.371877652165 14.567561224099805
598 3037.4929371463045 14.579910302223995
599 3042.7544351714328 14.592586827372033
600 3048.0510428293082 14.605336749986611
601 3053.3125408544365 14.617991225678168
602 3058.1527232865974 14.629623675816775
603 3063.1333442497476 14.641583650975969
604 3068.0788555801505 14.653449742241978
605 3072.954147645059 14.665138122194747
606 3077.934768608209 14.677069157551779
607 3083.3015955315786 14.689913582690744
608 3088.91418988418 14.703333658958073
609 3093.929920480077 14.71531749476649
610 3098.1381295227875 14.725366334545848
611 3102.6623252602235 14.736161194659262
612 3107.994042550846 14.748870580275712
613 3113.220430943227 14.761318501901977
614 3118.130832640882 14.77300497806235
615 3123.287001767769 14.785265836550911
616 3128.6889383238863 14.798099649666746
617 3133.774888185278 14.810173269474097
618 3138.439522453703 14.82123904505772
619 3142.9286085583913 14.831881017811778
620 3147.698571725058 14.843179753789066
621 3152.7845215864495 14.855216734658283
622 3158.186458142567 14.867990167391795
623 3163.763942862421 14.881166817987198
624 3169.0254408875494 14.893586933920838
625 3174.1816100144356 14.905748606959737
626 3179.443108039564 14.918148257319892
627 3184.2481808389775 14.929464272932504
628 3189.2990210676226 14.941349240765465
629 3194.3498612962667 14.953224762313893
630 3198.9793859319448 14.96410237797618
631 3203.8897876296005 14.975630609287006
632 3208.9757374909923 14.987561215094061
633 3213.8159199231527 14.998907046788663
634 3218.480554191578 15.009833681860199
635 3223.6367233184646 15.021901242277204
636 3228.6875635471083 15.033713133836365
637 3233.387307448281 15.044696425053106
638 3238.367928411431 15.056326691278779
639 3243.980522764032 15.069420461790862
640 3249.4526785856438 15.082175943260818
641 3254.6790669780253 15.09434899902432
642 3259.800126472164 15.106267444585633
643 3264.5700896388307 15.117361105170307
644 3269.761368398465 15.1294243754468
645 3275.05797605634 15.141722266587823
646 3280.2492548159735 15.153766143989724
647 3285.54586247385 15.166044296811446
648 3290.5967027024944 15.177744011235715
649 3295.471994767403 15.189028937533818
650 3300.452615730553 15.200548772256472
651 3305.6087848574402 15.21246504526378
652 3310.835173249821 15.224533926338875
653 3315.745574947476 15.235865103153968
654 3320.4453188486477 15.24670277053457
655 3325.4961590772923 15.258340638181505
656 3330.6172185714317 15.270131087642385
657 3335.352072105351 15.281025120649707
658 3340.1571449047647 15.292072612544024
659 3345.243094766157 15.30375652634662
660 3350.6099216895273 15.316075405568528
661 3355.766090816414 15.327901865705092
662 3360.6062732485752 15.33899595888533
663 3365.551784578978 15.35032294665442
664 3370.9537211350953 15.362684724701369
665 3376.2854384257184 15.374876213788319
666 3381.301169021616 15.386337019396304
667 3386.5626670467445 15.398349676765351
668 3391.7188361736307 15.410112995807788
669 3396.5590186057916 15.421147945778191
670 3401.4343106707 15.43225488255741
671 3407.046905023301 15.445029957236873
672 3412.55417047766 15.457555236252656
673 3417.3592432770743 15.46847665192644
674 3422.234535341983 15.479549629295795
675 3427.4609237343643 15.491410434389206
676 3432.441544697514 15.502705575453943
677 3436.8955211694542 15.51280060087054
678 3441.8059228671104 15.523921368315118
679 3446.856763095754 15.535351566906538
680 3451.732055160663 15.546376912387771
681 3456.8531146548025 15.557949077723089
682 3462.2199415781724 15.570066843671194
683 3467.025014377586 15.580909394697748
684 3471.6896486460105 15.591428161803488
685 3476.7053792419088 15.602729902482139
686 3481.6508905723117 15.613865567171219
687 3486.91238859744 15.62570330715355
688 3492.0685577243266 15.63729559798669
689 3497.224726851213 15.648879301548673
690 3502.7671019383192 15.661320259445537
691 3508.028599963448 15.673122157452026
692 3512.974111293851 15.684207844271205
693 3517.603635929528 15.694578837565963
694 3522.268270197953 15.705021472365832
695 3527.3191104265975 15.716319960640481
696 3532.40506028799 15.727688709266989
697 3537.6665583131185 15.739440842326603
698 3542.6120696435205 15.750479852023032
699 3547.276703911946 15.760885448726599
700 3552.0817767113595 15.771596817610872
701 3556.886849510774 15.782300916744203
702 3561.411045248209 15.792373326864778
703 3566.602324007843 15.803921362855423
704 3572.0393701967078 15.816006550325175
705 3577.1253200581 15.827303694259069
706 3582.49214698147 15.839215392236795
707 3587.648316108356 15.850651532895913
708 3592.6640467042544 15.86176857422989
709 3597.398900238173 15.872256537952373
710 3602.2741923030817 15.883048019860988
711 3607.746348124693 15.895150597916468
712 3612.8674076188327 15.906469027834099
713 3618.1289056439605 15.918089170090106
714 3623.285074770846 15.929468685507512
715 3628.1954764685024 15.940298766642544
716 3633.246316697146 15.951430607553055
717 3638.016279863813 15.961936884487068
718 3643.067120092458 15.973053645502583
719 3648.3286181175863 15.984625383649057
720 3653.660335408209 15.99634287249241
721 3658.8867238005905 16.007820770336288
722 3663.8322351309935 16.018674831430175
723 3668.4266501339234 16.02875251442689
724 3673.021065136854 16.038823865308775
725 3677.8612475690147 16.04942654441002
726 3682.806758899418 16.060252486941103
727 3688.103366557294 16.071838140375093
728 3693.2946453169275 16.08318551651579
729 3698.6614722402974 16.09490783974943
730 3704.063408796415 16.106698164242577
731 3708.7982623303337 16.117026743731614
732 3713.8491025589788 16.12803660449451
733 3719.0403813186126 16.13934446822926
734 3724.3720986092358 16.150949709007936
735 3729.7389255326057 16.16262288473835
736 3735.0355331904816 16.17413520966069
737 3740.191702317368 16.185334706332462
738 3744.8914462185394 16.19553702374613
739 3749.8018479161956 16.20618930084408
740 3754.817578512093 16.21706261750026
741 3759.9737476389796 16.228232488954212
742 3765.0245878676246 16.239166954413136
743 3769.864770299786 16.249638912767214
744 3774.740062364694 16.260179937194934
745 3779.2291484693824 16.269880739751553
746 3783.648015308576 16.27942432140258
747 3788.4179784752428 16.289719055681783
748 3793.609257234876 16.30091476148777
749 3798.8005359945105 16.312102783195602
750 3804.026924386892 16.323358653488224
751 3809.2182031465254 16.334531302692973
752 3814.1988241096756 16.34524382782847
753 3819.0741161745837 16.35572323640269
754 3824.1951756687226 16.366723159777713
755 3829.7726603885767 16.378694124865635
756 3834.9639391482106 16.389829052926572
757 3840.0498890096023 16.40073094147129
758 3845.3464966674783 16.412076245272917
759 3850.362227263375 16.42281324760721
760 3855.1673000627893 16.433093166387586
761 3860.112811393192 16.443666517995894
762 3864.988103458101 16.45408324245679
763 3869.9336147885037 16.464643114552533
764 3875.124893548137 16.475719955068122
765 3880.386391573266 16.486938889051668
766 3885.19146437268 16.49717884914617
767 3889.9965371720937 16.507412457138987
768 3894.7313907060125 16.51749046720634
769 3899.6066827709205 16.527860664008834
770 3904.6224133668184 16.538522497914432
771 3909.9190210246934 16.549773342258785
772 3915.215628682569 16.561016543263797
773 3919.915372583741 16.57098756495155
774 3925.0364320778804 16.581844688718444
775 3930.368149368503 16.593140447773024
776 3935.2785510661583 16.60353763770789
777 3940.1889527638145 16.613928320961424
778 3944.9940255632273 16.62409005941184
779 3949.728879097147 16.634097378805397
780 3954.920157856781 16.645061452449742
781 3960.3220944128984 16.65646235368771
782 3965.618702070774 16.667633587463264
783 3970.9153097286494 16.67879733889861
784 3976.3874655502614 16.690322908838088
785 3980.946770920444 16.699921474136158
786 3985.7869533526045 16.710104687413807
787 3990.978232112239 16.721018922678628
788 3995.8184145443997 16.73118929528297
789 4001.009693304034 16.742089785413267
790 4005.709437205205 16.7519530298518
791 4010.128304044399 16.761222129215287
792 4014.9684864765604 16.77136812209759
793 4019.9842170724573 16.781875251950915
794 4024.8946187701135 16.79215558346527
795 4030.121007162495 16.803089884309227
796 4035.2420666566336 16.813797133996125
797 4040.082249088795 16.823911420510722
798 4045.0628700519455 16.834312531187578
799 4050.4648066080617 16.845585349927347
800 4055.9720720624214 16.85707000885813
801 4060.9526930255715 16.867450672702507
802 4065.9333139887217 16.877824951946867
803 4071.054373482861 16.888484819887235
804 4076.2456522424955 16.89928385050116
805 4081.3667117366344 16.909930190950245
806 4086.312223067038 16.92020557211689
807 4091.6790499904077 16.9313483991695
808 4096.659670953557 16.941683550537935
809 4101.675401549455 16.95208511693175
810 4106.901789941836 16.962916327464747
811 4111.531314577513 16.972505988181155
812 4116.511935540663 16.98281609249047
813 4121.106350543593 16.992321979205933
814 4125.665655913776 17.001750047746068
815 4131.032482837147 17.012839466044397
816 4136.399309760517 17.0239216606739
817 4141.5203692546565 17.03449010424918
818 4146.781867279784 17.045341269838442
819 4152.0082556721645 17.05611325965352
820 4156.81332847158 17.066011706767352
821 4161.899278332971 17.076481915368227
822 4167.230995623593 17.087450694724453
823 4172.352055117733 17.097979870371834
824 4177.683772408356 17.108934867091563
825 4183.120818597221 17.12009886195148
826 4188.206768458613 17.130536012436103
827 4192.801183461543 17.1399599733203
828 4197.81691405744 17.150241286120536
829 4202.937973551579 17.160731935880666
830 4207.848375249235 17.170785443374914
831 4213.320531070846 17.18198099381006
832 4218.617138728722 17.192810768974567
833 4223.63286932462 17.203060495821642
834 4228.543271022274 17.213089280839757
835 4233.172795657952 17.222539643630835
836 4237.977868457366 17.232342493863893
837 4242.607393093043 17.24178230381367
838 4247.377356259711 17.25150276610332
839 4252.814402448575 17.262574560171537
840 4258.286558270187 17.273710619745707
841 4263.267179233336 17.283841051317953
842 4267.896703869013 17.293252749945534
843 4272.631557402933 17.30287305558368
844 4277.8930554280605 17.313556014612885
845 4283.049224554947 17.324018923066397
846 4288.135174416339 17.334333291971184
847 4293.817988034434 17.345849677721596
848 4299.5359112852775 17.357429440435922
849 4304.656970779416 17.36779494301775
850 4309.216276149598 17.377019296293064
851 4313.986239316265 17.38666415102419
852 4319.001969912163 17.39679966504302
853 4324.158139039049 17.40721253852165
854 4329.103650369452 17.41719454737617
855 4333.627846106888 17.426322014973653
856 4338.538247804543 17.43622238722645
857 4343.905074727913 17.4470356550384
858 4348.6048186290855 17.456500596617378
859 4352.813027671796 17.4649723101555
860 4357.47766194022 17.474356993989698
861 4362.423173270623 17.484300669265597
862 4367.43890386652 17.494379616848743
863 4372.840840422638 17.505227378197645
864 4378.102338447767 17.515786920829303
865 4383.118069043664 17.52584776097938
866 4388.168909272309 17.53597312380413
867 4393.2899687664485 17.54623315135707
868 4398.3408089950935 17.556346757213944
869 4403.391649223739 17.56645454032461
870 4408.5829279833715 17.576837038145943
871 4414.019974172236 17.587704029297
872 4419.421910728353 17.598494265309675
873 4424.437641324252 17.60850784965236
874 4429.348043021907 17.618305845299943
875 4434.153115821321 17.627888611740254
876 4439.063517518977 17.63767584108471
877 4443.798371052897 17.64710838577607
878 4449.094978710771 17.657652891747702
879 4454.356476735899 17.668121335867614
880 4459.1615495353135 17.67767709820303
881 4464.036841600221 17.687367084531548
882 4468.806804766888 17.696842799203992
883 4473.752316097291 17.706661531740618
884 4478.6276081622 17.716335664980534
885 4483.573119492603 17.726143600178407
886 4488.7995078849835 17.7365021200635
887 4494.412102237585 17.747618631093705
888 4499.673600262713 17.7580340400687
889 4504.548892327622 17.767680202065684
890 4509.248636228793 17.776974424642642
891 4514.299476457438 17.786956832245174
892 4519.982290075533 17.798180348483022
893 4525.13845920242 17.80835852886929
894 4530.329737962053 17.818600075230368
895 4535.801893783665 17.829388850160672
896 4540.993172543298 17.839618323228823
897 4546.149341670185 17.849772875140623
898 4551.235291531577 17.859783613596328
899 4556.32124139297 17.869788743990846
900 4561.5125201526025 17.87999510355385
901 4566.317592952017 17.88943769246259
902 4571.26310428242 17.899150775731957
903 4575.997957816338 17.908445599675336
904 4580.416824655533 17.917116418304207
905 4585.678322680661 17.927433353398936
906 4590.869601440295 17.937606913655134
907 4595.534235708718 17.946744449835656
908 4600.655295202858 17.956769774954186
909 4605.987012493481 17.967201156258284
910 4611.143181620368 17.977283642560508
911 4616.510008543738 17.98777165677944
912 4621.876835467108 17.998253559381865
913 4627.0330045939945 18.008318660092247
914 4631.978515924397 18.01796765740552
915 4637.169794684031 18.028090127674623
916 4642.6770601383905 18.038821944722905
917 4647.833229265277 18.048864422146927
918 4652.462753900954 18.057877397837107
919 4657.057168903885 18.06681764807981
920 4662.002680234288 18.07643541932017
921 4667.123739728428 18.086388856591963
922 4671.999031793335 18.09585998692773
923 4677.120091287475 18.105802745791014
924 4682.170931516119 18.11560395701032
925 4686.976004315533 18.12492380057471
926 4691.710857849452 18.134102902564123
927 4696.58614991436 18.143549125665096
928 4701.812538306742 18.153669474690066
929 4706.722940004397 18.16317338912876
930 4711.668451334799 18.17274016496797
931 4716.824620461687 18.182708678276306
932 4722.296776283299 18.193281534904543
933 4727.242287613701 18.202832486956073
934 4732.187798944104 18.21237843028933
935 4737.519516234726 18.222663491564813
936 4742.394808299636 18.232063830555422
937 4747.445648528281 18.241797202556604
938 4752.391159858683 18.251322766284275
939 4757.757986782053 18.261653395310375
940 4763.195032970918 18.272113109519157
941 4768.035215403079 18.281420593298453
942 4773.015836366229 18.2909929151368
943 4778.101786227621 18.300762302482447
944 4782.97707829253 18.310122545919807
945 4787.711931826449 18.31920885166021
946 4792.622333524104 18.32862692942402
947 4797.813612283739 18.338577923771926
948 4802.969781410626 18.348456339482063
949 4807.318428984324 18.35678501936459
950 4811.983063252749 18.36571400207644
951 4817.033903481393 18.37537658019071
952 4822.049634077292 18.38496703148941
953 4827.381351367913 18.395155595636954
954 4832.2917530655695 18.404534809523305
955 4837.061716232236 18.4136414712496
956 4842.217885359122 18.423479638964725
957 4847.409164118756 18.43337942851488
958 4852.424894714654 18.442939717971395
959 4857.616173474287 18.45282906735373
960 4863.1234389286465 18.463314006180806
961 4868.771142913995 18.4740598971418
962 4873.716654244397 18.483465763299577
963 4878.346178880075 18.492266919156847
964 4883.642786537951 18.502329774259792
965 4888.623407501101 18.51178786578888
966 4893.674247729745 18.521374237505245
967 4899.181513184104 18.531820394866244
968 4904.091914881759 18.54113047564366
969 4908.616110619195 18.549704913643428
970 4913.386073785862 18.558740341413674
971 4918.050708054287 18.567572205835464
972 4922.258917096996 18.575537201752987
973 4927.134209161904 18.58475905489085
974 4932.606364983517 18.595103313979774
975 4937.586985946667 18.604514241712675
976 4942.743155073553 18.614251527947992
977 4948.390859058902 18.624910333691943
978 4953.547028185787 18.634636962218753
979 4958.597868414432 18.64416016803771
980 4963.648708643076 18.653678512003967
981 4968.629329606226 18.66305990296625
982 4974.241923958827 18.6736248372252
983 4979.5034219839545 18.68352403736855
984 4984.448933314358 18.69282450553723
985 4989.6051024412445 18.702515813933633
986 4994.585723404395 18.71187271982539
987 4999.461015469304 18.721027415117575
988 5004.722513494431 18.730901563221085
989 5009.703134457582 18.740244296262155
990 5014.71886505348 18.749648118530587
991 5020.401678671574 18.760295704857413
992 5025.452518900219 18.769755155340892
993 5030.152262801391 18.778553419338984
994 5034.957335600805 18.787544399744192
995 5039.867737298461 18.796727820012205
996 5044.988796792601 18.80630003862062
997 5050.1800755522345 18.815998413341497
998 5055.336244679121 18.825626312728463
999 5060.351975275019 18.834987506011934
1000 5065.473034769158 18.84454029035006
1001 5070.488765365055 18.85389209260937
1002 5075.644934491942 18.863500651135322
1003 5081.011761415311 18.873496200406194
1004 5085.8168342147255 18.882441973329048
1005 5090.86767444337 18.891840263296036
1006 5096.374939897729 18.902081685247015
1007 5101.952424617582 18.91244791884051
1008 5107.213922642712 18.922222178601253
1009 5111.878556911135 18.930884467854305
1010 5116.54319117956 18.939542795277447
1011 5121.418483244469 18.948587495873777
1012 5126.539542738607 18.958083038424142
1013 5131.520163701758 18.967313868977154
1014 5136.325236501172 18.97621541439928
1015 5141.5867345263005 18.985956845710444
1016 5146.321588060218 18.994719862407138
1017 5150.635126001172 19.002700426097064
1018 5155.475308433333 19.011650241523075
1019 5160.455929396484 19.020855075903196
1020 5165.5769888906225 19.03031455918461
1021 5170.733158017509 19.039834085336413
1022 5176.1702042063735 19.049866528502214
