1 14.627859237536656 0.7072040337663125
2 20.3292173477492 0.7072040337663125
3 25.96098637263035 0.9446647288606825
4 31.6623444828429 1.1355562493019757
5 37.433291678386844 1.3005488001229997
6 43.099855245933696 1.4443345895179855
7 48.209706130829375 1.562701668610077
8 53.45873518638784 1.6756061247410954
9 59.12529875393469 1.7895058285031051
10 64.75706777881584 1.895939085209403
11 70.2496586330342 1.9942802305113068
12 75.56827677392407 2.085093681060552
13 80.78251128681686 2.170440904192778
14 86.3794857690323 2.258461047433101
15 92.15043296457624 2.3457590432406357
16 97.71261290412599 2.426931550894265
17 103.17040921567865 2.5040255700193996
18 108.62820552723132 2.578815882899729
19 114.08600183878399 2.6514974373890774
20 119.23064726634536 2.7182336322468865
21 124.47967632190384 2.7846747493506774
22 129.65911629213093 2.8487172901267592
23 135.15170714634928 2.915091563236172
24 141.2010106832188 2.9864809678637423
25 146.72839608010287 3.050255483528314
26 152.01221967832703 3.109999873856321
27 157.2612487338855 3.168235880672316
28 162.510277789444 3.2254205889732632
29 167.86369047299954 3.2827155400920254
30 173.2866922418865 3.339752580558623
31 178.5705158401107 3.3944053971115116
32 183.81954489566917 3.447840973730215
33 189.62528663387883 3.505990286167968
34 194.8743156894373 3.557750309802151
35 199.8797829463359 3.606418916917451
36 205.44196288588563 3.659736147330961
37 210.72578648410982 3.709677798498496
38 216.32276096632523 3.761853526235717
39 221.9197354485407 3.8133154258507846
40 227.13396996143348 3.860644065026725
41 232.13943721833206 3.9055400054574805
42 237.28408264589342 3.9511514971241075
43 242.5679062441176 3.997454046492325
44 247.85172984234174 4.043226379317591
45 253.3791152392258 4.090558580168707
46 258.5585552094529 4.134422116473803
47 263.5988170090172 4.176665858671136
48 269.1262024059012 4.222502532666059
49 274.37523146145975 4.265576985422305
50 279.2763150903612 4.305409759218197
51 284.49054960325395 4.347384415319838
52 290.1571131708008 4.392542143172052
53 295.61490948235354 4.435602978415388
54 300.7943494525806 4.476086518547574
55 305.8346112521449 4.515134768677975
56 310.7009003383807 4.552518735286317
57 315.84554576594206 4.59170798876956
58 321.4773147908232 4.634224439828986
59 326.7959329317131 4.674023767558173
60 331.94057835927447 4.712202627083851
61 337.3983746708271 4.752367925706183
62 342.3342528423943 4.788405621695635
63 347.61807644061844 4.8266830327335715
64 353.319434550831 4.8676447737949715
65 358.95120357571216 4.907771342313287
66 364.0610544606078 4.94390065100728
67 368.6837817481837 4.976363055490226
68 373.4804817490882 5.009823497395789
69 378.4511544633211 5.04426211571753
70 383.5610053482167 5.079420674709048
71 388.63606169044664 5.114100817236763
72 393.9894743740022 5.15042818707831
73 399.3776816002235 5.186734538419952
74 404.93986153977323 5.223947399794455
75 410.36286330866017 5.259976465537234
76 415.1247687668989 5.291415057677662
77 419.95626331046896 5.323122847354499
78 424.75296331137343 5.3544167808491006
79 429.758430568272 5.386877500040369
80 435.00745962383047 5.4207073874757645
81 440.5000504780488 5.455880974106556
82 446.0274358749329 5.491049730880253
83 451.2416703878257 5.524022556687709
84 456.56028852871566 5.557453304147955
85 461.91370121227123 5.59090069391096
86 466.88437392650417 5.621780802039348
87 471.88984118340267 5.652706389295389
88 476.68654118430715 5.682185472033791
89 481.4484466425459 5.711300432756467
90 486.59309207010716 5.742587226346803
91 492.12047746699125 5.7760105605498735
92 497.7174519492067 5.809658387527025
93 502.8273028341024 5.840211013170821
94 507.7283864630039 5.869367159632168
95 513.0817991465594 5.90104687288261
96 518.7483627141063 5.934393770296536
97 523.8234190563362 5.964104475873503
98 528.8288863132349 5.9932639134729495
99 533.9387371981304 6.022885225133859
100 539.0833826256919 6.0525615944105
101 543.9844662545934 6.08069963329384
102 548.8507553408292 6.108509874441398
103 554.1345789390533 6.138561198419369
104 559.2444298239491 6.167484713020248
105 564.2498970808476 6.195687033956864
106 569.6381043070689 6.225900937577539
107 575.0263115332901 6.255968921463449
108 579.8230115341946 6.282618034014762
109 584.7936842484276 6.31011395921909
110 589.7991515053261 6.337681619940715
111 594.6306460488962 6.364178804146214
112 599.705702391126 6.3918921008840535
113 605.2330877880102 6.421936979815837
114 610.6212950142315 6.45109132120402
115 615.7659404417927 6.478806576331099
116 620.9453804120199 6.506589843605248
117 625.8812585835872 6.5329578974238345
118 631.0259040111484 6.560327301934692
119 636.1009603533785 6.587215427379744
120 641.1760166956084 6.613994244396476
121 646.3902512085012 6.641394275655093
122 651.3261293800684 6.667229216196914
123 656.3315966369669 6.693326195451142
124 661.3022693511997 6.719141639801662
125 666.6556820347554 6.746832421003624
126 671.8351220049823 6.773516402615521
127 676.6318220058865 6.798137000054681
128 681.9852346894421 6.825507308098169
129 687.4430310009949 6.8532982800609545
130 692.5528818858905 6.8792173547639175
131 697.4887600574577 6.904162433683798
132 702.529021857022 6.929541858484725
133 707.5344891139205 6.954654592853241
134 712.435572742822 6.97915658816318
135 717.2322727437263 7.003054254902819
136 722.2029454579593 7.027732046266178
137 727.4171799708521 7.0535250601320705
138 732.735798111742 7.0797371275282215
139 737.8804435393034 7.105000578036486
140 742.9207053388676 7.1296651163782006
141 748.1001453090946 7.154921481826063
142 753.1056125659933 7.1792458899593905
143 758.1110798228917 7.20348816101627
144 763.4644925064473 7.229323967515262
145 768.3307815926831 7.252731201630102
146 773.4058379349132 7.277061402880892
147 778.7940451611345 7.302802703283616
148 783.5211560767075 7.325314115947532
149 788.7005960469345 7.349898205873063
150 794.0888032731557 7.375385298307049
151 799.0942705300541 7.398984959836484
152 804.1345323296184 7.422672692075803
153 809.4531504705084 7.447585643326183
154 814.7369740687324 7.472253516528334
155 819.6380576976338 7.4950636282473875
156 824.3651686132067 7.516999292649334
157 829.2662522421084 7.539674034193883
158 834.4108976696697 7.563401348658863
159 839.451159469234 7.586575737359778
160 844.6653939821266 7.610474983763537
161 849.9840121230166 7.634775144002671
162 855.0938630079122 7.658049725490142
163 860.2733029781393 7.68156900232469
164 865.383153863035 7.7047022289037335
165 870.458210205265 7.727609540748948
166 875.4984720048292 7.750292941049102
167 880.3647610910651 7.7721313375343675
168 885.5094065186265 7.795151117642366
169 890.4452846901937 7.8171739422560185
170 895.5551355750894 7.839907049326869
171 900.7345755453164 7.862882377441558
172 905.8792209728778 7.885637241242986
173 910.9890718577734 7.908173543813826
174 915.9597445720063 7.930035158565253
175 920.8956227435734 7.951684419837505
176 926.3534190551261 7.9755521699297685
177 931.3936808546904 7.997532361489563
178 936.051202684932 8.017791516776255
179 941.0914644844962 8.039656227992005
180 945.9925481133977 8.060860899463373
181 951.1023989982933 8.082908668239183
182 956.3862225965175 8.105643295858009
183 961.6004571094104 8.128016443110978
184 966.5015407383119 8.148991193742283
185 971.2634461965506 8.169319333353396
186 976.1993243681178 8.190336126613307
187 981.6919152223362 8.21365780209345
188 986.6277933939034 8.234561432553411
189 991.4592879374735 8.2549721696627
190 996.2559879383779 8.275186265995265
191 1001.087482481948 8.295497047936685
192 1006.4408951655035 8.317941729401289
193 1012.0030751050532 8.34119690916694
194 1017.3564877886089 8.363518949514322
195 1022.2575714175103 8.383904543534117
196 1027.263038674409 8.404672839111273
197 1032.1293277606446 8.424815154548078
198 1037.065205932212 8.445196142477002
199 1042.2794404451047 8.466672070223517
200 1047.284907702003 8.487237835839508
201 1052.151196788239 8.50718466579361
202 1057.4002258437974 8.528646452873225
203 1062.3708985580304 8.548921518829799
204 1066.924036760275 8.567453070039644
205 1072.1730658158333 8.588764258467274
206 1077.4568894140573 8.61016330786569
207 1082.4275621282904 8.630246868144663
208 1087.433029385189 8.65042375508411
209 1092.508085727419 8.670832942729524
210 1097.4091693563205 8.690497689829412
211 1102.6581984118789 8.711507876201658
212 1107.6636656687776 8.731496985885425
213 1112.1820093283563 8.74950348684702
214 1117.2222711279205 8.769544043115898
215 1122.2277383848193 8.78940116626567
216 1127.441972897712 8.810038077179168
217 1132.8997692092648 8.831586393391152
218 1137.8704419234975 8.85116755241566
219 1142.875909180396 8.870841965582445
220 1147.7769928092976 8.8900643054224
221 1152.434514639539 8.908293904444434
222 1157.4747764391034 8.927978032329788
223 1162.5498327813332 8.947754160903353
224 1167.9728345502203 8.968836630586464
225 1173.1522745204472 8.988926924029666
226 1178.1577417773458 9.008300471395712
227 1183.2675926622414 9.028034751901812
228 1188.4470326324686 9.047993601950806
229 1193.3829108040359 9.066973900786754
230 1198.2144053476059 9.085514803958981
231 1203.3590507751671 9.105214696642527
232 1208.677668916057 9.12553541952172
233 1214.1006706849441 9.146208103642282
234 1218.8625761431827 9.164324501551878
235 1224.0420161134098 9.183987168389336
236 1228.8735106569798 9.202292314665383
237 1233.4614434018902 9.219641974456966
238 1238.7452670001142 9.23958001414353
239 1244.2378578543326 9.26025957847533
240 1249.8000377938822 9.281153954359604
241 1254.5967377947868 9.299137644939764
242 1259.4630268810224 9.317346499693144
243 1264.5032886805868 9.33616823183609
244 1269.2651941388253 9.353916727647183
245 1274.4098395663868 9.37305252128436
246 1279.276128652623 9.391118060303752
247 1284.107623196193 9.409020244317304
248 1289.2174740810883 9.42791578539878
249 1294.3621195086498 9.446901686562043
250 1299.6111485642082 9.466233192551401
251 1304.6166158211072 9.484631832241284
252 1309.378521279346 9.502103024477107
253 1314.105632194919 9.51941497477606
254 1318.971921281155 9.537203275478557
255 1323.8730049100564 9.555085164141959
256 1329.330801221609 9.574956908341191
257 1334.8929811611586 9.595166025680406
258 1339.724475704729 9.612688208601229
259 1344.3819975349704 9.629549913116268
260 1349.422259334535 9.647762589688812
261 1354.6712883900937 9.666692421257235
262 1359.607166561661 9.684460225732643
263 1364.682222903891 9.702694607272639
264 1369.8616628741183 9.721268403937493
265 1375.1454864723423 9.740179674009367
266 1380.046570101244 9.7576895963231
267 1384.9128591874796 9.775044302406014
268 1390.3010664137012 9.794222571280887
269 1394.923793701277 9.81064887705221
270 1399.7900827875126 9.82791006494331
271 1405.0043173004055 9.846370615836504
272 1410.1837572706327 9.864673894448028
273 1415.2240190701968 9.882453263315025
274 1419.7771572724412 9.898488544915649
275 1424.8174190720058 9.91620728563233
276 1430.3100099262242 9.935478627354158
277 1435.7330116951111 9.954469425177697
278 1440.9472462080041 9.972695703599507
279 1445.81353529424 9.989676894294444
280 1450.5058516671472 10.00602432068878
281 1455.4417298387143 10.02319061989848
282 1460.7255534369383 10.041533294443267
283 1465.765815236503 10.059000067661499
284 1471.1192279200582 10.077517834397668
285 1476.298667890285 10.09540204459431
286 1481.0953678911899 10.111937730079726
287 1486.274807861417 10.129761171735778
288 1491.349864203647 10.147195384666928
289 1496.0769751192202 10.163408569413093
290 1501.0824423761187 10.180547327438846
291 1505.9835260050204 10.197301116591053
292 1511.0585823472504 10.214620053659807
293 1516.2032277748115 10.232146317348398
294 1521.034722318382 10.24857950132778
295 1526.1793677459432 10.266047789389704
296 1531.3240131735047 10.283486404572649
297 1536.4338640584003 10.300777967300775
298 1541.3001531446362 10.317219178995732
299 1545.9576749748778 10.332931264692212
300 1551.0675258597737 10.350140222212083
301 1555.9338149460095 10.366503145962993
302 1560.9044876602422 10.383190082641494
303 1566.466667599792 10.401829048587828
304 1571.5417239420217 10.418808009280408
305 1576.1992457722636 10.434367123484876
306 1581.4482748278222 10.451872399137638
307 1586.453742084721 10.46853890403326
308 1590.9720857442996 10.483562297095384
309 1596.1515257145263 10.500754981260906
310 1601.1569929714253 10.517344023748509
311 1605.9884875149953 10.533332276601174
312 1610.750392973234 10.549066771231491
313 1615.6862711448011 10.565350786438938
314 1620.761327487031 10.582067379236719
315 1625.627616573267 10.598072224443184
316 1630.5982892874997 10.614395116610188
317 1635.2210165750757 10.62955405012534
318 1640.1568947466428 10.645714950210788
319 1645.0927729182101 10.661851354138594
320 1650.0982401751087 10.678190129190888
321 1655.4516528586641 10.695635922026272
322 1660.5962982862256 10.712375235937921
323 1665.5321764577927 10.728411377838823
324 1670.363671001363 10.744085546362292
325 1675.334343715596 10.760186942825632
326 1680.305016429829 10.776264281352761
327 1685.4148673147247 10.792766371980722
328 1690.1767727729634 10.808123188360238
329 1695.182240029862 10.824241173965639
330 1700.500858170752 10.841340277528579
331 1705.575914512982 10.857631960577933
332 1710.6161763125463 10.873787897929812
333 1715.5520544841136 10.889586344107395
334 1720.2443708570208 10.904584769700554
335 1725.1454544859225 10.920227798713366
336 1730.5684562548095 10.937508910075387
337 1735.6087180543734 10.953547033531185
338 1740.2314453419494 10.968237243458844
339 1745.2717071415136 10.984230500431018
340 1750.659914367735 11.001301029804917
341 1755.491408911305 11.016586943504612
342 1760.2881089122095 11.031741934019633
343 1765.3631652544398 11.047752842863895
344 1770.2294543406754 11.06308400640687
345 1775.0957434269114 11.078393953485483
346 1780.1360052264758 11.094228411495099
347 1785.2458561113713 11.110258239349061
348 1790.0077615696102 11.125176809365145
349 1795.1524069971717 11.141270773957219
350 1800.2274633394015 11.15712450575117
351 1805.267725138966 11.172847385274475
352 1810.5863432798558 11.189413778908396
353 1815.3830432807604 11.204335006176674
354 1820.3189214523277 11.219668017692927
355 1825.4983614225546 11.235734384838286
356 1830.3994450514565 11.250917000086892
357 1835.2309395950263 11.265864231307505
358 1840.2712013945907 11.281435561844741
359 1845.4854359074836 11.297521250072943
360 1850.5256977070476 11.313049007833879
361 1855.6007540492776 11.328662349626768
362 1860.3626595075161 11.343293680693604
363 1865.0897704230895 11.35779957124958
364 1870.3040049359822 11.37377726001664
365 1875.170294022218 11.38866954548598
366 1880.1061721937854 11.403754711185494
367 1885.1464339933498 11.41913801347049
368 1890.1171067075827 11.434288862351291
369 1895.400930305807 11.450371281678276
370 1900.0932466787142 11.464636092876985
371 1904.9943303076159 11.479515970558365
372 1910.2085648205086 11.495324483375796
373 1915.4227993334016 11.51111128596599
374 1920.6370338462941 11.526876467529618
375 1925.607706560527 11.541885890732598
376 1930.3348174761002 11.556142500372081
377 1935.1315174770045 11.570590810495236
378 1940.3457519898973 11.586275059902185
379 1945.3860137894617 11.60141634549475
380 1950.3566865036942 11.616329456352243
381 1955.2925646752617 11.63111935864826
382 1960.2632373894946 11.64599443380111
383 1965.338293731725 11.661161997430892
384 1970.4481446166203 11.676413543075848
385 1975.8363518428419 11.692473557409173
386 1980.8766136424063 11.707477497245687
387 1985.4993409299823 11.721222844120486
388 1990.5048081868808 11.736086873354965
389 1995.6494536144423 11.751344200470513
390 2000.6897154140065 11.766273070761757
391 2005.9039499268995 11.781696823273286
392 2010.7006499278036 11.79586886373949
393 2015.3233772153797 11.809511330430087
394 2020.3636390149438 11.824366761960572
395 2025.3691062718426 11.8391012943872
396 2030.30498444341 11.853613244718515
397 2035.2408626149772 11.868107450304434
398 2040.3159189572073 11.882991510144727
399 2045.634537098097 11.898569210252218
400 2050.5704152696644 11.913008719369241
401 2055.367115270569 11.927024732211235
402 2060.442171612799 11.941835358979727
403 2065.204077071038 11.955716316289495
404 2070.1051606999395 11.969985748186907
405 2075.2498061275005 11.984945316137031
406 2080.3248624697308 11.999684454559416
407 2085.5390969826235 12.014808573955285
408 2090.474975154191 12.029108552398842
409 2095.062907899101 12.04238626095402
410 2100.0683751559995 12.056854357394254
411 2105.1086369555637 12.071405405056126
412 2109.9401314991337 12.08533789302673
413 2114.8412151280354 12.09945445732305
414 2120.0206550982625 12.114354085308491
415 2125.2000950684896 12.129235410512338
416 2130.4143295813824 12.144198191046659
417 2135.2110295822868 12.157947685297543
418 2140.18170229652 12.17217896415576
419 2145.4655258947446 12.18728769809049
420 2150.540582236974 12.201782419557716
421 2155.7200222072015 12.216557246361337
422 2160.621105836103 12.230522357194337
423 2165.3134222090102 12.243878281967916
424 2170.214505837912 12.257812266463066
425 2175.4635348934703 12.272716933916692
426 2180.6429748636974 12.287406466762686
427 2185.439674864602 12.300995890351823
428 2190.271169408172 12.314668628504057
429 2195.1722530370735 12.328522604354053
430 2200.177720293972 12.342655295497462
431 2205.1831875508706 12.356771822805273
432 2210.3974220637633 12.371459410298725
433 2215.5768620339904 12.386031837520228
434 2220.4779456628926 12.39980608139787
435 2225.5182074624563 12.413955143872277
436 2230.280112920695 12.427308767737498
437 2235.146402006931 12.440939999232114
438 2240.499814690487 12.455917124237883
439 2245.644460118048 12.470293774602098
440 2250.7195164602776 12.484459924365163
441 2255.6206000891793 12.498125690650046
442 2260.5216837180806 12.511776530752678
443 2265.666329145642 12.52608906939795
444 2270.7761800305375 12.540288731647665
445 2275.6772636594396 12.553893724629672
446 2280.787114544335 12.568061972631059
447 2285.757787258568 12.581829380694167
448 2290.8676381434634 12.5959662060319
449 2296.221050827019 12.610759216037975
450 2301.2613126265837 12.624671855643935
451 2306.4407525968104 12.638952337993999
452 2311.272247140381 12.652259866818003
453 2315.999358055954 12.665266649846236
454 2320.6916744288615 12.678164597666427
455 2325.8363198564225 12.692289509167349
456 2330.9809652839845 12.706398718894226
457 2335.9168434555518 12.719921222245143
458 2341.2006670537758 12.734380102726401
459 2346.345312481337 12.748442729200745
460 2351.0028343115787 12.761161739948593
461 2356.0083015684777 12.774815814348578
462 2361.22253608137 12.789023307130417
463 2365.8452633689462 12.801607428887314
464 2370.88552516851 12.815312880345303
465 2376.3781160227286 12.830230428333227
466 2381.3835832796276 12.843811076994655
467 2386.0063105672034 12.85634157116823
468 2391.1857505374305 12.870365003912836
469 2396.3999850503233 12.884467136584995
470 2401.614219563216 12.898553851247563
471 2406.584892277449 12.911968876609695
472 2411.242414107691 12.924526962483148
473 2416.1782922792577 12.937821482017725
474 2421.1837595361562 12.951289311800661
475 2426.1196377077235 12.964556387881828
476 2431.1946940499543 12.978183043583858
477 2436.374134020181 12.992074963306031
478 2441.0664503930884 13.00464878825947
479 2446.037123107321 13.01795448305849
480 2451.3905357908766 13.03226850031765
481 2456.3960030477756 13.045638826894388
482 2461.2622921340117 13.058624631161683
483 2466.337348476241 13.072153228744781
484 2471.238432105143 13.085205241492753
485 2476.17431027671 13.098336677173746
486 2481.284161161606 13.111916633627349
487 2486.5331902171647 13.12585148428043
488 2491.3298902180686 13.13857372024824
489 2496.2309738469703 13.151559815421306
490 2501.5495919878604 13.165636619609208
491 2506.450675616762 13.178596047219969
492 2511.282170160332 13.19135919119828
493 2516.1832537892333 13.204293373271371
494 2521.258310131463 13.217672876328049
495 2526.507339187022 13.231496349461437
496 2531.582395529252 13.24484837300946
497 2536.6922464141476 13.258278263885172
498 2541.8020972990435 13.271694564794982
499 2546.598797299948 13.284277128854985
500 2551.673853642178 13.297576155616468
501 2556.6097318137454 13.31049807899859
502 2561.371637271984 13.322953126301895
503 2566.7598444982054 13.33703057908413
504 2571.9044899257665 13.350458422332261
505 2576.6663953840048 13.362876224115626
506 2581.8110408115667 13.376278122109753
507 2587.1296589524563 13.390118685845259
508 2591.926358953361 13.40259007192391
509 2596.723058954265 13.415049863904505
510 2601.972088009823 13.428670158702888
511 2607.081938894719 13.441916393499705
512 2611.9482279809545 13.454519730768702
513 2616.675338896527 13.466751678109238
514 2621.9591624947507 13.480409543498663
515 2627.3125751783064 13.494233020140078
516 2632.144069721877 13.506697906492482
517 2637.1495369787754 13.519599050069907
518 2642.2941824063364 13.532845742623701
519 2647.0560878645747 13.545096337356213
520 2651.713609694817 13.557067961829992
521 2656.823460579713 13.57018886457649
522 2661.724544208614 13.582762310976461
523 2666.7300114655127 13.59559127562628
524 2671.9790405210715 13.609030880782017
525 2677.1932750339643 13.622368354066523
526 2682.024769577534 13.634716099328314
527 2687.169415005095 13.647851058986536
528 2692.522827688651 13.661505109967532
529 2697.563089488215 13.67434873503928
530 2702.7077349157767 13.687445661863562
531 2707.5740240020127 13.699823123028844
532 2712.788258514905 13.71307229114141
533 2717.7241366864723 13.725603052641286
534 2722.7296039433713 13.738298631784016
535 2727.73507120027 13.750982489752555
536 2732.6709493718367 13.76347873649997
537 2737.954772970061 13.776842440511489
538 2742.7166784283 13.788876260424228
539 2747.582967514535 13.801162754677561
540 2752.6232293140997 13.813876531911687
541 2757.559107485667 13.826315935038732
542 2762.6689583705624 13.839181566628305
543 2768.022371054118 13.852647031361682
544 2773.167016481679 13.865575545014023
545 2778.033305567915 13.877794134886825
546 2782.795211026154 13.889740492353033
547 2787.7310891977213 13.90211201370198
548 2792.840940082617 13.914907564914529
549 2797.8464073395153 13.927430584193136
550 2803.060641852408 13.940463433376697
551 2808.066109109307 13.952963515852666
552 2812.9671927382083 13.965192338486514
553 2817.7290981964466 13.977063995901814
554 2822.664976368014 13.989358292721658
555 2827.7748272529093 14.002074115670824
556 2832.7802945098083 14.014519245344866
557 2837.611789053378 14.026521778885568
558 2842.51287268228 14.038686526515152
559 2847.7271071951723 14.05161618638769
560 2852.9413417080655 14.064533959905924
561 2858.1207816782926 14.077353879502459
562 2862.987070764528 14.089388812313725
563 2867.748976222766 14.101155910036722
564 2872.6500598516677 14.113256327841935
565 2877.7947052792288 14.125946325622495
566 2882.695788908131 14.138025525884952
567 2887.5272834517 14.149923296823346
568 2892.254394367273 14.16155460675832
569 2897.364245252169 14.174115950520385
570 2902.6828633930586 14.18717819017534
571 2907.6535361072915 14.19937582490128
572 2912.7981815348526 14.211988926107006
573 2917.351319737097 14.223143893246974
574 2922.2524033659984 14.23514061694564
575 2927.3970487935603 14.247722056638136
576 2932.402516050458 14.259952802888781
577 2937.6167505633516 14.272682018471865
578 2942.552628734919 14.284721890783016
579 2947.6624796198143 14.297175021507368
580 2952.8767141327066 14.309871126443056
581 2957.464646877617 14.32103438820073
582 2962.296141421187 14.332780242626947
583 2967.7191431900737 14.345951187203438
584 2972.446254105647 14.357423690893759
585 2977.2429541065517 14.369055544984452
586 2982.178832278119 14.38101473302402
587 2987.1495049923515 14.393048098594614
588 2992.363739505244 14.405659708192905
589 2996.9168777074888 14.416664822366963
590 3001.4004268244025 14.427493716231394
591 3006.927812221287 14.440829784859266
592 3012.5595812461675 14.454404822747168
593 3017.4258703324035 14.46612607561765
594 3022.5009266746333 14.478339559972508
595 3027.68036664486 14.490793392815341
596 3032.720628444425 14.502902627097175
597 3037.6913011586576 14.514834943190577
598 3042.696768415556 14.526840797828998
599 3047.597852044458 14.538586923827083
600 3052.603319301356 14.550573180431023
601 3057.573992015589 14.56246643587832
602 3062.4750756444905 14.574183849268868
603 3067.619721072052 14.586472852999343
604 3072.451215615622 14.598005131753323
605 3077.2479156165264 14.60944543922552
606 3082.253382873424 14.621373607808195
607 3087.8503573556395 14.634698451395899
608 3093.2037700391948 14.647432611371814
609 3097.826497326771 14.658421392417955
610 3102.7623754983383 14.670144689617135
611 3107.6634591272405 14.681776166067536
612 3112.4601591281444 14.693151248303396
613 3117.1524755010514 14.704270531357027
614 3121.775202788627 14.715216868002745
615 3126.8502591308575 14.727223779468842
616 3132.2384663570783 14.73996013944204
617 3137.3135226993086 14.751946911866929
618 3141.936249986884 14.762857897560282
619 3146.9417172437834 14.774662210722813
620 3151.8775954153507 14.786293346798118
621 3156.7786790442515 14.797833527708477
622 3162.0972971851415 14.810345679111055
623 3167.276737155369 14.822520564133463
624 3172.073437156273 14.83378771889265
625 3177.3572607544966 14.846188022174651
626 3182.501906182058 14.858252057653328
627 3187.4377843536254 14.869817810093195
628 3192.3736625251922 14.881374573673302
629 3197.135567983431 14.892515908891372
630 3202.071446154998 14.904055072133493
631 3207.3204752105567 14.916315797588265
632 3212.6042988087806 14.928647550062028
633 3217.2966151816877 14.939591558265175
634 3221.9889315545947 14.950527555293935
635 3227.02919335416 14.962264722942331
636 3231.930276983061 14.9736692836329
637 3236.7269769839654 14.984822789430055
638 3241.732444240864 14.99645238608202
639 3246.9814732964223 15.008637631318114
640 3252.4740641506414 15.021377172922657
641 3257.5491204928703 15.033139557304782
642 3262.241436865778 15.044007551288217
643 3267.1425204946795 15.055350191191957
644 3272.0088095809156 15.066603938354254
645 3276.840304124485 15.077768991818433
646 3281.950155009381 15.08956765017607
647 3287.233978607605 15.10175792978526
648 3292.1698567791727 15.113137333672233
649 3297.001351322742 15.124268035242135
650 3302.0764076649725 15.135950461733385
651 3307.3254367205304 15.148023493520208
652 3312.33090397743 15.159527891647647
653 3316.918836722339 15.170065925705863
654 3321.7503312659096 15.181154887743936
655 3327.242922120128 15.193749779058992
656 3332.5963348036835 15.206015773043386
657 3337.323445719256 15.216839858007901
658 3342.3289129761542 15.22829226806672
659 3347.5083529463814 15.240133271761653
660 3352.548614745946 15.251647569979381
661 3357.34531474685 15.262597937896054
662 3362.3855765464145 15.274095301250098
663 3367.5650165166417 15.285900824323903
664 3372.431305602877 15.296984960013344
665 3377.506361945107 15.30853558133744
666 3382.651007372669 15.320235542055864
667 3387.691269172233 15.33168968254553
668 3392.6619418864657 15.342977460026367
669 3397.632614600698 15.35425693922963
670 3402.7076709429284 15.365764508610734
671 3407.747932742492 15.377184735571158
672 3412.7533999993916 15.388517814568281
673 3417.689278170959 15.399685322300936
674 3422.555567257194 15.4106876187177
675 3427.5958290567587 15.42207457962451
676 3432.8100635696514 15.433845353614728
677 3437.8155308265495 15.445136857169564
678 3442.9253817114454 15.456655092072682
679 3448.0004380536757 15.46808648196332
680 3452.762343511914 15.478805519422636
681 3457.6982216834813 15.489907934029631
682 3462.6688943977138 15.501080498523908
683 3467.465594398618 15.511854783897675
684 3472.3666780275194 15.522855568900203
685 3477.6852961684094 15.534783778151741
686 3482.760352510639 15.546157718617373
687 3487.6962306822065 15.55721206735744
688 3492.701697939105 15.568414095409164
689 3497.602781568007 15.579374943249215
690 3502.469070654243 15.59025043025768
691 3507.335359740478 15.601118336002646
692 3512.480005168039 15.612599039011897
693 3517.7638287662635 15.624381250262264
694 3522.8040905658277 15.635612585100349
695 3527.322434225406 15.645675203172608
696 3532.188723311642 15.65650463606033
697 3537.298574196538 15.667867484682692
698 3542.2692469107706 15.678913238314104
699 3547.51827596633 15.69056849558914
700 3552.5933323085587 15.70182959062333
701 3557.18126505347 15.712003907382202
702 3562.2911159383652 15.723326648142633
703 3567.5053504512584 15.73487206633682
704 3572.4412286228253 15.745793928557308
705 3577.4119013370578 15.756785054623178
706 3582.208601337962 15.767384611044637
707 3587.1096849668643 15.778207238112135
708 3592.2543303944253 15.789559179021163
709 3597.259797651324 15.800596482576667
710 3602.2304703655573 15.811549513637752
711 3607.5142939637817 15.823183583679045
712 3612.450172135349 15.834044531307079
713 3617.2816666789186 15.844668811774675
714 3622.4959011918113 15.85612587660112
715 3627.466573906045 15.867040575722486
716 3632.1588902789517 15.877337777015352
717 3636.8512066518592 15.887628304415166
718 3641.8566739087582 15.898597525462952
719 3647.0709084216505 15.910015755380357
720 3652.354732019874 15.921577875230929
721 3657.429788362105 15.93267569541422
722 3662.435255619004 15.943613923845676
723 3667.336339247904 15.954317006028575
724 3672.098244706143 15.964709581557221
725 3676.964533792379 15.975322747264705
726 3682.004795591943 15.986307526664016
727 3686.9754683061765 15.997133404272113
728 3691.702579221749 16.007422551063378
729 3697.229964618633 16.01944339456507
730 3702.3746100461944 16.030624507194712
731 3707.1017209617667 16.040892171724284
732 3712.2811609319942 16.052133764838906
733 3717.286628188893 16.062990647500364
734 3722.0833281897967 16.073388278664055
735 3727.5411245013497 16.0852092948547
736 3733.0337153555683 16.097096840184058
737 3737.726031728476 16.107246969487946
738 3742.627115357376 16.11784139121258
739 3747.702171699607 16.12880416802453
740 3752.3944880725144 16.138934355907786
741 3757.1215989880875 16.149133156876076
742 3762.301038958314 16.160299454462784
743 3767.1673280445502 16.170784251659484
744 3772.068411673452 16.18133707361432
745 3777.282646186344 16.192555930109357
746 3782.009757101918 16.202720979018725
747 3786.9804298161503 16.213402355487805
748 3791.777129817055 16.22370358937652
749 3796.399857104631 16.233625404356424
750 3801.7184752455205 16.245031726345037
751 3807.0370933864106 16.2564300450913
752 3811.903382472646 16.26685288145053
753 3817.0132333575416 16.277789676898827
754 3821.9491115291084 16.288347499423
755 3826.8501951580097 16.29882420416167
756 3831.8904569575743 16.309591101433774
757 3836.895924214473 16.32027671436273
758 3841.8318023860393 16.330807069155398
759 3846.941653270935 16.34170106288126
760 3852.0862986984976 16.352661833706822
761 3856.6046423580765 16.362283480596275
762 3861.505725986977 16.372712874646055
763 3866.4763987012097 16.383283422214387
764 3871.481865958109 16.393921002310808
765 3876.487333215007 16.40455168443838
766 3881.423211386574 16.415027976339715
767 3887.1593640394526 16.427192740385973
768 3892.6867494363364 16.438906632534042
769 3897.413860351909 16.44891944315448
770 3902.071382182151 16.45877904890888
771 3906.763698555058 16.468706264750033
772 3911.5951930986284 16.47892137155908
773 3916.7746330688556 16.489864350849658
774 3921.9192784964166 16.500726703040076
775 3926.959540295981 16.511361942196686
776 3931.825829382217 16.52162395292997
777 3936.8660911817815 16.53224574883372
778 3942.0455311520077 16.543153455107237
779 3946.7030529822496 16.552956931395762
780 3951.569342068485 16.563193171259314
781 3956.748782038712 16.574080510479217
782 3961.928222008939 16.584960702613767
783 3967.0032783511692 16.595614911338565
784 3972.252307406727 16.606626799733778
785 3977.3273637489574 16.617267117183744
786 3982.1240637498618 16.627318143911452
787 3987.164325549426 16.637872463648964
788 3992.2741764343214 16.648565530256565
789 3997.2448491485547 16.65896104300179
790 4002.111138234791 16.669132187611307
791 4007.2209891196867 16.679805214290067
792 4012.0524836632567 16.689891117741528
793 4016.8491836641615 16.69989843493303
794 4021.819856378394 16.710262013328297
795 4026.2686109526408 16.719533054637242
796 4031.204489124208 16.72981210479403
797 4036.6274908930945 16.7410973070435
798 4042.050492661982 16.752374907041848
799 4047.05595991888 16.762778265057616
800 4052.0614271757786 16.773175170518275
801 4057.310456231337 16.784070563515993
802 4062.3855125735677 16.7945984607934
803 4067.2865962024684 16.80475955304005
804 4072.118090746039 16.814770506043207
805 4077.0539689176057 16.82499137198905
806 4082.1638198025016 16.835565590918073
807 4087.204081602066 16.845989440335817
808 4092.1747543162987 16.856263199206108
809 4097.354194286526 16.866961367724358
810 4102.359661543424 16.877294093476852
811 4107.46951242832 16.887835563396138
812 4112.335801514556 16.897868944695823
813 4117.13250151546 16.907753164957384
814 4122.0335851443615 16.917846295061715
815 4127.004257858594 16.92807644359918
816 4132.253286914153 16.938872201552577
817 4137.328343256383 16.949303945552767
818 4142.6121668546075 16.960157574130093
819 4147.965579538163 16.971146934745203
820 4152.692690453737 16.980845911052995
821 4157.280623198646 16.990254328512695
822 4162.460063168874 17.000868180388327
823 4167.500324968438 17.01119073859151
824 4172.22743588401 17.020866896810965
825 4177.267697683575 17.0311773338415
826 4182.621110367131 17.042120898472284
827 4187.591783081363 17.052276491282615
828 4192.701633966259 17.062709856108683
829 4197.463539424498 17.072427728016912
830 4202.364623053399 17.082423560624164
831 4207.648446651622 17.09319266272861
832 4212.445146652528 17.10296400101954
833 4217.728970250751 17.11372017770427
834 4222.630053879653 17.12369190615648
835 4227.357164795227 17.133304528641947
836 4232.745372021448 17.144253519269082
837 4237.855222906343 17.15463094419606
838 4242.617128364583 17.16429677342423
839 4247.761773792144 17.174732578563738
840 4252.454090165051 17.1842461981605
841 4257.494351964615 17.194458667163527
842 4262.465024678848 17.20452433733055
843 4267.331313765084 17.214373137863817
844 4272.754315533971 17.225340882310388
845 4277.377042821548 17.2346860756096
846 4282.3477155357805 17.244728265235597
847 4287.875100932664 17.255887194960383
848 4293.054540902891 17.26633775948431
849 4297.920829989127 17.276151321414208
850 4302.682735447366 17.28574919912395
851 4307.583819076267 17.29562174514756
852 4312.589286333166 17.30569853223567
853 4317.664342675395 17.31590928790122
854 4322.635015389629 17.32590440016994
855 4327.605688103861 17.335893749698403
856 4332.402388104767 17.345528366580336
857 4337.303471733667 17.355366907445372
858 4342.169760819903 17.365130156375397
859 4347.001255363473 17.374818240294424
860 4352.076311705703 17.38498839980826
861 4357.081778962602 17.39501341761111
862 4362.122040762166 17.405102219081385
863 4367.301480732393 17.41546324379767
864 4372.306947989292 17.425470729178897
865 4377.451593416853 17.435750214787653
866 4382.63103338708 17.44609303803759
867 4387.775678814641 17.45636037984038
868 4392.711556986207 17.46620580456632
869 4397.195106103121 17.475145079194327
870 4402.061395189357 17.48484144608403
871 4407.27562970225 17.495224447102483
872 4412.559453300474 17.50573960605733
873 4417.91286598403 17.516386684943708
874 4422.779155070265 17.526060234755597
875 4427.715033241832 17.535866526889595
876 4432.6509114134 17.54566733827734
877 4437.308433243641 17.554910973255
878 4442.348695043205 17.56490793419397
879 4447.702107726761 17.575519169518127
880 4453.194698580979 17.586399367155373
881 4458.374138551206 17.596653643249297
882 4463.518783978769 17.606833186563563
883 4468.524251235666 17.616731961316738
884 4473.56451303523 17.626693860582023
885 4478.778747548124 17.636993352453093
886 4484.236543859676 17.647767049036528
887 4489.346394744572 17.65784856418409
888 4494.456245629467 17.667924326707332
889 4499.357329258369 17.6775834375195
890 4504.362796515266 17.687442616949077
891 4509.368263772165 17.697296303821922
892 4514.304141943731 17.707007764212296
893 4519.170431029968 17.716577232007396
894 4524.175898286866 17.726414723657054
895 4529.529310970423 17.736929336739056
896 4534.6739563979845 17.747028419300847
897 4539.54024548422 17.75657631896645
898 4545.2416035944325 17.76775447592226
899 4550.455838107325 17.777972245912917
900 4555.670072620218 17.788184146681317
901 4560.849512590445 17.798322167430292
902 4565.820185304678 17.80804651815141
903 4570.686474390914 17.817561720068568
904 4575.796325275809 17.827547216233967
905 4580.9061761607045 17.837527122492347
906 4585.52890344828 17.846551752612264
907 4590.256014363854 17.855775229120734
908 4595.505043419412 17.866010422393543
909 4600.719277932305 17.876172030747224
910 4605.481183390543 17.885447921913546
911 4610.625828818106 17.895463190051238
912 4615.596501532338 17.905134783169967
913 4620.845530587897 17.915341776915003
914 4626.442505070112 17.92621832868984
915 4631.13482144302 17.935333334556976
916 4637.218919522555 17.94714219287937
917 4643.198633974093 17.95874104718912
918 4646.986292237692 17.966087607585745
919 4650.913128671955 17.97370059638502
920 4657.4495558061435 17.98635931375312
921 4663.9511883976675 17.99894186550914
922 4667.704052118601 18.006204788378632
923 4671.630888552862 18.01380082287119
924 4677.29745212041 18.024752295414537
925 4682.824837517294 18.03542861299486
926 4686.995235750216 18.043482028208118
927 4691.478784867129 18.052135442481386
928 4696.658224837355 18.062125311631753
929 4702.881501087554 18.074119262759197
930 4708.443681027103 18.084833380162063
931 4712.718462888022 18.093065544491225
932 4719.602835448868 18.10630945930684
933 4726.313235296386 18.119209615022392
934 4728.987468194683 18.124353746928865
935 4731.940057434305 18.130030639182547
936 4739.450731763133 18.144448632675562
937 4746.648255207971 18.15825513385905
938 4749.670433532925 18.16405473403445
939 4752.831790028542 18.170119001736747
940 4758.707120852083 18.181375846856124
941 4764.582451675625 18.192625726706186
942 4768.23093176856 18.19961179459243
943 4772.122973660157 18.207060645763626
944 4777.685153599707 18.217696578390346
945 4784.221580733896 18.230185870068293
946 4789.922938844109 18.2410738007008
947 4794.545666131685 18.249898876860414
948 4801.290860521868 18.262763897421582
949 4807.688109485395 18.274957404227052
950 4810.188369670363 18.279726562369977
951 4812.966986196657 18.285024168070027
952 4821.695469518786 18.301635452793857
953 4830.493541926245 18.318363854553564
954 4833.446131165868 18.323980641271646
955 4836.398720405489 18.32959570682293
956 4841.995694887705 18.340226589651532
957 4847.697052997917 18.35104923172341
958 4850.16251864022 18.35573266457755
959 4852.906340623849 18.360942404052437
960 4859.129616874046 18.372741284748056
961 4866.814263916203 18.38729817358665
962 4873.246307422395 18.39947494897965
963 4877.660267453977 18.40782947793562
964 4883.987927332173 18.419795503786307
965 4890.385176295699 18.431885127535224
966 4892.781052852671 18.436416692572333
967 4895.385696665636 18.441341043754303
968 4904.8100708410775 18.459123416892954
969 4914.0256777605255 18.4764955342111
970 4916.525937945495 18.481212684627167
971 4919.095787215794 18.486059612689846
972 4923.822898131367 18.494964168068464
973 4928.515214504274 18.503799010796442
974 4931.189447402571 18.508836254682407
975 4934.037653014197 18.51419908544071
976 4939.947778380403 18.52531220366072
977 4947.980370849217 18.540402294858232
978 4955.4562506353805 18.55443615798901
979 4960.844457861602 18.56454701312902
980 4967.5548577091195 18.577128966544134
981 4974.474024812631 18.590093151970503
982 4977.426614052254 18.59562786336681
983 4980.031257865218 18.600510064584824
984 4988.029055791368 18.61547416410354
985 4996.479182772171 18.63127100364528
986 5000.023279237111 18.637897786283027
987 5002.871484848734 18.643223491784394
988 5006.659143112334 18.650300428895832
989 5010.620774089261 18.657699124316373
990 5012.981856103568 18.66211098457575
991 5015.516910831202 18.66684608576721
992 5021.427036197409 18.677868380987427
993 5029.598806836885 18.693094381379666
994 5037.005097537717 18.706884262112602
995 5043.43714104391 18.718853145153496
996 5050.112746348761 18.731266817446166
997 5056.892735281611 18.743866038362864
998 5061.550257111853 18.75251905738291
999 5064.815997235467 18.758586703560063
1000 5071.456807997653 18.770909602656946
1001 5078.549947814493 18.784062304848742
1002 5082.476784248755 18.791343908232975
1003 5085.881702543033 18.79765664322418
1004 5089.286620837309 18.803967258948735
1005 5092.761128216917 18.810404480379447
1006 5095.783306541871 18.816003071592007
1007 5098.735895781494 18.821471351200024
1008 5103.810952123724 18.830860219391024
1009 5111.286831909886 18.844677776177253
1010 5118.693122610717 18.858356814231115
1011 5125.194755202242 18.870357936387983
1012 5131.939949592425 18.882800237378333
1013 5138.6155548972765 18.89510620031738
1014 5144.421296635486 18.9058033108314
1015 5148.4525166977455 18.91323007828342
1016 5153.771134838635 18.92302127079804
1017 5160.133589259495 18.934725655472917
1018 5164.338782035083 18.942460648402005
1019 5167.987262128019 18.949170273606036
1020 5171.2182077089665 18.955111101103768
1021 5174.518742375247 18.961177766506413
1022 5177.3321534442075 18.96634886437941
