1 14.627859237536656 0.6963602032075373
2 20.080601380161987 0.6963602032075373
3 25.11352128974214 0.9151059760100534
4 30.076470827148103 1.0885883101821305
5 35.10939073672825 1.2399701301980048
6 40.807029181963266 1.391595466301965
7 46.2247861385015 1.5218299996886404
8 51.39764679243005 1.6365389297645163
9 57.27021116810055 1.7577005772142202
10 63.00283479942266 1.8684141039071682
11 68.49056212813508 1.9685770807315544
12 73.80336352641203 2.0609174048050587
13 78.6263723194696 2.1413067050751753
14 83.13451443774329 2.2138150154318468
15 88.06247878906215 2.2904441835146923
16 93.51522093168747 2.3723429537922054
17 99.56271123779347 2.4599801571084736
18 105.08542375259297 2.5373755652171135
19 110.43321033695702 2.610135535197132
20 116.37574508480171 2.688671607985146
21 121.65356129699154 2.7565543556659975
22 126.33662934570073 2.8154243135890327
23 130.70483071962602 2.8692516231476612
24 135.4228839544223 2.9262732191703633
25 140.73568535269922 2.9891737620754886
26 146.32836823967295 3.053985595653025
27 152.16594742925633 3.1201973883825813
28 158.17845254927522 3.1869538903062726
29 163.73615025016184 3.24744444310027
30 168.9439960901775 3.3031252562075784
31 174.25679748845442 3.3589762257037834
32 178.83490997890232 3.406376323188182
33 183.13314098065342 3.4502890623224673
34 187.78122384327554 3.497151531875341
35 193.02405486937826 3.549261586663161
36 198.7916636867875 3.605712922792637
37 204.34936138767412 3.6592876347286984
38 210.18694057725753 3.714726062267805
39 215.88457902249255 3.7680501238360136
40 220.98746930424687 3.815180074837997
41 225.84546328339155 3.8595156154242263
42 230.14369428514263 3.8983273007930546
43 234.33696972863245 3.9358235380972286
44 239.4748451964739 3.9812751873277423
45 245.3124243860573 4.032289156452556
46 250.6602109704213 4.078466451300392
47 256.4278197878305 4.127686575481953
48 262.9301175130688 4.182476633856801
49 268.7327115165651 4.230776121503044
50 273.62569068179687 4.271086079562669
51 278.02887724180925 4.307042493046977
52 282.2571378713862 4.341291759641955
53 286.45041331487596 4.37499317956804
54 290.7486443166271 4.409269812528135
55 296.23637164533955 4.452637952806654
56 302.1789063931842 4.499125719766101
57 307.8765448384192 4.5432526080232165
58 313.71412402800263 4.588022230147002
59 319.37677728715056 4.63103790482014
60 324.514652754992 4.669727751172682
61 329.09276524543986 4.703938311713502
62 333.4959518054523 4.736610009097687
63 337.7242124350292 4.767774479115723
64 342.51223604199964 4.802815779622158
65 347.8250374402766 4.841396930601172
66 353.34774995507615 4.881177790782454
67 359.3952402611821 4.924366751998452
68 365.1628490785914 4.965208533306422
69 370.6155912212167 5.003515994960958
70 375.78845187514526 5.039589807961815
71 380.6464458542898 5.073236364962231
72 385.1545879725636 5.104263877595554
73 389.1379522995308 5.131527389784832
74 393.5061536734561 5.161256064515609
75 398.7839698856459 5.196941510509321
76 404.7265046334906 5.236826192183727
77 410.8089801256836 5.277337186175669
78 416.8214852457025 5.31707919191179
79 422.5541088770246 5.354698037947737
80 427.72696953095317 5.388421308535906
81 432.2001264631398 5.417418092518273
82 436.3234315344553 5.444012685059968
83 440.7616032805548 5.472491277239578
84 445.444671329264 5.502379751459395
85 450.5825467971054 5.534982215279622
86 455.7204222649468 5.567393763481534
87 461.45304589626886 5.6033323355118885
88 467.8154028771588 5.642947446465623
89 473.4780561363067 5.6779767501400285
90 478.86082790675783 5.711077013555304
91 483.4389403972058 5.739083465597409
92 487.21239360765037 5.762070381914135
93 491.1957579346175 5.786235279187777
94 495.8438407972397 5.814300725747959
95 500.946731078994 5.844954251072759
96 506.3644880355322 5.877322417840768
97 512.2020672251156 5.911998183970203
98 518.1096167868732 5.946883394204269
99 523.8072552321082 5.9803372916844255
100 528.9451306999497 6.010347686823349
101 533.7331543069201 6.038182279940145
102 538.1013556808454 6.063467329603613
103 542.2946311243353 6.087642173789627
104 546.7677880565219 6.11332330463248
105 552.150559826973 6.144078654004329
106 557.9531538304693 6.177059033562321
107 563.8607033922268 6.21045552927556
108 569.558341837462 6.242497088438112
109 574.6962173053033 6.2712530720223425
110 579.6591668427093 6.298906306263456
111 584.3422348914185 6.324890734620847
112 589.3051844288244 6.35231047467207
113 594.0582228497077 6.378461128627955
114 598.7063057123298 6.403931651160386
115 603.5992848775616 6.430633740269109
116 608.9820566480128 6.4598785577684446
117 614.6796950932478 6.490688946418973
118 620.5872446550053 6.522479787332495
119 626.2149127280661 6.552622279761568
120 630.9679511489495 6.577976645140735
121 635.8259451280942 6.603789709422883
122 640.5789835489776 6.628948372786504
123 645.0871256672513 6.652724182349697
124 649.7002233437862 6.676965279469809
125 654.3832913924953 6.701483976930216
126 659.591137232511 6.728642399490852
127 665.2537904916588 6.758046510034081
128 671.0563844951552 6.7880445217533785
129 676.7540229403902 6.817371960466508
130 681.8219280360574 6.843355155810937
131 686.1551442238957 6.865497263378688
132 690.5583307839079 6.887923592153049
133 695.1714284604428 6.911339791108773
134 699.9244668813262 6.935382881352171
135 704.8174460465578 6.960046366203778
136 709.9553215143993 6.985849312281061
137 716.0028118205053 7.0160944903028275
138 722.0503021266111 7.046209845003028
139 727.5030442692366 7.073255948460287
140 732.640919737078 7.098647399795273
141 737.3239877857872 7.121714474508739
142 741.8321299040607 7.143850472523826
143 746.5851683249442 7.1671136154360084
144 751.3382067458275 7.19030149432953
145 756.161215538885 7.2137541845511315
146 761.1941354484653 7.238145539421478
147 766.6818627771778 7.264645573525894
148 772.5894123389352 7.293063477438332
149 778.0071692954734 7.319030228935048
150 783.4249262520116 7.344905179659244
151 788.5278165337661 7.36919462125173
152 792.79106234943 7.389430045531209
153 797.5091155842263 7.41175731349169
154 802.2971391911967 7.434346804082922
155 807.0151924259931 7.45653957809359
156 811.943156777312 7.479648395140036
157 817.5008544781986 7.505621921400348
158 823.4084040399563 7.533130823502335
159 828.9661017408429 7.558920578765562
160 834.2439179530326 7.583331538066977
161 838.961971187829 7.605089565057038
162 843.7849799808865 7.627266951425716
163 848.6429739600312 7.6495400469945585
164 853.2560716365662 7.670631605506707
165 857.6592581965784 7.690710498079922
166 862.5522373618103 7.712959073794596
167 868.0749498766097 7.737991345279719
168 873.7376031357575 7.763573542588598
169 879.0504045340343 7.787500175141475
170 884.1532948157889 7.810413321043182
171 889.221199911456 7.833103190098924
172 893.9742383323393 7.854325151757294
173 898.5173656367001 7.8745573865056
174 903.2704040575835 7.89566792843767
175 908.3033239671637 7.917958919499222
176 913.5461549932664 7.941112165467878
177 918.8939415776305 7.9646591375701625
178 924.1367726037332 7.9876770184669175
179 929.6244999324456 8.011698235108888
180 934.9373013307224 8.034886025146452
181 939.7952953098671 8.056032225565902
182 944.7232596611861 8.077426128080718
183 949.5812536403307 8.098461251179984
184 954.1243809446914 8.118085062421208
185 958.947389737749 8.138864720369657
186 963.7004281586325 8.159291448359173
187 968.8732888125611 8.181462586845312
188 974.2910457690994 8.20461813042324
189 979.568861981289 8.227113440704796
190 984.9166485656532 8.249844139095202
191 989.9495684752333 8.27118067352428
192 995.3673254317714 8.294085744685889
193 1000.0503934804806 8.313836688918586
194 1004.2786541100576 8.331631268571096
195 1009.2416036474634 8.352465812990046
196 1014.2745235570436 8.37354086225687
197 1019.1675027222751 8.39397976413091
198 1024.5502744927264 8.416405227902722
199 1030.5977647988325 8.441526416663526
200 1035.805610638848 8.463102816957958
201 1040.6636046179929 8.483181659770366
202 1045.8364652719213 8.504508462771188
203 1050.4845481345435 8.52362824251872
204 1054.992690252817 8.542132107033604
205 1059.6757583015262 8.561310827427155
206 1064.498767094584 8.581017243869923
207 1069.3217758876415 8.600678507848345
208 1074.5646069137442 8.62199859481716
209 1080.5771120337631 8.646380926462694
210 1086.3797060372594 8.669847687417587
211 1091.3076703885783 8.689730522764496
212 1095.9557532512003 8.708443648642442
213 1100.8837176025193 8.72823856323976
214 1105.4968152790543 8.746729372379745
215 1110.3548092581989 8.766158594042954
216 1115.0728624929952 8.784987568130722
217 1119.5110342390947 8.802663985213837
218 1124.7538652651974 8.82349603106645
219 1130.416518524345 8.845939537539426
220 1135.7643051087093 8.86708402209775
221 1140.7972250182895 8.886938756943206
222 1145.970085672218 8.90729889418457
223 1150.9330352096238 8.926789969080573
224 1156.0009403052911 8.946649009170235
225 1160.9988750287841 8.966191052030606
226 1165.891854194016 8.98528194829007
227 1171.0647148479445 9.005419746516528
228 1175.7827680827409 9.023749491605363
229 1181.2005250392792 9.044748945845217
230 1187.1430597871235 9.06772468686907
231 1192.1060093245296 9.08687165963021
232 1196.7890773732388 9.10490300378855
233 1201.8569824689062 9.124374392231335
234 1206.714976448051 9.143001139224994
235 1211.1531481941502 9.159986708300341
236 1216.1860681037303 9.179207913047671
237 1221.6038250602683 9.199852526920047
238 1226.6017597837615 9.218857847114474
239 1232.089487112474 9.239678807426502
240 1238.2069477907544 9.262831726872108
241 1243.379808444683 9.282367409289023
242 1247.7829950046953 9.29896679523641
243 1252.3611074951432 9.316193526824305
244 1256.974205171678 9.33351960013306
245 1261.6572732203872 9.351075353983365
246 1266.5502523856192 9.36938204924043
247 1271.513201923025 9.387913801604949
248 1276.7210477630406 9.407319841141696
249 1282.3137306500143 9.428114065501852
250 1287.941398723075 9.448992062499608
251 1293.1142593770037 9.468143646875191
252 1297.9722533561483 9.486095398008901
253 1302.445410288335 9.502596513110833
254 1306.9535524066089 9.519197603177368
255 1311.8465315718406 9.537181591911283
256 1317.1943181562049 9.556796820599955
257 1322.4371491823076 9.57598843169174
258 1327.5050542779748 9.594503832148028
259 1332.992781606687 9.614511336734985
260 1338.3755533771382 9.634096165382333
261 1343.6883547754148 9.653387682595238
262 1348.9311858015178 9.672387643397368
263 1353.5792686641398 9.689203112096584
264 1358.1573811545877 9.705737237211602
265 1363.260271436342 9.724131456613291
266 1367.9433394850512 9.740983253003941
267 1372.6613927198478 9.757931379734202
268 1377.6243422572538 9.775726590557722
269 1382.7972029111825 9.794239301447549
270 1388.3898857981558 9.814213760286426
271 1393.5627464520844 9.832654008622386
272 1398.7705922920998 9.851183984702114
273 1404.0484085042897 9.869927193277933
274 1408.6615061808247 9.88628287565312
275 1413.4845149738821 9.903353116657184
276 1418.692360813898 9.921751055150352
277 1423.5503547930425 9.938883527974344
278 1428.3733635861001 9.95586358074533
279 1433.5112390539412 9.973919231305343
280 1439.0339515687408 9.99328960944273
281 1444.6266344557143 10.012866994860746
282 1449.5895839931202 10.03020991896518
283 1454.5875187166132 10.04764472434881
284 1459.7953645566292 10.065778934285614
285 1464.3035066749028 10.08145267663642
286 1469.091530281873 10.098071796166831
287 1474.474302052324 10.11672054967266
288 1479.6471627062529 10.13461039215872
289 1484.6800826158328 10.151986466478846
290 1489.5730617810648 10.16885140634493
291 1494.6759520628186 10.18640938662999
292 1499.9537682750088 10.204536887687716
293 1505.1616141150241 10.222392779547892
294 1510.1595488385176 10.239500360250975
295 1515.1224983759232 10.256460071063296
296 1520.1204330994165 10.273510922637046
297 1524.7685159620385 10.289344046189665
298 1529.6964803133574 10.306102975232854
299 1534.4495187342409 10.322241836873072
300 1539.5174238299085 10.339420964449697
301 1545.0051511586207 10.357989686189319
302 1550.0030858821137 10.374873677661393
303 1555.3858576525652 10.393025762840209
304 1560.5937034925803 10.410558368994137
305 1565.27677154129 10.426300767963724
306 1570.0997803343478 10.442488283920285
307 1574.8178335691439 10.458299653199395
308 1579.6758275482887 10.474554568972046
309 1584.8836733883043 10.491950937053927
310 1590.0215488561455 10.509085576763475
311 1595.229394696161 10.526424877749882
312 1600.4022553500895 10.543619579043723
313 1605.5051456318438 10.560554488060482
314 1610.4331099831627 10.576883696559172
315 1615.151163217959 10.592494456304303
316 1619.9042016388426 10.608197623047312
317 1624.4823141292902 10.623301519770605
318 1629.5152340388704 10.63987953854171
319 1634.5131687623632 10.656316909838292
320 1639.8259701606403 10.673761047988302
321 1645.3836678615269 10.69197807805632
322 1650.101721096323 10.707421038603789
323 1654.8897447032934 10.723070046736405
324 1660.062605357222 10.73994992296975
325 1664.9905697085412 10.756006786123868
326 1669.9185340598597 10.772039714853799
327 1674.881483597266 10.788162270754151
328 1679.7044923903236 10.803807617497402
329 1684.4225456251195 10.819090955907201
330 1688.8257321851318 10.833335952054261
331 1694.208503955583 10.850721106438062
332 1699.8011868425572 10.868754149776139
333 1704.8341067521371 10.884958345487322
334 1709.6571155451945 10.90046476251199
335 1714.5500947104263 10.916173402228424
336 1719.8628961087034 10.933202942146742
337 1724.8608308321966 10.949199973623328
338 1729.648854439167 10.96450390996663
339 1734.576818790486 10.980232403137844
340 1739.7146942583272 10.996606241068635
341 1744.7825993539946 11.012733455519516
342 1750.0604155661842 11.029502938141617
343 1755.2332762201129 11.045914547159825
344 1760.1262553853446 11.061416631332113
345 1765.264130853186 11.077670471994645
346 1770.3670211349406 11.093790170802867
347 1775.294985486259 11.109335623206597
348 1780.222949837578 11.124859353011697
349 1785.1509141888969 11.140361451027369
350 1789.8339822376056 11.155073975969131
351 1794.9718577054473 11.171191548063934
352 1800.6345109645952 11.188926878619455
353 1805.7374012463497 11.204886521638366
354 1810.6303804115814 11.220168968047979
355 1815.5233595768132 11.235430627274619
356 1820.3813535559577 11.250562793147866
357 1825.484243837712 11.266435125196585
358 1830.6221193055537 11.282393612370326
359 1835.5500836568726 11.297679552000911
360 1840.4430628221044 11.312836645530298
361 1845.5459531038587 11.328621727119037
362 1850.998695246484 11.345463708847015
363 1856.241526272587 11.361634378135452
364 1860.9245943212961 11.376060737014217
365 1865.6076623700053 11.390468824506017
366 1870.2907304187145 11.404858709859173
367 1875.3236503282944 11.420302255482063
368 1880.496510982223 11.43615305630574
369 1885.2495494031066 11.45069931183421
370 1890.2824693126863 11.466081115392413
371 1895.5952707109634 11.482295109053998
372 1900.5232350622825 11.497315278213872
373 1905.5911401579494 11.512741113560198
374 1910.5540896953553 11.527827787991768
375 1915.5520244188483 11.543000779598959
376 1920.3400480258188 11.55751845886921
377 1924.9181605162667 11.571383292305045
378 1930.4758582171532 11.588189315398711
379 1936.1035262902142 11.60518193629844
380 1940.7516091528362 11.619200574820267
381 1945.3647068293712 11.6330971067351
382 1950.8174489719968 11.64949890885182
383 1956.0952651841867 11.665353047700505
384 1961.3380962102895 11.681080887536059
385 1966.6858827946533 11.697101497990777
386 1971.4389212155363 11.711323642402144
387 1975.94706333381 11.72479782232679
388 1980.7700721268677 11.739194939611936
389 1986.1178587112315 11.755136348990105
390 1991.3257045512478 11.770640238768747
391 1996.078742972131 11.784773635217237
392 2001.076677695624 11.79961622772276
393 2006.354493907814 11.815268935648229
394 2011.5973249339168 11.83079747926397
395 2016.5252892852359 11.845375748814533
396 2021.3832832643805 11.85972969392077
397 2026.1013364991766 11.873653965362315
398 2030.959330478321 11.887973766434161
399 2036.0622207600757 11.902996158074112
400 2041.1651110418297 11.917999614315624
401 2046.3379716957581 11.93318934432492
402 2051.3708916053383 11.947950005847359
403 2056.5087670731796 11.962999395486873
404 2061.7166129131956 11.978234243142552
405 2066.749532822776 11.992939464464534
406 2071.747467546269 12.007524744365007
407 2076.780387455849 12.02219413839487
408 2081.743336993255 12.036642283585227
409 2086.35643466979 12.050057417282986
410 2091.38935457937 12.064675096103283
411 2096.5622152332985 12.07968038878584
412 2101.2802684680946 12.093351411892213
413 2106.2082328194138 12.107613555393986
414 2111.311123101168 12.12236376596827
415 2116.728880057706 12.138003620059626
416 2121.831770339461 12.152716945123046
417 2126.6897643186053 12.16670830301045
418 2131.6876990420983 12.18108551890062
419 2136.7905893238526 12.195746868743655
420 2141.85849441952 12.21029037442107
421 2146.961384701274 12.224916698913741
422 2151.819378680419 12.238825518718807
423 2156.6423874734764 12.252618656165472
424 2161.9901740578402 12.267892919591047
425 2167.3379606422045 12.283148189275014
426 2172.3009101796106 12.2972897421109
427 2177.123918972668 12.311017377016304
428 2182.0168981379 12.32492833918117
429 2187.0498180474797 12.339220395984066
430 2191.9777823987993 12.353198679528877
431 2196.7658060057693 12.366765282206753
432 2202.0086370318722 12.381602178993596
433 2207.636305104933 12.397507357687902
434 2212.7391953866872 12.411913065745585
435 2217.3522930632225 12.424923027868255
436 2222.4901685310633 12.439395380911495
437 2227.6980143710794 12.454047474207563
438 2232.8708750250075 12.468584186285877
439 2238.0087504928492 12.483005920237703
440 2242.691818541558 12.49613776150442
441 2247.6197828928775 12.509940710880349
442 2252.4427916859345 12.523435249383972
443 2257.6506375259505 12.53798913273921
444 2263.1383648546625 12.55330617613499
445 2267.9963588338073 12.56685154420356
446 2273.0642639294747 12.580966062876913
447 2278.237124583403 12.5953562949185
448 2283.4449704234185 12.609827169438788
449 2288.6878014495214 12.624378409124994
450 2293.6507509869275 12.63813814525372
451 2298.4037894078115 12.651302453949413
452 2302.911931526084 12.66377654172159
453 2307.944851435665 12.677686607318234
454 2313.502549136551 12.693027929751855
455 2318.745380162654 12.707483897260122
456 2323.5683889557113 12.720768878290999
457 2328.4963533070304 12.734328348607226
458 2333.7741695192203 12.748833491355096
459 2338.5272079401034 12.761883614619224
460 2343.3152315470747 12.775016216129318
461 2348.2781810844804 12.78861387657407
462 2353.1011898775378 12.80181466589305
463 2358.064139414944 12.815383892088844
464 2363.411925999308 12.829988193866281
465 2368.864668141933 12.844861758203528
466 2374.142484354123 12.859242220578754
467 2379.1054338915287 12.872750912266229
468 2383.928442684586 12.88586550857266
469 2388.9613625941665 12.89953608932277
470 2394.1342232480947 12.913571327886917
471 2398.9572320411526 12.926644510320324
472 2403.4653741594266 12.93885314908343
473 2408.708205185529 12.953034771327175
474 2414.021006583806 12.967389660755074
475 2418.983956121212 12.98078580732282
476 2424.0868464029663 12.99454491097298
477 2428.9098551960237 13.007536711424851
478 2433.8728047334293 13.020891553991268
479 2439.0456653873584 13.034796123510471
480 2444.008614924764 13.04812306591333
481 2449.1464903926058 13.061904942902123
482 2454.24938067436 13.075578687198174
483 2459.072389467418 13.088490052747972
484 2463.9653686326496 13.101575537683866
485 2469.103244100491 13.115301245637772
486 2474.1711491961582 13.12882615107066
487 2479.2390542918256 13.142337137900778
488 2484.271974201405 13.155741212906403
489 2489.3048941109855 13.169131644709234
490 2494.3028288344785 13.182415627035475
491 2499.1958079997103 13.195407969163469
492 2504.1937427232033 13.20866552536212
493 2509.086721888435 13.221632072843482
494 2514.2595825423637 13.23532575308692
495 2519.5723839406405 13.249374800984864
496 2524.9551557110917 13.263593528776497
497 2530.337927481543 13.27779703023927
498 2535.265891832861 13.290788223859247
499 2540.2638265563546 13.303950732759894
500 2545.3317316520215 13.317284048968531
501 2550.0497848868176 13.329685837153475
502 2554.732852935527 13.341984360169853
503 2559.835743217281 13.355371351434496
504 2565.2185149877323 13.36947735008165
505 2570.6012867581835 13.383568481312276
506 2575.5642362955896 13.396548468008886
507 2580.3872450886474 13.40915078263656
508 2585.38517981214 13.422197219520717
509 2590.2081886051974 13.434775474695556
510 2595.066182584342 13.44743298320329
511 2600.029132121748 13.460351384695706
512 2605.0620520313287 13.473439086372776
513 2610.339868243518 13.487149354639529
514 2615.337802967011 13.500120414373361
515 2620.4756784348533 13.51344132324449
516 2625.823465019216 13.527292010964713
517 2630.6464738122745 13.539772634933026
518 2635.469482605332 13.5522417651639
519 2640.3624617705636 13.564879895163333
520 2645.0455298192724 13.576965372277174
521 2650.0784497288532 13.589940770096518
522 2655.2513103827814 13.603263698664891
523 2660.2842302923614 13.616214035851968
524 2665.3521353880287 13.629241872215095
525 2670.5599812280448 13.64261613688939
526 2675.802812254147 13.656066931301249
527 2681.0456432802503 13.669504490135848
528 2686.3584446785276 13.683107754910466
529 2691.426349774194 13.696071961467643
530 2696.2143733811645 13.708309636967666
531 2700.9674118020475 13.720447190444261
532 2706.1052872698892 13.733554394255014
533 2711.173192365556 13.746471025000211
534 2716.1361419029627 13.759108663096828
535 2721.5888840455873 13.77297889839077
536 2726.8667002577768 13.786391284004425
537 2731.8646349812702 13.799081060849675
538 2737.037495635199 13.8122022590383
539 2741.9654599865175 13.82469127611273
540 2746.683513221313 13.836638282333091
541 2751.7864035030684 13.849547148691393
542 2756.609412296126 13.86173762843596
543 2761.3974359030967 13.873829176145918
544 2766.815192859635 13.887496700809615
545 2771.988053513563 13.900534440649407
546 2777.3358400979273 13.913999801955523
547 2782.6486414962037 13.927364263042204
548 2787.471650289261 13.939486689661019
549 2792.364629454493 13.951774040601086
550 2797.362564177986 13.964313530145953
551 2802.3604989014784 13.976841769743414
552 2807.043566950188 13.988571335424192
553 2811.726634998897 14.000291073976229
554 2816.9344808389133 14.013311214814008
555 2822.387222981539 14.026930089504377
556 2827.385157705031 14.039402452528748
557 2832.2081664980888 14.051428222064892
558 2837.2760715937557 14.064052915893443
559 2842.448932247685 14.07692713420558
560 2847.691763273788 14.089963325551915
561 2852.6896979972803 14.102379941117208
562 2857.547691976425 14.114438769780666
563 2862.5106415138307 14.126747231674507
564 2867.158724376453 14.138265861517084
565 2871.876777611249 14.14994811464825
566 2877.1196086373525 14.162917094331318
567 2882.2224989191063 14.175528839821197
568 2887.3953595730354 14.188301907179905
569 2892.288338738267 14.20037396402076
570 2897.111347531325 14.212263527454384
571 2902.1792526269915 14.224745478039996
572 2907.0372466061363 14.236700660521098
573 2912.0351813296293 14.248989409270708
574 2916.753234564426 14.26058095807485
575 2921.6462137296585 14.27259187991308
576 2927.4837929192413 14.286905987461877
577 2932.7965943175186 14.29992194108838
578 2937.4796623662273 14.311386713768444
579 2942.6175378340695 14.32395318566838
580 2947.8953540462594 14.336850134020898
581 2952.8932887697515 14.349053113484599
582 2957.646327190635 14.36064912378237
583 2962.609276728041 14.37274673881535
584 2967.747152195883 14.385259608791166
585 2972.6051461750276 14.39708150267203
586 2977.638066084608 14.4093184158481
587 2982.740956366362 14.421714685743842
588 2987.493994787245 14.43325231816408
589 2992.5618998829127 14.445543320380786
590 2997.6298049785796 14.457823873675013
591 3002.7676804464218 14.470263175091135
592 3008.150452216873 14.483283365177511
593 3013.183372126452 14.495447507777936
594 3018.181306849946 14.507517083876644
595 3022.934345270829 14.518986532873495
596 3027.932279994322 14.531036557313758
597 3033.4200073230345 14.544254806936353
598 3038.3129864882662 14.556031656940188
599 3043.2059656534984 14.567798986346517
600 3047.9240188882945 14.579137058924195
601 3052.642072123091 14.590466320827275
602 3057.919888335281 14.603127896425159
603 3063.127734175296 14.615611017214581
604 3067.8457874100927 14.626912028272491
605 3072.563840644889 14.63820431470748
606 3077.9116272292536 14.650991717704935
607 3083.189443441443 14.663601031547962
608 3088.2923337231978 14.675782516789852
609 3093.6051351214746 14.688453877340581
610 3098.6730402171415 14.700531509029553
611 3103.25115270759 14.711434498997862
612 3108.179117058909 14.723160756221787
613 3113.56188882936 14.735957496314187
614 3118.4198828085046 14.74749826633117
615 3123.4178175319985 14.759361727516128
616 3128.5556929998393 14.771547102380957
617 3133.518642537246 14.78330847136713
618 3138.621532818999 14.795391398246124
619 3143.8293786590157 14.80771243894441
620 3148.827313382509 14.819527697018414
621 3153.4404110590435 14.830425734264033
622 3158.40336059645 14.842140446083128
623 3163.5762212503782 14.854340313253202
624 3168.71409671822 14.866447838543362
625 3173.7120314417125 14.878216453068477
626 3178.744951351293 14.890057966276546
627 3184.0577527495698 14.902547133484346
628 3189.2655985895854 14.914779653514698
629 3194.193562940904 14.926346162009672
630 3198.9815865478745 14.937575963904624
631 3203.6296694104967 14.948469818036132
632 3208.2777522731185 14.959355738936525
633 3213.275686996612 14.971051319539324
634 3218.44854765054 14.98314622277186
635 3223.376512001859 14.994659995085163
636 3228.4094319114397 15.006409623321812
637 3233.792203681891 15.018965026344343
638 3239.2449458245164 15.03167279430888
639 3244.242880548009 15.043312151364564
640 3248.855978224544 15.054048185794334
641 3253.923883320212 15.065832739063143
642 3258.991788415878 15.07760808161016
643 3263.8847675811103 15.088968658307621
644 3268.812731932429 15.100401743219765
645 3273.8806370280968 15.112150149725341
646 3279.2983939846354 15.124698699609318
647 3284.4012842663888 15.136509109489682
648 3289.1893078733588 15.147583105926321
649 3294.2222277829396 15.15921420673455
650 3299.50004399513 15.171401130608151
651 3304.497978718622 15.182933371191659
652 3309.390957883854 15.194215197330825
653 3314.5288333516955 15.206052106217129
654 3319.491782889101 15.217477656258485
655 3324.6996287291167 15.229457221644498
656 3329.977444941306 15.24158798045845
657 3335.010364850887 15.25314739916892
658 3340.25319587699 15.265179152385937
659 3345.286115786569 15.276720720401885
660 3350.179094951801 15.28793333573606
661 3355.142044489207 15.299297736812818
662 3360.244934770961 15.310973467005487
663 3364.962988005758 15.321761601840835
664 3369.8909523570765 15.333021105408061
665 3375.308709313614 15.34538904117485
666 3379.9218069901494 15.355913881037303
667 3384.4999194805973 15.366351860222643
668 3389.6377949484395 15.378056271400467
669 3394.9855815328033 15.390228959943943
670 3399.9835162562963 15.401597349876543
671 3405.2263472823993 15.4135132238367
672 3410.784044983286 15.426134000891908
673 3415.712009334604 15.437317378635386
674 3420.290121825052 15.447700353743656
675 3424.938204687674 15.458234713005488
676 3430.216020899864 15.470186079763996
677 3435.4238667398795 15.481970106859697
678 3440.45678664946 15.49335018013907
679 3445.73460286165 15.505274480142914
680 3450.9424487016654 15.517031860241335
681 3455.835427866897 15.528070951038906
682 3460.7983774043037 15.53925973211833
683 3466.0412084304057 15.55107012381781
684 3471.074128339986 15.562399667487561
685 3475.8271667608697 15.573092223877898
686 3480.790116298276 15.584248681766539
687 3485.89300658003 15.595711084873379
688 3490.925926489611 15.607008222512107
689 3495.888876027016 15.618140453309298
690 3501.0967218670316 15.629812931269202
691 3506.26958252096 15.641398447298513
692 3511.092591314017 15.65219343232519
693 3516.1954815957715 15.663606114513481
694 3521.2284015053515 15.674854319110661
695 3525.946454740148 15.68539218513966
696 3530.664507974944 15.69592297629988
697 3535.452531581914 15.706602560936563
698 3540.310525561059 15.717430635745828
699 3545.553356587162 15.72910724622177
700 3550.691232055003 15.740541920700746
701 3555.759137150671 15.751812889269182
702 3560.966982990686 15.763386385726903
703 3566.174828830702 15.774951391142029
704 3571.557600601154 15.786895580592242
705 3576.5905205107333 15.798056003421465
706 3581.098662629007 15.808047191370367
707 3585.8517010498904 15.81857370332047
708 3590.744680215122 15.829402506605724
709 3595.9175408690508 15.840842049487708
710 3601.1253867090654 15.852350547599922
711 3606.4381881073427 15.864082157838139
712 3611.3661524586614 15.874957018709788
713 3616.049220507371 15.885285093308532
714 3620.9771848586897 15.89614544884813
715 3625.730223279573 15.906613660164265
716 3630.833113561328 15.917843930678067
717 3635.866033470907 15.92891260620582
718 3640.5141163335297 15.93912892975832
719 3645.7919325457196 15.950719981857068
720 3651.454585804868 15.963146056813871
721 3656.6624316448833 15.974566444143196
722 3661.590395996202 15.985366142619021
723 3666.343434417085 15.99577596480958
724 3671.4113395127524 16.006867215591846
725 3676.3043186779846 16.017568722073356
726 3681.0573570988677 16.027957629377863
727 3685.9853214501863 16.038721376854728
728 3691.088211731941 16.049859210350633
729 3696.2610723858693 16.06114173378591
730 3701.2590071093623 16.072035567437823
731 3706.3968825772045 16.0832264323791
732 3711.6397136033074 16.09463766130951
733 3716.5326927685383 16.10528084690224
734 3721.3906867476826 16.11584105592565
735 3726.633517773786 16.127229207570757
736 3732.1212451024985 16.139140199298897
737 3737.2591205703397 16.150284566125052
738 3742.117114549484 16.16081536770591
739 3747.1850196451514 16.171793428382916
740 3752.11298399647 16.18246150391014
741 3756.8310372312662 16.19266903267747
742 3761.9689126991084 16.20377658436524
743 3766.931862236514 16.21449910289427
744 3771.859826587833 16.225139099342226
745 3777.0326872417613 16.236299822117303
746 3781.8207108487313 16.24662419836708
747 3786.4338085252666 16.256565570248583
748 3791.3267876904993 16.26710281053591
749 3796.534633530514 16.27830995207177
750 3801.6375238122687 16.289283967179745
751 3806.810384466198 16.300400770659035
752 3812.333096980997 16.31226034826857
753 3817.121120587967 16.322536677826008
754 3821.419351589718 16.331757362800257
755 3826.2773455688625 16.34217122476824
756 3831.205309920181 16.35272815082816
757 3836.098289085413 16.36320346642556
758 3841.481060855864 16.374718573559377
759 3846.6889066958797 16.385852111209964
760 3851.511915488938 16.396156966381344
761 3856.6497909567784 16.407126758223296
762 3861.612740494185 16.417716467954452
763 3866.435749287242 16.42800133546118
764 3871.3986988246475 16.438577597823063
765 3876.04678168727 16.448477366095812
766 3880.764834922067 16.458519913384205
767 3886.217577064692 16.470117008445193
768 3891.7053043934047 16.481780205153143
769 3896.738224302984 16.49247040760407
770 3901.876099770826 16.503376180039265
771 3907.0839456108415 16.514422980748098
772 3912.0119099621597 16.524869864005154
773 3917.04482987174 16.535532209064932
774 3922.042764595233 16.546113710634618
775 3927.0756845048136 16.55676237493215
776 3931.9336784839584 16.56703480174504
777 3936.616746532667 16.576931690516147
778 3941.6496664422475 16.587560570703477
779 3946.8575122822635 16.598551344437567
780 3951.855447005756 16.60909269713903
781 3956.6784557988135 16.619259131439303
782 3961.7813460805683 16.630008158315164
783 3967.3040585953677 16.641632844502436
784 3972.4069488771215 16.652367429255293
785 3977.194972484092 16.662434003716353
786 3982.2628775797593 16.673081786802705
787 3987.1208715589037 16.68328259221412
788 3991.8389247937 16.693183882290786
789 3996.9068298893676 16.70381206399252
790 4001.939749798947 16.714360259486455
791 4007.042640080702 16.72504816589777
792 4012.4953822233274 16.736460578157253
793 4017.283405830298 16.74647660296016
794 4022.0014590650944 16.756340551856486
795 4027.1043493468483 16.76700169849966
796 4032.172254442516 16.777583118515604
797 4036.8553224912253 16.787355880200632
798 4041.7483016564565 16.797560154893343
799 4046.816206752124 16.8081223370866
800 4051.7441711034435 16.818386787492862
801 4057.1619280599816 16.829663179631215
802 4062.2648183417355 16.8402779076693
803 4067.297738251316 16.850740678743257
804 4072.470598905244 16.861487317046954
805 4077.1886521400406 16.8712840240224
806 4082.151601677447 16.881582573353995
807 4087.254491959201 16.892164676223995
808 4092.217441496607 16.902450503119525
809 4097.2853465922735 16.91294718112768
810 4102.213310943593 16.923148051909827
811 4107.071304922738 16.933198214428426
812 4111.964284087969 16.94331465439616
813 4117.067174369724 16.95385822594892
814 4122.170064651477 16.96439524454898
815 4127.342925305406 16.975069930164018
816 4132.865637820206 16.986458474901475
817 4138.0734836602205 16.997191314059087
818 4142.931477639366 17.00719772181732
819 4147.859441990685 17.01734209517553
820 4152.647465597654 17.02719289588021
821 4157.820326251584 17.037828237019994
822 4162.958201719424 17.04838515016561
823 4168.0610920011795 17.05886378092303
824 4173.408878585544 17.06983790928389
825 4178.196902192513 17.079658432723583
826 4183.334777660356 17.090189506635003
827 4188.472653128197 17.100714095232647
828 4192.945810060383 17.109873090053853
829 4197.978729969965 17.120171102312828
830 4203.291531368241 17.131034510475835
831 4208.639317952606 17.14196243585465
832 4213.952119350882 17.15281204289544
833 4219.0200244465495 17.16315560496111
834 4224.29784065874 17.173920554732508
835 4228.980908707449 17.18346790872177
836 4233.7689323144195 17.193223528453043
837 4238.941792968348 17.20375622996425
838 4243.799786947492 17.213642560547616
839 4248.552825368375 17.223310024646413
840 4252.990997114475 17.232332833062824
841 4257.674065163184 17.24184784236487
842 4262.8469258171135 17.252350858359694
843 4268.299667959739 17.26341468749899
844 4273.472528613667 17.27390459025516
845 4278.12061147629 17.283325895687852
846 4282.873649897172 17.292954404015052
847 4288.256421667624 17.303850805499124
848 4293.499252693726 17.314457591060634
849 4298.3922318589575 17.324351398577406
850 4303.460136954624 17.334592603306263
851 4308.213175375508 17.34419265129944
852 4313.071169354654 17.35399897740149
853 4318.104089264232 17.36415220856953
854 4323.032053615552 17.374088164781913
855 4327.9600179668705 17.384018442030587
856 4332.922967504277 17.394013417109793
857 4338.130813344293 17.404494930958755
858 4343.233703626047 17.4147592883011
859 4348.091697605191 17.424525900343223
860 4352.844736026073 17.434076426771828
861 4357.807685563481 17.444042719973403
862 4363.120486961758 17.4547045590266
863 4368.2583624295985 17.465009488605933
864 4373.256297153092 17.475028180959317
865 4378.359187434846 17.48525113325578
866 4383.532048088775 17.495608029265654
867 4388.355056881833 17.505259614455206
868 4393.108095302717 17.5147661181149
869 4398.350926328819 17.525245252090777
870 4403.278890680138 17.535089927946622
871 4408.4867365201535 17.54548716417839
872 4413.79953791843 17.556087395971677
873 4418.657531897575 17.565775429432602
874 4423.585496248893 17.575597403004622
875 4428.653401344562 17.58569229270523
876 4433.406439765444 17.595155339368315
877 4438.12449300024 17.604543774060136
878 4443.227383281995 17.614691560186337
879 4448.645140238533 17.625458500890687
880 4453.922956450722 17.63594126398633
881 4459.165787476825 17.64634843927889
882 4464.233692572492 17.65640287775654
883 4469.126671737725 17.666105181686287
884 4474.369502763827 17.676494597743858
885 4479.577348603843 17.686808709070196
886 4484.645253699509 17.696840160109105
887 4489.2583513760455 17.705967297757994
888 4494.256286099539 17.715849723834936
889 4499.534102311727 17.726279032488975
890 4504.462066663047 17.736012121469216
891 4509.46000138654 17.74587781602054
892 4514.702832412643 17.756220556041608
893 4519.945663438745 17.76655727507328
894 4525.328435209197 17.77716338699986
895 4530.641236607474 17.787625555838957
896 4535.674156517053 17.79753141111017
897 4540.7770467988075 17.807569222023353
898 4545.635040777952 17.81712051313051
899 4550.318108826661 17.826323387878478
900 4555.316043550154 17.836139128674965
901 4560.383948645821 17.846086639895578
902 4565.55680929975 17.856234246876966
903 4570.659699581504 17.8662390767347
904 4575.86754542152 17.876443712165337
905 4581.145361633709 17.886779382951293
906 4586.073325985028 17.896425182969253
907 4590.96630515026 17.905997432099944
908 4595.824299129405 17.91549624823807
909 4600.542352364201 17.92471689865507
910 4605.4003463433455 17.934205800068018
911 4610.74813292771 17.94464461705305
912 4616.1309046981605 17.955145533020893
913 4621.303765352089 17.96523153852025
914 4626.6165667503665 17.975584248065193
915 4631.6145014738595 17.985318527830316
916 4636.437510266917 17.994707455340528
917 4641.750311665195 18.00504321655282
918 4646.818216760861 18.01489746213239
919 4651.711195926093 18.024406794119404
920 4656.779101021761 18.034250459087755
921 4661.637095000905 18.043681758537236
922 4666.215207491353 18.05256573935415
923 4670.828305167888 18.061513116860617
924 4676.071136193991 18.071675214107653
925 4681.313967220093 18.0818316001963
926 4686.62676861837 18.09211758873196
927 4691.939570016646 18.10239773265274
928 4697.462282531446 18.113077487184352
929 4702.635143185375 18.123075599285766
930 4707.108300117561 18.13171816922731
931 4711.9662940967055 18.141098796670235
932 4717.104169564547 18.15101404177578
933 4722.10210428804 18.160654289781757
934 4727.554846430667 18.171165091033096
935 4732.867647828943 18.181400539898643
936 4737.900567738523 18.19109196851428
937 4742.723576531581 18.200374745117646
938 4747.756496441161 18.21005607562575
939 4752.894371909002 18.219933794380967
940 4757.787351074234 18.229336169492825
941 4762.225522820333 18.237861273865114
942 4766.733664938606 18.246516554183714
943 4772.32634782558 18.257246084792634
944 4777.919030712555 18.2679693135075
945 4782.707054319525 18.277146078327764
946 4788.089826089976 18.287456068249654
947 4793.332657116079 18.297492681289032
948 4799.135251119575 18.308593452784624
949 4804.483037703938 18.318818929518518
950 4809.236076124822 18.327903452803195
951 4813.534307126573 18.336115726447638
952 4819.126990013547 18.346792857942663
953 4824.824628458781 18.357663799903975
954 4828.877963157923 18.36539625663634
955 4833.386105276197 18.37399146023051
956 4838.803862232735 18.38431371541358
957 4844.571471050144 18.395295557771696
958 4848.7647464936335 18.403278236137897
959 4853.657725658865 18.412586986772403
960 4859.180438173665 18.423086927305476
961 4864.423269199768 18.433049690833002
962 4869.945981714567 18.443537981914208
963 4874.349168274579 18.45189778933837
964 4879.906865975466 18.46244166789092
965 4886.094297025921 18.47417211485265
966 4890.217602097236 18.481988276566693
967 4894.375892354638 18.489867330718987
968 4901.332997499009 18.503035731450066
969 4908.360073015554 18.516326971190274
970 4912.3434373425225 18.523861047956864
971 4915.627097947747 18.530071052593858
972 4921.21978083472 18.540636489957738
973 4926.74249334952 18.551063954348976
974 4930.306035443443 18.557792496426877
975 4934.464325700846 18.565639380125813
976 4939.672171540861 18.57545979619487
977 4946.069513707837 18.587514013119744
978 4952.256944758292 18.59916557743511
979 4957.219894295698 18.60850788587261
980 4964.666792045288 18.622512560908284
981 4971.72885274792 18.635784266630385
982 4973.8580022122715 18.639790201296407
983 4975.847210932275 18.643532673780957
984 4983.294108681865 18.657511058577505
985 4991.02088792015 18.672003391588017
986 4994.479474455812 18.67849178542243
987 4998.392868410605 18.68582947436629
988 5004.0905068558395 18.69650328706266
989 5009.47327862629 18.7065821528887
990 5013.141776278474 18.713450994521008
991 5016.320481325438 18.719401951852767
992 5021.598297537628 18.729272445431107
993 5029.045195287218 18.743186886914103
994 5035.26761152376 18.75480699962557
995 5039.740768455946 18.763158587616974
996 5046.557932855967 18.775874569506176
997 5053.37509725599 18.788581945309037
998 5056.133980069909 18.793727616106114
999 5058.962833256001 18.799002094637057
1000 5068.2289606821205 18.81624777351503
1001 5076.795384386497 18.832177841785274
1002 5079.554267200417 18.83731160376727
1003 5082.663001875206 18.843093533577036
1004 5087.0661884352185 18.85127615449445
1005 5091.749256483928 18.859974411510162
1006 5094.753035600456 18.865554762080347
1007 5098.211622136117 18.871976610934826
1008 5104.119171697874 18.882934114714978
1009 5111.321173144855 18.89628200567066
1010 5119.117922755316 18.910720801845383
1011 5124.9205167588125 18.92146181041174
1012 5130.863051506657 18.93245532270858
1013 5137.505289976243 18.944734639990735
1014 5140.614024651033 18.95048379428274
1015 5143.162996348428 18.955198091057316
1016 5150.399982981496 18.968559656834252
1017 5158.091777033696 18.98275004531539
1018 5162.35502284936 18.99061469028413
1019 5165.988535315456 18.99731640705891
1020 5170.25178113112 19.005175024235466
1021 5174.4800417606975 19.01296601814789
1022 5177.133969016356 19.017857903049173
