1 14.627859237536656 0.5250125055840038
2 19.520973315050743 0.5250125055840038
3 24.519800938560714 0.6722799862965297
4 29.818150275725685 0.7992728756487834
5 34.9050725208989 0.9045792633315999
6 39.868662295743576 0.996666537326427
7 44.99082238958208 1.083518530762844
8 49.79584184543293 1.1590967485847203
9 54.86514516627348 1.2338196519313733
10 60.05778095744259 1.3059335991272274
11 65.0389896566199 1.3715553074139533
12 70.31972006945223 1.4378525161083515
13 75.19521522263366 1.4964612043449146
14 80.21166177047628 1.5544578598514596
15 85.58048680497187 1.6142178910494425
16 90.57931442848184 1.6679393420443616
17 95.71909344665298 1.721426943442236
18 101.01744278381797 1.7748767482227867
19 106.05150825599321 1.8242125496541568
20 110.99747910650525 1.8714195457735154
21 116.01392565434787 1.9181121495490554
22 120.87180188319667 1.962271551872659
23 125.69444026338017 2.005149211991769
24 130.99278960054514 2.051219177007719
25 136.29113893771012 2.0962769048714054
26 141.3604422585507 2.138500063785274
27 146.44736450372392 2.180047943672635
28 151.46381105156655 2.220259475524389
29 156.58597114540504 2.260579651004595
30 161.77860693657414 2.30073292460759
31 167.09457519807177 2.341125710664784
32 172.4105434595694 2.3808332986368406
33 177.4446089317447 2.4178360471363245
34 182.32010408492613 2.453142358050613
35 187.4775020274299 2.489943243273007
36 192.61728104560106 2.5260851980070664
37 197.33420587978867 2.558807344978751
38 202.22731995730277 2.592314054997349
39 207.4375746728045 2.6275206268578404
40 212.55973476664298 2.661678580227831
41 217.82284625514268 2.696324889222012
42 222.8745306516506 2.7291670370574974
43 228.0847853671523 2.7626301238109705
44 233.47122932598052 2.7968028560674822
45 238.18815416016812 2.8263925447173874
46 243.01079254035162 2.8563278060993813
47 248.32676080184925 2.8889628136510863
48 253.67796691201218 2.9214457803285776
49 258.94107840051186 2.953045968351002
50 264.0103817213525 2.9831671344573523
51 268.9739714961971 3.012368950690337
52 273.84946664937854 3.0407799941977904
53 278.6544861052294 3.0685233972037285
54 283.56521910707613 3.09661974145932
55 288.5111899575882 3.1246621438457978
56 293.70382574875725 3.1538334047663894
57 298.75551014526525 3.1819569376318495
58 303.6838620714446 3.2091570217023686
59 308.7355464679525 3.2367999008070796
60 313.6991362427971 3.26373316017738
61 318.66272601764183 3.2904459703538884
62 323.67917256548446 3.3172244099190347
63 328.76609481065765 3.3441597299866452
64 333.92349275316144 3.3712481702661896
65 338.992796074002 3.3976638866190867
66 343.991623697512 3.4235131276790494
67 348.86711885069343 3.4485385909717032
68 353.6721383065443 3.473026242269744
69 358.65334700572157 3.4982299346184047
70 363.6874124778968 3.523517650075577
71 368.95052396639653 3.5497621996675455
72 374.23125437922886 3.575900945352416
73 379.17722522974094 3.600212113328843
74 384.0879582315876 3.624188908565419
75 388.91059661177115 3.647582619219349
76 393.90942423528105 3.6716728085419525
77 399.10206002645015 3.696529838216336
78 403.907079482301 3.7193851253798504
79 409.13495312213536 3.744091218001077
80 414.67996739995743 3.770117735606636
81 419.89022211545915 3.79441171002335
82 424.81857404163856 3.817250196432044
83 429.5354988758262 3.838982633887171
84 434.69289681833 3.8626024373660384
85 439.7093433661726 3.8854395750147246
86 444.4615060490255 3.9069516247575895
87 449.6893796888599 3.930478893978679
88 454.8643965556963 3.9536306244842754
89 460.05703234686536 3.9767256313074024
90 465.1615735163712 3.9992992028089374
91 469.91373619922416 4.020202037297823
92 475.2297044607218 4.0434542192852705
93 480.33424563022766 4.065657313442292
94 485.05117046441535 4.086068769792501
95 490.3671387259129 4.108948234552962
96 495.6654880630779 4.131625871737289
97 500.6643156865879 4.152909172250722
98 505.5926676127673 4.173786461950627
99 510.52101953894663 4.194559841861895
100 515.748893178781 4.216482610515118
101 520.6772451049604 4.237046665045658
102 525.4646456364787 4.256928053756424
103 530.6749003519805 4.2784587107608125
104 535.7265847484883 4.299231762490617
105 541.0073151613207 4.320838997740127
106 546.2880455741529 4.342338717923286
107 551.1987785759997 4.362238361802862
108 556.285700821173 4.382755986715001
109 561.0907202770238 4.402049852643581
110 566.0719289762011 4.4219615897388085
111 571.2117079943722 4.442413012541142
112 576.3162491638781 4.46263159367719
113 581.6322174253759 4.483589894676821
114 586.6662828975511 4.503347898906093
115 591.7532051427243 4.523225487689465
116 596.8577463122301 4.54308443454164
117 601.8389550114075 4.562380691628059
118 606.7673069375869 4.581392409774421
119 611.8013724097622 4.60073041671347
120 616.8882946549352 4.620189052536072
121 622.3275953867613 4.64090405576989
122 627.6611825725918 4.661127429132676
123 632.5190588014405 4.67947265572244
124 637.78217028994 4.699265834090308
125 642.7457600647848 4.717857556394129
126 647.3922092016418 4.735196417425034
127 652.5672260684782 4.7544311847415495
128 658.0241457246372 4.774628814590666
129 663.3224950618021 4.794158640146619
130 668.233228063649 4.812190255060719
131 673.2672935358244 4.830604414132374
132 678.2308833106689 4.848692560764384
133 683.2297109341789 4.866841049157776
134 688.5632981200091 4.88612937339145
135 694.020217776168 4.905784817966973
136 699.2480914160024 4.9245424171197
137 704.2997758125103 4.942600815960586
138 709.4219359063488 4.96084378365359
139 714.2974310595301 4.978146976922717
140 719.1200694397137 4.995203803941063
141 724.101278138891 5.01275996222373
142 729.0824868380682 5.030254847901769
143 734.2398847805721 5.048304047964823
144 739.5558530420695 5.066840372802396
145 744.5722995899122 5.084271281649403
146 749.5358893647569 5.101460085934377
147 754.975190096583 5.120228372062014
148 760.1149691147541 5.137901094312572
149 764.9199885706049 5.154369071090227
150 769.9892918914455 5.1716850428002585
151 774.8824059689595 5.188344949301608
152 779.9340903654675 5.205488269208433
153 785.3733910972937 5.22388281784286
154 790.4955511911323 5.241146812905938
155 795.0539057063261 5.256464671112834
156 799.7003548431829 5.272032438047688
157 805.051560953346 5.289902204820794
158 810.5260995338374 5.308121194569102
159 815.595402854678 5.324937208751488
160 820.8232764945124 5.34222328389239
161 826.0335312100142 5.359395684196923
162 830.9090263631956 5.375416112062295
163 835.7845215163773 5.391388935687096
164 840.9595383832136 5.40829043549783
165 846.0816984770521 5.424967617836766
166 850.9395747059009 5.440737916828796
167 855.9912591024088 5.457088407524809
168 861.3248462882391 5.474297429195206
169 866.4117685334121 5.490661058305721
170 871.3577393839241 5.506525088218734
171 876.4622805534299 5.522849437932677
172 881.4258703282746 5.538677320177626
173 886.2661276327907 5.554068871476275
174 891.2120984833028 5.569752303207853
175 896.4047342744719 5.5861697388216305
176 901.8792728549635 5.603425526460785
177 907.1952411164611 5.620131246986552
178 912.2821633616344 5.636071481737635
179 917.3690856068075 5.651966760443477
180 922.4207700033155 5.667707920233807
181 927.4195976268255 5.683241620592627
182 932.2246170826763 5.69813374571969
183 937.1177311601903 5.713258729930677
184 942.0460830863699 5.728452160237287
185 947.238718877539 5.7444160524777965
186 952.6251628363672 5.760928466721661
187 957.7120850815403 5.776480183691939
188 962.5171045373912 5.791132547149898
189 967.1635536742483 5.805266692222549
190 972.1623812977583 5.820433284282521
191 977.5135874079211 5.83662427482913
192 983.0057449127454 5.853194773641123
193 988.215999628247 5.868872254786806
194 993.021019084098 5.883294520001489
195 998.1784170266019 5.898734129873827
196 1003.1772446501118 5.913661013610233
197 1007.7179802409729 5.927188764931283
198 1012.7696646374809 5.942200893865062
199 1018.4203924612989 5.958946657976503
200 1023.7892174957944 5.974814259400827
201 1028.6823315733084 5.989240566662776
202 1033.5930645751553 6.003683914844945
203 1038.6271300473304 6.018453663882588
204 1043.8021469141668 6.033598866609365
205 1048.8009745376767 6.048192914590695
206 1053.8174210855193 6.062803034409877
207 1059.1686271956823 6.078348455196566
208 1064.3436440625187 6.093344789328643
209 1069.3953284590268 6.107948553283798
210 1074.2532046878755 6.121959731540438
211 1079.0582241437262 6.135787139452922
212 1084.3213356322258 6.150895777402697
213 1089.108736163744 6.164607925696025
214 1093.7375663762684 6.177837422086685
215 1099.053534637766 6.192993849221629
216 1104.1933136559373 6.20761322001995
217 1109.456425144437 6.222547463311221
218 1114.701917708604 6.237396181417859
219 1119.3836046941265 6.250620610716533
220 1124.54100263663 6.2651550615266585
221 1129.6807816548012 6.2796064381330945
222 1134.7148471269766 6.293728701872717
223 1140.0836721614721 6.3087543251030604
224 1145.4172593473024 6.323646067756967
225 1150.3103734248164 6.337278337052724
226 1154.8863468643428 6.350001456573874
227 1160.043744806847 6.364308951044811
228 1165.4478076900075 6.379265654607729
229 1170.3937785405196 6.392924994245217
230 1175.374987239697 6.406652119321853
231 1180.6028608795316 6.42102676492063
232 1185.636926351707 6.43483866703439
233 1190.7414675212126 6.448813537206039
234 1195.9341033123817 6.462998349797809
235 1200.8976930872261 6.476529025061643
236 1205.7379503917425 6.48969666352116
237 1210.5958266205912 6.502885375705057
238 1215.647511017099 6.516571415819963
239 1220.6815764892742 6.530181235801625
240 1225.838974431778 6.5440948112228945
241 1231.1725616176082 6.5584522071923335
242 1236.1185324681203 6.571739118681859
243 1241.029265469967 6.584904936900934
244 1246.3099958827995 6.599032423378902
245 1251.2559667333114 6.612237791761081
246 1256.2019375838233 6.625416840077376
247 1261.4474301479906 6.639364615351839
248 1266.358163149837 6.652396596685659
249 1271.4098475463454 6.665775670356604
250 1276.4262940941878 6.679034989387508
251 1281.2841703230367 6.691850552313884
252 1286.1420465518856 6.704641619023694
253 1290.9823038564018 6.717362117051337
254 1295.9106557825812 6.7302891950193775
255 1301.015196952087 6.743651830832127
256 1306.5073544569111 6.7579986792053015
257 1311.8761794914067 6.771994263868712
258 1316.7869124932533 6.784771499017459
259 1321.891453662759 6.798027041779883
260 1326.995994832265 6.8112567876759345
261 1331.994822455775 6.82418795730428
262 1336.9936500792846 6.837094669929035
263 1341.869145232466 6.849659831232669
264 1347.0441620993026 6.862970973452415
265 1352.3777492851327 6.876662638097202
266 1357.411814757308 6.889561161143415
267 1362.0230260454998 6.901356133132598
268 1366.9337590473467 6.913894304972835
269 1372.1792516115136 6.9272612662682915
270 1377.1604603106907 6.939931559252366
271 1382.035955463872 6.95231086223403
272 1387.0700209360473 6.96506929470706
273 1392.333132424547 6.978382715491144
274 1397.6138628373794 6.991715184462915
275 1402.8241175528813 7.004845016520772
276 1408.0343722683829 7.017950284114481
277 1412.892248497232 7.030148050741432
278 1417.67964902875 7.042148367396662
279 1422.94276051725 7.055316341045377
280 1428.241109854415 7.068547617579933
281 1433.328032099588 7.0812281375405925
282 1438.3092407987654 7.093623427548336
283 1442.9028331626246 7.105035957830506
284 1447.9721364834654 7.117607858190618
285 1453.3761993666262 7.130984749015071
286 1458.2869323684731 7.143119869825398
287 1463.4795681596422 7.1559285286070144
288 1469.042201361797 7.1696236059603535
289 1474.1819803799676 7.182255336871103
290 1479.304140473806 7.1948217451090235
291 1484.4086816433123 7.207323172356337
292 1489.1784632504975 7.218985972481125
293 1494.0715773280117 7.23093047967541
294 1498.9294535568604 7.242769568814119
295 1504.3335164400216 7.255915717168203
296 1509.6142468528537 7.268739147295925
297 1514.3664095357065 7.280260922421507
298 1519.5238074782103 7.292743586908594
299 1524.7869189667101 7.305459880677663
300 1529.6624141198915 7.317220807534867
301 1534.4850525000752 7.32883579194429
302 1539.6600693669113 7.341278147852167
303 1544.7822294607497 7.353572809458813
304 1549.8339138572578 7.365678371469601
305 1554.9560739510962 7.37793237240728
306 1559.7258555582819 7.389325899695447
307 1564.7951588791225 7.401414926405784
308 1570.0935082162873 7.414028571741232
309 1575.0394790667997 7.425784763416105
310 1580.0383066903094 7.437647585193724
311 1584.9666586164885 7.4493248310525555
312 1589.9831051643314 7.461191831100493
313 1595.2285977284985 7.4735799809252
314 1600.0336171843494 7.484910861016256
315 1604.750542018537 7.496017555908331
316 1609.7846074907125 7.5078520998631655
317 1614.8010540385549 7.519626736438737
318 1619.6413113430713 7.530970775897091
319 1624.7634714369096 7.542956253836837
320 1630.0089640010767 7.555210337118446
321 1634.9020780785906 7.566624106503576
322 1639.9537624750988 7.578389352431302
323 1645.1111604176024 7.590381749484207
324 1650.039512343782 7.601824382337511
325 1654.9150074969634 7.613127492557274
326 1659.931454044806 7.624739557511189
327 1665.2650412306364 7.637065652174761
328 1670.4576770218057 7.649047222201261
329 1675.1569829316604 7.659875400788342
330 1679.979621311844 7.670971573058059
331 1684.8727353893576 7.682213353304139
332 1690.0301333318619 7.694043925761226
333 1695.0994366527023 7.705654910029101
334 1699.9044561085534 7.716645026080233
335 1705.008997278059 7.7283023896208745
336 1710.4130601612196 7.740623986031644
337 1715.6761716497194 7.752605674024887
338 1720.5340478785681 7.7636492812313405
339 1725.532875502078 7.774996618064806
340 1730.7255112932469 7.786765955308821
341 1735.759576765422 7.798159269833513
342 1740.9522125565911 7.8098937015511085
343 1745.915802331436 7.821094563582798
344 1750.6151082412907 7.831684871127154
345 1755.9310765027883 7.843646188055923
346 1761.299901537284 7.855707841126372
347 1766.193015614798 7.866685630947377
348 1770.9451782976507 7.877332868633857
349 1775.8559112994976 7.8883199166405635
350 1780.9075956960055 7.899606060759694
351 1786.0826125628419 7.9111507819052065
352 1791.4338186730047 7.923070490837515
353 1796.6440733885065 7.934659317677529
354 1801.6781388606819 7.945840574951189
355 1806.8002989545205 7.957201182728816
356 1811.8343644266959 7.968350809129496
357 1816.6922406555448 7.9790958160931815
358 1821.4972601113955 7.989709813783535
359 1826.6898959025643 8.001163324186443
360 1831.9882452397296 8.012832912901608
361 1836.9694539389068 8.02378917258207
362 1841.8625680164207 8.034537311946771
363 1846.6147306992739 8.044962406634989
364 1851.6664150957818 8.05602910447159
365 1857.158572600606 8.068042579507646
366 1862.2807326944444 8.079231354815173
367 1867.1386089232928 8.089829090263256
368 1872.348863638795 8.101179370591437
369 1877.6648319002925 8.112743358276445
370 1882.6108027508049 8.123488443227206
371 1887.5743925256493 8.134257497167317
372 1892.8551229384816 8.14569830812598
373 1897.660142394332 8.156095499261864
374 1902.4475429258505 8.16644144080906
375 1907.6577976413523 8.177685387136764
376 1913.0266226758476 8.1892550609149
377 1918.254496315682 8.200505581397783
378 1923.1652293175287 8.211060210140046
379 1928.0583433950428 8.221563531686943
380 1933.2333602618792 8.232656781647874
381 1938.3026635827193 8.243509164507863
382 1943.2133965845665 8.254008803565332
383 1948.476508073066 8.265246298394771
384 1953.774857410231 8.276543549266291
385 1958.932255352735 8.287525749508127
386 1963.8606072789144 8.2980071032603
387 1968.7184835077633 8.308325782659189
388 1973.875881450267 8.31926602752059
389 1978.9275658467748 8.329968309938598
390 1983.7678231512907 8.34021022616535
391 1988.9780778667928 8.351220216319273
392 1994.1002379606311 8.362030095696854
393 1999.240016978802 8.372863094199584
394 2004.3974149213059 8.383719122207532
395 2009.3610046961508 8.39415432685419
396 2014.5360215629873 8.405019788310613
397 2019.4291356405008 8.415281027566017
398 2024.4103443396784 8.42571398570344
399 2029.7086936768435 8.436796365840031
400 2034.7075213003534 8.447239499837023
401 2039.847300318525 8.45796336244585
402 2044.7227954717061 8.468123789748628
403 2049.598290624888 8.478272040724866
404 2054.8437831890546 8.489176107688081
405 2059.7897540395666 8.499445315862063
406 2064.594773495418 8.509410293516394
407 2069.3821740269364 8.519327177452848
408 2074.521953045107 8.529960411945426
409 2079.732207760609 8.540725795515439
410 2084.7134164597865 8.551005701679118
411 2089.677006234631 8.561237004844891
412 2094.658214933808 8.571492311674291
413 2099.4103776166608 8.581265102314276
414 2104.250634921177 8.591207442976138
415 2109.2318436203545 8.601427016734755
416 2114.459717260189 8.612139110698948
417 2119.846161219017 8.623161895543298
418 2124.668799599201 8.633020027534535
419 2129.7204839957085 8.643333824615098
420 2134.965976559876 8.654029916434345
421 2139.7357581670617 8.663745434547074
422 2144.6817290175736 8.673807966782682
423 2149.909602657408 8.684430780565794
424 2155.067000599912 8.694897808962299
425 2160.0482092990887 8.704995652167977
426 2165.047036922599 8.715117414769502
427 2170.310148411099 8.725761089842715
428 2175.397070656272 8.736036464605373
429 2179.9378062471333 8.745199436385015
430 2184.6547310813207 8.754707407062533
431 2189.9178425698206 8.765303008286137
432 2195.4804757719753 8.776487131630867
433 2201.025490049797 8.787621695504713
434 2205.9538419759765 8.797507254916207
435 2210.899812826489 8.807416964711658
436 2216.0219729203272 8.817667594674397
437 2220.7917545275127 8.8272030094626
438 2225.632011832029 8.836868650280898
439 2230.789409774533 8.84715533197966
440 2236.1229969603633 8.857780530354525
441 2241.3156327515326 8.868112964761163
442 2246.314460375042 8.878048761114139
443 2251.172336603891 8.887694033311528
444 2255.924499286744 8.897119507844474
445 2260.8704701372562 8.906918391163922
446 2265.9221545337637 8.916915387889315
447 2270.991457854604 8.926935963458549
448 2276.413139662098 8.937639980240174
449 2281.4648240586057 8.94760265234832
450 2286.446032757783 8.95741562172241
451 2291.885333489609 8.96811787355429
452 2296.884161113119 8.977942996194573
453 2301.7067994933022 8.987411983545746
454 2306.652770343814 8.997112528582106
455 2311.8630250593164 9.007319597793547
456 2316.985185153155 9.017342987636432
457 2321.8959181550013 9.02694259097092
458 2326.7361754595177 9.036394585936172
459 2331.541194915368 9.045768070142511
460 2336.7514496308704 9.055920299099169
461 2341.9264664977063 9.065992678272162
462 2346.9076751968837 9.075677640730218
463 2352.047454215055 9.085659784039898
464 2357.504373871214 9.096245276925885
465 2362.890817830042 9.106682115497161
466 2367.801550831889 9.116187642689498
467 2372.694664909403 9.125649251847474
468 2377.8696817762393 9.135644752648409
469 2383.132793264739 9.1457990405643
470 2387.9025748719246 9.154992695271881
471 2392.707594327775 9.164244874322963
472 2397.9178490432773 9.17426599796307
473 2403.304293002105 9.184614178946264
474 2408.3559773986135 9.194309241265698
475 2413.1257590057994 9.203454437553242
476 2418.19506232664 9.213163367976867
477 2423.2996034961457 9.222929394282588
478 2428.26319327099 9.232416106030886
479 2433.455829062159 9.2423297272244
480 2439.0360811886467 9.252970830189478
481 2444.0701466608216 9.26256083053014
482 2448.998498587001 9.271940033038897
483 2454.2439911511683 9.281911773286497
484 2459.3837701693396 9.291672359696287
485 2464.4530734901805 9.301289206387272
486 2469.434282189357 9.310729418086552
487 2474.6269179805263 9.320559743312616
488 2479.7666969986976 9.330279899420447
489 2484.554097530216 9.339325190537759
490 2489.3062602130685 9.348295316351452
491 2494.18175536625 9.357489064901376
492 2499.3567722330868 9.367237179584858
493 2504.4436944782597 9.376809632945447
494 2509.530616723433 9.386372324087736
495 2514.670395741604 9.39602439754547
496 2519.7925558354423 9.405633561815488
497 2525.196618718603 9.415760434869751
498 2530.3187788124415 9.425349478228318
499 2535.194273965623 9.434468138945043
500 2540.334052983794 9.444071057422146
501 2545.1038345909797 9.452974626948562
502 2550.1202811388225 9.462329121293438
503 2555.5067250976504 9.472362609950975
504 2560.5407905698257 9.481730715925815
505 2565.6453317393316 9.491220402889295
506 2570.556064741178 9.500341189674762
507 2575.3434652726964 9.509224717784033
508 2580.6770524585268 9.519110945307151
509 2585.7287368550346 9.528465668563301
510 2590.4632806135546 9.53722535390171
511 2595.7792488750524 9.547050070774107
512 2601.0071225148863 9.556702275978036
513 2606.005950138397 9.565922884941058
514 2610.8814452915776 9.574907671548031
515 2616.0036053854164 9.584337490851915
516 2621.284335798249 9.594049251245968
517 2626.247925573093 9.603169350704487
518 2630.9824693316136 9.611860955737246
519 2636.1398672741175 9.621319086190047
520 2641.6496437032743 9.631412562232459
521 2646.8246605701106 9.640883710675972
522 2651.523966479966 9.64947700504617
523 2656.3818427088145 9.658351924420431
524 2661.5216217269854 9.667732462621489
525 2666.6085439721587 9.677007671936973
526 2671.801179763328 9.686466286245173
527 2677.152385873491 9.696203815066244
528 2682.5212109079857 9.705963557784221
529 2687.696227774822 9.715362029481115
530 2692.6069607766685 9.724272587082918
531 2697.605788400179 9.733334454175894
532 2702.5517592506903 9.742292301447076
533 2707.3920165552067 9.751050910485839
534 2712.5494144977106 9.760374162128494
535 2717.5130042725555 9.769338991340316
536 2722.4589751230674 9.77826385498518
537 2727.6163730655708 9.787561184665382
538 2732.8090088567396 9.796913063583128
539 2738.0545014209074 9.806350991383644
540 2743.3176129094063 9.815811469766796
541 2748.14025128959 9.82447293899616
542 2752.8395571994447 9.832905790111354
543 2758.2964768556035 9.842687676843246
544 2763.7533965117623 9.8524598517608
545 2768.7346052109397 9.8613724463953
546 2773.574862515456 9.870025384900293
547 2778.46797659297 9.878765015405303
548 2783.5548988381433 9.887842269347615
549 2788.6065832346517 9.896848465618765
550 2793.693505479824 9.90590914885263
551 2798.692333103334 9.914805006366866
552 2803.7792553485083 9.923849294914708
553 2808.8837965180137 9.932916600629952
554 2813.935480914521 9.941881964849168
555 2818.9166896136985 9.950714466758614
556 2823.933136161541 9.959601472995983
557 2829.178628725708 9.96888537860221
558 2834.1245995762197 9.977631752159244
559 2839.0705704267316 9.986370465373481
560 2844.2279683692354 9.995474225745497
561 2848.9977499764213 10.003887052423032
562 2853.8027694322723 10.01235481910776
563 2859.1539755424355 10.021775707550594
564 2864.2761356362735 10.030785440449389
565 2869.134011865122 10.039323282839959
566 2874.0976016399673 10.0480392376
567 2879.3254752798016 10.057210640041557
568 2884.764776011627 10.066743735282643
569 2889.7107468621393 10.075405159190364
570 2894.4981473936577 10.083782084859019
571 2899.408880395504 10.092367369400133
572 2904.4958026406775 10.101252676417623
573 2909.6708195075134 10.110283695904991
574 2914.4934578876973 10.118693103891665
575 2919.615617981536 10.127616617478417
576 2924.667302378044 10.13640977657021
577 2929.472321833895 10.144766928058097
578 2934.594481927734 10.153667526785656
579 2939.7518798702376 10.162621422170576
580 2944.627375023419 10.171079119168754
581 2949.450013403603 10.179438303140948
582 2954.448841027112 10.18809532819596
583 2959.8529039102727 10.19744518416829
584 2964.957445079778 10.206269428689799
585 2969.797702384295 10.21463020491
586 2974.56748399148 10.222862680441049
587 2979.2491709770024 10.23093682310191
588 2984.3889499951733 10.239792837317177
589 2989.22920729969 10.248126264016456
590 2994.016607831208 10.256362119987173
591 2999.1387679250465 10.265165958531213
592 3004.3314037162154 10.27408311179277
593 3009.4183259613887 10.282811400678659
594 3014.6285806768906 10.291743427950077
595 3019.7331218463964 10.30048688915454
596 3024.573379150913 10.308771251982282
597 3029.4664932284268 10.317139228328553
598 3034.518177624934 10.325770996135786
599 3039.6931944917706 10.33460581945374
600 3044.9739249046033 10.34361316660048
601 3050.0784660741087 10.352312819228453
602 3055.0420558489536 10.3607654760707
603 3059.688504985811 10.36867235663796
604 3064.475905517329 10.376812538173374
605 3069.6156845354994 10.385544161249403
606 3074.7026067806732 10.394178853529667
607 3079.9833371935056 10.403134620677895
608 3085.105497287344 10.411814354656311
609 3090.1748006081843 10.420397488423347
610 3095.156009307362 10.428824728257043
611 3100.260550476868 10.437453357002203
612 3105.400329495039 10.446134292285642
613 3110.3110624968863 10.45442201350581
614 3115.292271196063 10.462821848451828
615 3120.573001608896 10.471718909960515
616 3125.7480184757324 10.480430702412603
617 3130.5706568559162 10.488543341529137
618 3135.0232978251133 10.4960286410348
619 3139.7930794322992 10.504040574632098
620 3144.7566692071437 10.512371232813944
621 3149.685021133323 10.520636281779366
622 3154.9305136974904 10.52942552869327
623 3160.1231494886592 10.538119072971933
624 3165.298166355496 10.546776018053238
625 3170.420326449335 10.555337635284962
626 3175.366297299847 10.563598453408316
627 3180.241792453028 10.571735361939442
628 3185.5225228658605 10.580540839657706
629 3190.574207262368 10.588957893371175
630 3195.396845642552 10.596987448640776
631 3200.4661489633927 10.605420719969699
632 3205.3416441165746 10.613525565314896
633 3210.076187875095 10.621390416499574
634 3214.969301952609 10.629512289410485
635 3220.0033674247843 10.637861414103044
636 3225.1431464429556 10.646378940209292
637 3230.212449763796 10.654773118159031
638 3235.087944916978 10.66284045071831
639 3240.4567699514737 10.67171619933761
640 3245.9665463806296 10.680817086012151
641 3250.806803685146 10.688806677871055
642 3255.7703934599904 10.696993443948518
643 3261.192075267484 10.705927865466661
644 3266.2613785883245 10.714275389473986
645 3271.1897305145035 10.722384807424422
646 3276.223795986679 10.730661671743263
647 3281.2754803831863 10.738961063405668
648 3286.2566890823637 10.747138508333695
649 3291.3259924032045 10.75545404798056
650 3296.412914648377 10.763792003384452
651 3301.640788288212 10.772354043102135
652 3306.8158051550486 10.780822900353526
653 3311.797013854226 10.788968616357776
654 3316.95441179673 10.797395692045917
655 3322.1470475878987 10.805873651049653
656 3327.4101590763985 10.814459783375387
657 3332.532319170237 10.822809645656891
658 3337.566384642412 10.831009767378921
659 3342.5828311902546 10.83917504623863
660 3347.511183116434 10.847191088940967
661 3352.228107950622 10.854858042421704
662 3357.1212220281354 10.86280535829243
663 3362.1729064246433 10.871003866252178
664 3367.3303043671467 10.879367398241895
665 3372.4172266123205 10.88761045867413
666 3377.257483916836 10.895448410776035
667 3382.027265524022 10.903166844177736
668 3387.3256148611877 10.911733317019333
669 3392.571107425354 10.920207789806696
670 3397.3585079568725 10.927937142280731
671 3402.692095142703 10.936540981562239
672 3407.955206631202 10.945024608706223
673 3412.7426071627206 10.952736447950747
674 3417.582864467236 10.960527828089324
675 3422.5816920907464 10.968568389688588
676 3427.7390900332502 10.976857585171384
677 3432.632204110764 10.984716636133776
678 3437.384366793617 10.99234414869092
679 3442.647478282117 11.000784741419766
680 3448.0515411652777 11.009444436244845
681 3453.0679877131197 11.017477474299966
682 3457.8906260933036 11.025194946837429
683 3462.9070726411455 11.033216517304199
684 3467.923519188989 11.041232260017843
685 3472.7637764935052 11.048961235867854
686 3477.727366268349 11.056881338546019
687 3483.219523773173 11.065637399957685
688 3488.376921715677 11.073853935879825
689 3493.2700357931913 11.081644197691093
690 3498.075055249042 11.089289020955936
691 3503.1795964185485 11.097404126965227
692 3508.5308025287113 11.105904630687483
693 3513.2653462872318 11.11342103584858
694 3518.140841440413 11.121155668278007
695 3523.333477231583 11.129387001533797
696 3528.5084940984193 11.137584379422563
697 3533.7011298895877 11.145803579849899
698 3538.6823385887656 11.153682747709869
699 3543.31116880129 11.161000097336313
700 3548.3980910464634 11.169035306893914
701 3553.5731079132997 11.17720360669389
702 3558.466221990813 11.184921886026318
703 3563.6588577819825 11.19310632614324
704 3568.8691124974844 11.201312499576757
705 3574.0969861373187 11.209540358595902
706 3579.148670533827 11.217485451691635
707 3583.918452141012 11.224982450721608
708 3588.8115662185264 11.232667899925985
709 3593.5989667500444 11.24018239011768
710 3598.615413297887 11.248050642891688
711 3604.072332954046 11.256602848627674
712 3609.3178255182133 11.264817880575693
713 3614.1228449740643 11.27233847737953
714 3618.9278644299156 11.279854059990502
715 3623.979548826423 11.287749661584783
716 3629.0488521472635 11.295667226132315
717 3633.9595851491104 11.303332078087795
718 3639.046507394284 11.311266179408486
719 3644.256762109785 11.319386691259243
720 3649.502254673952 11.327556190858735
721 3654.6948904651213 11.335637648094586
722 3659.517528845305 11.343138657706774
723 3664.604451090478 11.35104493524114
724 3669.7794679573144 11.359082352932896
725 3674.5668684888324 11.366513269855252
726 3679.689028582671 11.374457883067471
727 3684.828807600842 11.382424223624124
728 3689.950967694681 11.39035773917683
729 3695.2669359561787 11.398585308238376
730 3700.195287882358 11.406208215975454
731 3704.9474505652115 11.413554055301585
732 3710.1929431293784 11.421656200573386
733 3715.40319784488 11.429698283372273
734 3720.4020254683896 11.43740902031043
735 3725.682755881223 11.445548523101113
736 3730.6639645804003 11.45322148526903
737 3735.592316506579 11.460808052996361
738 3740.855427995079 11.468903882735294
739 3745.977588088918 11.476777617924856
740 3750.764988620436 11.484132379260734
741 3755.7285783952807 11.491752566400024
742 3760.7978817161206 11.499529673350729
743 3765.9376607342924 11.50740942963026
744 3771.024582979465 11.515202920272186
745 3775.9000781326467 11.522667858316295
746 3780.757954361495 11.530101040238824
747 3785.6686873633416 11.537610150378862
748 3790.6498960625186 11.545221928490214
749 3795.613485837364 11.552801821249599
750 3800.383267444549 11.560081361355667
751 3805.3644761437267 11.567678352942245
752 3810.715682253889 11.575833524453847
753 3815.749747726064 11.583500582328442
754 3820.5900050305804 11.590867970642023
755 3825.289310940436 11.598016557196004
756 3830.4290899586076 11.605829446181868
757 3835.463155430782 11.613476701177644
758 3840.2505559623005 11.620744946081553
759 3845.372716056139 11.628515869265525
760 3850.4948761499772 11.636281602885019
761 3855.5641794708176 11.643962177993911
762 3860.2106286076746 11.650998257304925
763 3864.8570777445316 11.658030090066337
764 3870.0849513843664 11.665935835530211
765 3875.0133033105453 11.673384160375525
766 3879.783084917731 11.680588551772589
767 3885.292861346888 11.688903964933802
768 3890.767399927379 11.697160389646324
769 3895.5371815345643 11.704350146044233
770 3900.1836306714213 11.711349944834511
771 3905.3057907652596 11.719060787889767
772 3910.6393779510904 11.727084215865727
773 3915.726300196263 11.734731812866826
774 3920.531319652114 11.74195143858047
775 3925.530147275623 11.749457257036907
776 3930.5642127477995 11.757011090828787
777 3935.6335160686403 11.764612847466909
778 3940.5971058434848 11.772051477706007
779 3945.2787928290063 11.779063752646405
780 3950.0838122848572 11.786256223032893
781 3955.0297831353696 11.79365488069619
782 3960.2400378508714 11.801443468059135
783 3965.7850521286937 11.809726356754359
784 3970.889593298199 11.817346740631313
785 3975.782707375714 11.824647187943032
786 3980.834391772222 11.83217925520283
787 3986.0270275633907 11.83991628176017
788 3991.1844255058945 11.847595852532628
789 3996.3418234483984 11.855270448657304
790 4001.499221390902 11.86294007978907
791 4006.269002998088 11.870029422741991
792 4011.2149738486 11.87737589649953
793 4016.1961825477765 11.884770068567333
794 4020.94834523063 11.89182029337054
795 4025.9295539298073 11.8992054896865
796 4030.998857250648 11.90671646368963
797 4035.856733479497 11.91391003708433
798 4040.873180027339 11.921333628150977
799 4046.0129590455103 11.928934761601843
800 4051.381784080006 11.9368691334153
801 4056.644895568506 11.944642303228564
802 4061.6789610406804 11.952072778686182
803 4066.6073129668607 11.959342897668305
804 4071.518045968707 11.966582658721673
805 4076.6225871382126 11.974103218818067
806 4081.8152229293814 11.981748600548524
807 4086.9373830232194 11.989285539456752
808 4091.848116025066 11.996507230466523
809 4096.60027870792 12.003491826870254
810 4101.475773861101 12.010653284304368
811 4106.633171803604 12.018223755681625
812 4111.825807594773 12.025841087984967
813 4116.771778445285 12.033092435590067
814 4121.717749295797 12.040339416039828
815 4127.06895540596 12.048174656859153
816 4132.508256137786 12.056133548359128
817 4137.806605474951 12.06388133585719
818 4142.8759087957915 12.071289846017113
819 4147.980449965297 12.078745212705115
820 4153.155466832134 12.08629871765111
821 4157.942867363653 12.093282792748159
822 4162.65979219784 12.100160218216347
823 4167.834809064677 12.10770036321322
824 4173.291728720836 12.115645773628003
825 4178.466745587672 12.123176287214426
826 4183.25414611919 12.13013912962098
827 4188.341068364364 12.137532773091232
828 4193.604179852863 12.14517751462111
829 4198.585388552041 12.152408743028033
830 4203.584216175551 12.159661200320487
831 4209.04113583171 12.167572680418061
832 4214.550912260866 12.175555507610335
833 4219.620215581706 12.1828961080612
834 4224.566186432218 12.190054030634979
835 4229.476919434066 12.197156851242383
836 4234.070511797925 12.203797682853107
837 4238.893150178108 12.21076539792135
838 4243.909596725951 12.21800862272645
839 4248.978900046792 12.225323732561453
840 4254.330106156955 12.23304049182668
841 4259.1879823858035 12.24004228341194
842 4263.887288295658 12.246811946292377
843 4268.833259146169 12.253932533592517
844 4273.761611072349 12.261023667493479
845 4278.672344074197 12.268085399068761
846 4283.759266319369 12.275395955843779
847 4289.216185975529 12.283232892826803
848 4294.514535312694 12.290837524318484
849 4299.4781250875385 12.297957862676714
850 4304.3360013163865 12.30492271480049
851 4308.9295936802455 12.311505417592722
852 4313.822707757759 12.318513010036337
853 4318.909630002933 12.325793657705624
854 4323.837981929112 12.332843472992524
855 4329.065855568947 12.34031691113118
856 4334.205634587119 12.347660124089089
857 4339.116367588965 12.354672335761421
858 4344.168051985472 12.361881464079477
859 4349.061166062987 12.368860515947752
860 4354.0952315351615 12.37603629672704
861 4359.287867326331 12.383433532334337
862 4364.21621925251 12.390450552209176
863 4369.338379346349 12.397739032042127
864 4374.619109759181 12.405248445855673
865 4379.47698598803 12.412153093981948
866 4384.387718989877 12.419128891047652
867 4389.650830478376 12.426600398188112
868 4394.772990572214 12.433867687736152
869 4399.930388514719 12.441180635373314
870 4405.070167532889 12.448464350065732
871 4410.350897945721 12.455943182739762
872 4415.508295888225 12.463243177339514
873 4420.278077495411 12.469991245289412
874 4425.276905118921 12.47705910487523
875 4430.3638273640945 12.484247290904307
876 4435.450749609267 12.491431340497103
877 4440.431958308445 12.498462238624366
878 4445.448404856287 12.505538830144975
879 4450.781992042118 12.513057975092073
880 4456.080341379283 12.520523017741247
881 4461.149644700123 12.527661485636525
882 4466.254185869629 12.534845418496062
883 4471.341108114802 12.542000485548282
884 4476.551362830304 12.549324629808568
885 4481.479714756483 12.556248942312276
886 4486.478542379993 12.563268275025946
887 4491.688797095495 12.570580027791081
888 4496.72286256767 12.577640724318446
889 4501.950736207505 12.584968793280728
890 4507.090515225676 12.592169336564663
891 4512.142199622183 12.599242572815333
892 4517.176265094359 12.606287215654584
893 4522.086998096206 12.61315564589548
894 4527.38534743337 12.620561481065653
895 4533.071313105854 12.628503775701033
896 4538.281567821356 12.635777779690567
897 4543.1570629745365 12.642581080449997
898 4548.349698765706 12.649822449646852
899 4553.507096708209 12.65701062389727
900 4558.787827121042 12.664366301960476
901 4563.857130441882 12.671423735758522
902 4568.6445309734 12.678085482604555
903 4573.854785688902 12.685331055556057
904 4579.065040404403 12.692572492362673
905 4584.328151892903 12.699883130079428
906 4589.168409197418 12.706603247513783
907 4593.885334031606 12.713148889667524
908 4598.70797241179 12.719837593692661
909 4603.742037883966 12.726815484041989
910 4609.04038722113 12.73415521794139
911 4614.215404087966 12.741320178594995
912 4619.566610198131 12.74872461080766
913 4624.847340610962 12.75602740272208
914 4630.110452099462 12.763301694420258
915 4635.232612193301 12.770377377457226
916 4640.108107346482 12.777109009502173
917 4644.948364650998 12.783788531290455
918 4650.070524744837 12.790852881361491
919 4655.316017309004 12.798083123008647
920 4660.2796070838485 12.804921404148306
921 4665.401767177687 12.811974101842997
922 4670.277262330869 12.818683889710597
923 4675.205614257048 12.825462779226491
924 4680.451106821215 12.8326735208268
925 4685.308983050065 12.839348313569905
926 4690.166859278913 12.846019638090679
927 4695.535684313409 12.85338790762737
928 4700.781176877576 12.860582992024378
929 4705.832861274084 12.867508682828614
930 4710.937402443591 12.874502983399426
931 4715.795278672439 12.881156100855302
932 4720.776487371617 12.887974390514893
933 4725.757696070794 12.894789074914476
934 4730.756523694304 12.901624220829293
935 4735.949159485473 12.908720276128319
936 4741.1417952766415 12.915812432795844
937 4745.893957959494 12.922300147662146
938 4750.734215264011 12.928904658876592
939 4755.768280736186 12.93576977350999
940 4760.449967721708 12.942151541702906
941 4765.25498717756 12.948697980664932
942 4770.51809866606 12.955864094620264
943 4775.728353381561 12.962954405655264
944 4780.885751324065 12.969969038087793
945 4786.043149266568 12.976979878801338
946 4790.953882268415 12.983652211871036
947 4795.987947740591 12.990488393965697
948 4801.039632137099 12.997344864305193
949 4806.003221911944 13.004078362754404
950 4811.072525232784 13.010951530367395
951 4816.141828553625 13.017821069076117
952 4821.281607571796 13.02478231907741
953 4826.2804351953055 13.031549282733302
954 4831.208787121484 13.03821749877279
955 4836.154757971997 13.044906102969557
956 4841.047872049511 13.051519925522543
957 4846.258126765012 13.058558299105558
958 4851.274573312855 13.06533152863268
959 4856.537684801355 13.072433705966061
960 4861.959366608848 13.079745628932377
961 4867.028669929689 13.086579055600739
962 4872.186067872192 13.093527458418023
963 4877.255371193034 13.100353696189242
964 4882.324674513874 13.107176378845734
965 4887.35873998605 13.113948169071943
966 4892.251854063564 13.120527188803235
967 4897.374014157403 13.127410328469402
968 4902.073320067257 13.13372261318712
969 4906.790244901445 13.140055490037684
970 4911.912404995283 13.146928405568719
971 4916.89361369446 13.153608930522289
972 4921.751489923309 13.160120946334677
973 4926.521271530495 13.166511857065688
974 4931.819620867659 13.173606614440267
975 4937.681775783469 13.181451182531243
976 4943.0153629692995 13.18858497842759
977 4947.820382425151 13.195009154952453
978 4952.695877578332 13.201524263406457
979 4957.659467353177 13.20815367189094
980 4963.098768085003 13.215413992530591
981 4968.27378495184 13.222318169399095
982 4973.166899029354 13.228843294250675
983 4978.253821274526 13.235623197180503
984 4983.393600292698 13.242469954302791
985 4988.568617159534 13.249360032449124
986 4993.514588010046 13.255942100033769
987 4998.284369617231 13.262286835969968
988 5003.477005408401 13.269190018662767
989 5008.969162913225 13.276487106310718
990 5014.214655477393 13.283453017752572
991 5019.5306237388895 13.290508706501875
992 5024.93468662205 13.297677374087208
993 5029.968752094226 13.304352201450648
994 5034.914722944738 13.31090707616247
995 5039.93116949258 13.317551963186652
996 5044.912378191758 13.32414694035392
997 5049.928824739601 13.330785227813372
998 5054.892414514446 13.3373503865297
999 5060.19076385161 13.344354314946711
1000 5065.348161794114 13.351168563414056
1001 5070.294132644625 13.357700464476782
1002 5075.275341343804 13.364275629253132
1003 5080.37988251331 13.37101007633829
1004 5085.748707547805 13.378089199256756
1005 5090.888486565977 13.3848630809635
1006 5096.028265584147 13.391633536242294
1007 5101.203282450983 13.398446908050847
1008 5106.307823620489 13.405164188280136
1009 5111.412364789995 13.411878104189553
1010 5116.340716716173 13.418357318190528
1011 5121.163355096357 13.424694664598514
1012 5125.84504208188 13.430844118403284
1013 5130.720537235062 13.43724488170393
1014 5135.860316253233 13.443988957290465
1015 5141.070570968735 13.450821966280516
1016 5146.17511213824 13.457513103670582
1017 5151.050607291421 13.463901188492724
1018 5156.278480931256 13.470747141540132
1019 5161.523973495423 13.477612649950911
1020 5166.276136178276 13.483830058600642
1021 5171.028298861129 13.490044601717504
1022 5176.273791425295 13.496900294035395
