1 14.627859237536656 0.6637085666585444
2 19.41330149750257 0.6637085666585444
3 24.19874375746848 0.882030114515303
4 29.406867412751552 1.0701503529998462
5 34.72066141686391 1.2328465360919747
6 39.61177402565912 1.3655851461642332
7 44.39721628562503 1.4840117428377475
8 49.11221164637142 1.5921043146498355
9 54.07377115438614 1.6984319604289944
10 59.28189480966921 1.8033069010350107
11 64.41957156573275 1.9011043287585936
12 69.7685890194549 1.9978407982513953
13 74.87104232590866 2.085945435973127
14 79.79737838431363 2.167616653039082
15 84.93505514037719 2.249631935236634
16 90.10795534605049 2.329293265423123
17 95.24563210211403 2.405803193498937
18 100.52420265661662 2.4819541548088977
19 105.76754976150944 2.5553517300934896
20 110.5177685718656 2.6200780795890237
21 115.47932807988035 2.6860164032676646
22 120.5113344871146 2.7512764055457355
23 125.40244709590979 2.8132603984670648
24 130.54012385197336 2.8769282158384204
25 135.67780060803688 2.9392172169799577
26 140.9563711625395 3.0018669639600737
27 146.09404791860305 3.061615122581387
28 151.19650122505683 3.1198217361763456
29 156.36940143073014 3.1777430572384833
30 161.33096093874485 3.2323251558757886
31 166.60953149324746 3.2893971079866446
32 171.81765514853058 3.3447538009761972
33 177.13144915264292 3.4003039265149524
34 182.23390245909667 3.4528057141073476
35 187.05456816867235 3.5016876993291555
36 192.15702147512613 3.5526915501254064
37 197.18902788236042 3.6022846905015933
38 202.29148118881423 3.651883828672745
39 207.35871104565828 3.700483025500324
40 212.49638780172177 3.7491140968927845
41 217.81018180583413 3.7987557588042544
42 222.84218821306843 3.8451765962226214
43 227.73330082186362 3.8897680221330164
44 232.6596368802686 3.934169398829164
45 237.51552603945404 3.9774514058313035
46 242.51230899707855 4.021501715035603
47 247.5795388539226 4.065685079777922
48 252.78766250920566 4.110600907780107
49 257.9253392652692 4.154433982210669
50 262.92212222289373 4.196626987335387
51 267.74278793246935 4.236936099953886
52 272.5634536420451 4.276865319290894
53 277.5250131500598 4.317574774666128
54 282.3104554100258 4.356480230219024
55 287.6242494141381 4.399273667302079
56 292.62103237176257 4.4391401372453165
57 297.44169808133825 4.477266420748617
58 302.7907155350604 4.519190722761791
59 307.5761577950263 4.55637496812457
60 312.29115315577275 4.592717947577281
61 317.7458409583241 4.634400984026528
62 323.0948584120463 4.674916327281073
63 327.8098537727927 4.71034478174639
64 332.91230707924643 4.74838377446735
65 337.9090900368709 4.785342707467216
66 342.9058729944954 4.822018372652116
67 348.1139966497784 4.859949160362521
68 353.35734375467126 4.897839511379177
69 358.45979706112496 4.934433339900981
70 362.99867517382256 4.966762604327745
71 367.8897877826177 5.001364111681827
72 372.8865707402422 5.0364669497479895
73 378.09469439552527 5.0727944952479245
74 383.4084883996376 5.10959223368616
75 388.1587072099937 5.142267930903353
76 393.0145963691791 5.175456530612795
77 398.2227200244622 5.2108151910595
78 403.1490560828671 5.244043148950214
79 408.25150938932086 5.278237305649588
80 413.8823144399211 5.315713527224987
81 418.8438739479359 5.3485217844749195
82 423.55886930868223 5.379515830894921
83 428.9783336616239 5.414916760836848
84 434.46824491378504 5.4505430228871905
85 439.21846372414126 5.481186543349474
86 443.8982356352778 5.51120947125373
87 448.78934824407304 5.542413016539568
88 453.61001395364866 5.572996634681201
89 458.92380795776097 5.606512311026908
90 463.9558143649953 5.638068644029262
91 468.60036282652214 5.6670416060783095
92 473.73803958258566 5.698915901689267
93 478.6995990906004 5.729530297503178
94 483.69638204822485 5.760197374074235
95 488.9045057035079 5.791987434672623
96 493.86606521152265 5.8221124533012585
97 498.8628481691471 5.852294402810788
98 503.8244076771618 5.882110569570292
99 508.6802968363472 5.911146722905475
100 513.8531970420205 5.941920468335563
101 519.0613206973036 5.972743381992811
102 523.9876567557085 6.0017545017948
103 529.1253335117719 6.031860325746803
104 533.8755523221282 6.059564808463513
105 539.0836759774113 6.089792305414305
106 544.7497044776212 6.122505447499395
107 549.7464874352457 6.151213645529203
108 554.5319296952116 6.1785837676930955
109 559.2821485055678 6.205633251574872
110 563.9619204167043 6.232167196577222
111 569.4518316688656 6.263146468321301
112 575.3996477659535 6.296535347130252
113 580.6077714212366 6.325630564044546
114 585.3227667819831 6.351858572781734
115 589.9320917939 6.377395116821024
116 594.999321650744 6.405348358984635
117 600.2074453060271 6.433951527254536
118 605.4507924109199 6.462620079579149
119 610.799809864642 6.491735398128355
120 615.5500286749983 6.517485340065127
121 620.3354709349642 6.543323560654767
122 625.4027007918081 6.57057092978337
123 630.3290368502131 6.596953534472525
124 635.5019370558863 6.624542188581677
125 640.7452841607792 6.652389438857076
126 645.7772905680134 6.679006137690462
127 650.8092969752477 6.705517185750595
128 656.3696551266283 6.734687759024809
129 661.7186725803506 6.762631839594089
130 666.3984444914872 6.786988530337531
131 671.2895571002825 6.812350954024875
132 676.744244902834 6.840521899354697
133 682.1284858061659 6.868216029267652
134 687.0900453141808 6.893639561231003
135 691.981157922976 6.918611031850221
136 696.6257063845029 6.942241795002263
137 701.4111486444689 6.966504805261543
138 706.7249426485812 6.993345265697989
139 711.9330663038644 7.019552881799117
140 716.8594023622694 7.044254130356848
141 721.9970791183331 7.069922074715795
142 727.064308975177 7.095147445011147
143 732.0258684831919 7.119760687124833
144 737.3396624873043 7.146025541897857
145 742.4773392433679 7.171329230690831
146 747.5093456506021 7.196026728414122
147 752.928810003544 7.222529586508676
148 758.136933658827 7.247908545443093
149 762.746258670744 7.270298441641778
150 767.4612540314906 7.2931299677425985
151 772.7046011363835 7.318433627785647
152 777.5957137451787 7.341960431259093
153 782.4868263539739 7.365412085148027
154 787.8006203580863 7.390804014961627
155 793.0439674629793 7.415774404975622
156 798.3929849167015 7.441161213938631
157 803.6011085719846 7.465797001455268
158 808.4217742815603 7.488529515946321
159 813.5242275880141 7.512514546934241
160 819.3663733362729 7.539879598740235
161 824.4336031931169 7.563537762673876
162 829.1133751042537 7.585323157284415
163 833.8635939146099 7.607372350495691
164 838.6842596241855 7.629683055235459
165 843.998053628298 7.654198346455059
166 849.5231883300688 7.6796047702490915
167 854.731311985352 7.703478051006988
168 859.3758604468788 7.724708189477649
169 864.1965261564546 7.746680970379756
170 869.2285325636889 7.769549780903237
171 874.1900920717036 7.7920330321048805
172 879.2925453781576 7.815086645720118
173 884.6063393822699 7.839022138228798
174 889.6383457895042 7.861622340505229
175 894.4942349486897 7.883370893963857
176 899.5966882551435 7.906158179450741
177 904.9457057088657 7.929975242384365
178 909.8015948680512 7.951536843396663
179 914.5518136784074 7.972573289129783
180 919.8303842329101 7.99588220719072
181 924.8271671905345 8.017885546049781
182 929.8943970473787 8.040137296927742
183 935.2081910514911 8.063404774471936
184 939.8175160634082 8.08353621284699
185 944.6029583233741 8.104383120624579
186 949.8110819786573 8.127008700683074
187 954.8078649362818 8.148657974124529
188 960.1216589403944 8.171616460822888
189 965.5058998437263 8.19481342996468
190 970.3617890029117 8.215680007095887
191 975.1824547124874 8.236343085572376
192 980.2496845693315 8.258006208955669
193 985.3873613253951 8.27991234474463
194 990.7363787791173 8.302657322989287
195 995.8740555351809 8.324445958290065
196 1000.9765088416347 8.346029056934272
197 1005.9380683496495 8.366963367594675
198 1010.8291809584448 8.387549594758985
199 1016.0020811641182 8.409265810809563
200 1021.1045344705719 8.430631766573011
201 1026.453551924294 8.452971203658691
202 1031.9786866260652 8.475983675670943
203 1036.764128886031 8.495867662087036
204 1041.6200180452165 8.515996603966082
205 1046.8633651501095 8.537676744681804
206 1051.5783605108559 8.557127408922153
207 1056.3638027708218 8.576823278696065
208 1061.114021581178 8.596329695435944
209 1066.0403576395831 8.616511929157243
210 1071.706386139793 8.63966321432066
211 1076.8792863454664 8.660747296232268
212 1081.699952055042 8.68035098215823
213 1086.6262881134471 8.700338313314635
214 1091.4469538230228 8.719852992475923
215 1096.3732898814278 8.739749985157845
216 1101.546190087101 8.760593191980528
217 1107.0361013392624 8.782658412629283
218 1112.3851187929847 8.804104666532597
219 1117.0648907041214 8.822827375184358
220 1121.4980984679896 8.840528102195604
221 1126.353987627175 8.859874037071622
222 1131.597334732068 8.880714722965402
223 1137.0872459842292 8.90248222173158
224 1142.5419337867806 8.924057599712949
225 1147.855727790893 8.945026151248676
226 1152.6059466012491 8.963731339412947
227 1157.0743778147273 8.98129250951033
228 1161.9654904235226 9.000473729268743
229 1167.173614078806 9.020852066538426
230 1172.4169611836987 9.041321697865264
231 1177.4841910405428 9.061060488054572
232 1182.5866443469965 9.08089299985872
233 1187.4777569557918 9.099864278369955
234 1192.5802102622456 9.119612403575761
235 1197.7883339175287 9.139725107822812
236 1202.9260106735924 9.15952274608622
237 1207.887570181607 9.178601849494884
238 1212.7786827904024 9.19737158765597
239 1217.8459126472465 9.216776185050598
240 1223.3710473490173 9.237886140544983
241 1228.8961820507882 9.258947966482495
242 1233.6464008611447 9.277020217973087
243 1238.3966196715007 9.295057331901322
244 1243.3581791795154 9.313858801743377
245 1248.4606324859694 9.33315414452756
246 1253.4574154435938 9.352011689673876
247 1258.4541984012183 9.370831286608553
248 1263.3453110100136 9.389216751782445
249 1268.4125408668576 9.408225674155922
250 1273.5502176229213 9.42745947884958
251 1278.4413302317166 9.445734721831924
252 1283.5790069877803 9.464892303915844
253 1288.822354092673 9.484403637690882
254 1293.748690151078 9.502699929773604
255 1298.5693558606538 9.520570119461334
256 1303.7070326167175 9.539577416693266
257 1308.98560317122 9.559066100294926
258 1314.193726826503 9.57825607117086
259 1319.3666270321762 9.59727839740155
260 1324.2225161913616 9.61510184367779
261 1329.007958451327 9.632634713605203
262 1333.793400711293 9.650135728952622
263 1338.8254071185274 9.668503365479976
264 1343.9983073242006 9.687348481427032
265 1349.171207529874 9.70615700846198
266 1354.5202249835959 9.725567030217247
267 1359.4113375923907 9.743283136043987
268 1364.020662604308 9.759950174901046
269 1368.7708814146638 9.777096404107002
270 1373.5915471242397 9.79446596499589
271 1378.412212833815 9.81180477708987
272 1383.514666140269 9.830122760699531
273 1388.9341304932104 9.84954041782487
274 1394.036583799664 9.867788351452672
275 1399.2094840053373 9.88625359888032
276 1404.4176076606204 9.904809684011495
277 1409.0973795717566 9.921455477374748
278 1413.7771514828933 9.938073389876472
279 1419.1261689366156 9.9570313291113
280 1424.545633289557 9.976201974742025
281 1429.577639696791 9.993970361269657
282 1434.5391992048058 10.011459362021924
283 1439.5007587128202 10.02891786450046
284 1444.5327651200546 10.046593018231913
285 1449.811335674557 10.065100034014053
286 1455.3716938259379 10.084557361524189
287 1460.6150409308304 10.102872028081439
288 1465.6118238884546 10.120295429189566
289 1470.8551709933477 10.138545537304346
290 1476.0632946486305 10.156640697942784
291 1481.1305245054743 10.174215910378654
292 1486.3738716103671 10.192369470781603
293 1491.58199526565 10.21036924327591
294 1496.2969906263966 10.226639007018923
295 1501.0472094367526 10.243004054403771
296 1506.0792158439865 10.260310414389117
297 1511.25211604966 10.278070493625288
298 1516.425016255333 10.29579993707336
299 1521.7035868098355 10.313859789863503
300 1526.70036976746 10.330927360273526
301 1531.309694779377 10.346647827711154
302 1536.376924636221 10.363900829059224
303 1541.9372827876016 10.382798220024144
304 1547.215853342104 10.400707009547956
305 1552.1069659508992 10.417275003969626
306 1556.9628551100845 10.433697778611185
307 1561.6426270212212 10.4495011004563
308 1566.568963079626 10.46611039694846
309 1571.7066398356894 10.483403489831765
310 1576.9147634909723 10.500904407989372
311 1581.735429200548 10.517078626215143
312 1586.0981900651966 10.531696648583718
313 1591.0245261236014 10.548176519686459
314 1596.0565325308357 10.564982992487703
315 1600.9476451396306 10.581293769734627
316 1606.2966625933525 10.599101283965446
317 1611.6809034966846 10.6169957896241
318 1616.360675407821 10.632526675721879
319 1620.7938831716892 10.647219249331961
320 1626.1076771758017 10.664800351946274
321 1631.6680353271822 10.683165496707211
322 1636.2773603390992 10.698368388565953
323 1641.3093667463334 10.714939286741524
324 1646.6231607504455 10.732409455573581
325 1651.4438264600212 10.748235304753333
326 1656.4406094176456 10.76461418373324
327 1661.3669454760504 10.780738013573378
328 1666.2932815344554 10.796837764363293
329 1671.2196175928602 10.81291354365957
330 1676.286847449704 10.829423734740047
331 1681.7415352522553 10.847167038508195
332 1686.9496589075384 10.864081986823022
333 1691.8407715163337 10.879944376065664
334 1696.6262137762994 10.895442060225863
335 1701.4116560362652 10.910917731758165
336 1706.9720141876458 10.92886930255627
337 1712.3210316413679 10.946111383440691
338 1717.2121442501627 10.961855072411797
339 1722.5611617038849 10.979045350798648
340 1727.5579446615093 10.995080407763204
341 1732.4138338206947 11.010641398222171
342 1737.5162871271484 11.026968055950068
343 1742.6539638832119 11.043382923563202
344 1747.6155233912264 11.059212511382873
345 1752.577082899241 11.075019473906467
346 1757.6443127560851 11.09113950283297
347 1762.676319163319 11.10712443490176
348 1767.6731021209434 11.12297485255975
349 1772.7403319777875 11.13902548226599
350 1777.4553273385338 11.153940738161442
351 1781.9237585520118 11.168058452865921
352 1787.1318822072947 11.184488109061755
353 1792.5161231106265 11.20144748819909
354 1797.6890233162999 11.21771764233664
355 1802.263124878607 11.232086576759356
356 1807.1190140377923 11.247319667142179
357 1812.362361142685 11.263743859516778
358 1817.1830268522608 11.278824193020418
359 1822.355927057934 11.294982888405439
360 1827.7049445116559 11.311666925599638
361 1832.8426212677193 11.327669245048114
362 1837.628063527685 11.342555205361132
363 1842.413505787651 11.357421654940914
364 1847.4807356444949 11.373141420558145
365 1852.512742051729 11.388730548797131
366 1857.7560891566218 11.404951098142583
367 1862.8585424630755 11.420714078275624
368 1868.0314426687487 11.436672301418453
369 1873.0282256263731 11.452066612114903
370 1878.236349281656 11.46808939376698
371 1883.7262605338171 11.48495407308985
372 1888.546926243393 11.499744323472758
373 1893.6141561002369 11.515269802707117
374 1898.7518328563003 11.530989572393281
375 1903.5724985658755 11.545720850726616
376 1908.5692815235002 11.560969955898521
377 1913.8478520780027 11.57705635046801
378 1919.0559757332855 11.592906382655968
379 1924.1936524893492 11.608521020635214
380 1929.1904354469734 11.623687738614391
381 1934.1167715053784 11.638621492148017
382 1939.3601186102712 11.654494252236276
383 1944.1807843198465 11.669069616711914
384 1949.177567277471 11.6841577393475
385 1954.808372328071 11.701135129837862
386 1959.629038037647 11.715652468854923
387 1964.4497037472222 11.730151841099383
388 1969.7987212009446 11.74621779133949
389 1975.0772917554468 11.762050834029916
390 1980.0388512634618 11.776914485457718
391 1984.7538466242079 11.791022860364158
392 1989.644959233003 11.80563985150744
393 1994.5712952914078 11.820343730034919
394 1999.7089720474714 11.835658316531447
395 2004.8466488035347 11.850953112521548
396 2009.73776141233 11.865496276391251
397 2014.523203672296 11.879708327501588
398 2019.4143162810906 11.894216332166694
399 2024.6224399363737 11.909644277286153
400 2029.9714573900958 11.92546841838206
401 2034.9682403477202 11.940232550336393
402 2039.6832357084663 11.95414817759756
403 2044.715242115701 11.968980591221992
404 2049.782471972545 11.983898177009987
405 2054.6735845813396 11.998280198712385
406 2059.670367538964 12.012954844046432
407 2064.314916000491 12.026580004944684
408 2069.029911361237 12.040395836980673
409 2074.2028115669104 12.055533799193237
410 2079.6927228190716 12.071577813237296
411 2085.0065168231836 12.087087312689157
412 2089.5453949358816 12.100321404260027
413 2094.189943397408 12.113848299224736
414 2099.1867263550325 12.12838311461651
415 2104.113062413437 12.142696181968407
416 2109.2859626191103 12.157706767310154
417 2114.670203522442 12.173310371835472
418 2119.948774076945 12.188588631575051
419 2124.80466323613 12.20262773573078
420 2129.5196585968765 12.216244470076408
421 2134.65733535294 12.231063356968459
422 2140.0767997058815 12.246674805600062
423 2145.038359213896 12.260950973297273
424 2149.964695272301 12.275109464370352
425 2154.926254780316 12.289352600432402
426 2159.95826118755 12.30378092615617
427 2165.236831742052 12.318897373530143
428 2170.2336146996763 12.33319053845568
429 2175.3008445565206 12.347668119193486
430 2180.5794151110226 12.362730903909165
431 2185.5409746190376 12.37687320683018
432 2190.291193429394 12.390398583443629
433 2195.5697639838963 12.405409484467869
434 2200.67221729035 12.41990277675412
435 2205.457659550316 12.433481131424161
436 2210.5248894071597 12.447842068783455
437 2215.697789612833 12.462485123027596
438 2220.8706898185064 12.477110992292772
439 2226.1140369233985 12.491918377571627
440 2230.969926082584 12.505616961148993
441 2235.649697993721 12.518805034507839
442 2240.4703637032962 12.532375231227302
443 2245.255805963262 12.545831857542787
444 2250.5343765177645 12.56065700584404
445 2255.848170521877 12.575563336168575
446 2260.704059681062 12.58917090395761
447 2265.7008426386865 12.603157557030608
448 2270.8032959451402 12.617423703515591
449 2275.7296320035452 12.631182625024163
450 2280.7616384107796 12.645220925227129
451 2286.0049855156717 12.659831684731067
452 2291.3187795197846 12.67462137853628
453 2296.421232826238 12.688807177822044
454 2300.9953343885454 12.701512010803095
455 2305.8864469973405 12.715082365853776
456 2311.0593472030137 12.72941800879972
457 2316.2674708582967 12.743834881928928
458 2321.5812648624087 12.758527199539797
459 2326.4371540215943 12.771939834201474
460 2331.25781973117 12.785241357624937
461 2336.430719936843 12.79949842161919
462 2341.6388435921262 12.813836447377733
463 2346.70607344897 12.827771576701872
464 2352.125537801912 12.842657691302966
465 2357.4393318060233 12.85723708187383
466 2362.4008913140387 12.870836039472787
467 2367.397674271663 12.884516937521424
468 2372.5001275781165 12.89847189476241
469 2377.743474683009 12.912796105332667
470 2382.8107045398533 12.926624554839867
471 2387.842710947087 12.940342349523783
472 2392.5224828582236 12.953087818582878
473 2397.4488189166286 12.966490567173347
474 2402.90350671918 12.981313183316354
475 2408.005960025634 12.99516419557838
476 2412.9675195336486 13.008618967650731
477 2417.8586321424436 13.02186928422309
478 2422.7497447512383 13.035106131722257
479 2427.9578684065214 13.049185281862504
480 2433.4477796586825 13.064009041558775
481 2438.7615736627954 13.078341677806774
482 2443.75835662042 13.0918057348764
483 2448.1915643842876 13.103741131186554
484 2452.871336295424 13.116327822458224
485 2458.1499068499265 13.130508861689831
486 2463.181913257161 13.144013873547337
487 2468.354813462834 13.157882199667009
488 2473.5629371181167 13.171830117163967
489 2478.4892731765217 13.185010513006919
490 2483.5917264829754 13.198647761600515
491 2488.6237328902093 13.212083124015379
492 2493.514845499005 13.225129590509216
493 2498.4411815574094 13.238256919943716
494 2503.473187964644 13.251652124151443
495 2508.681311619927 13.265501448292152
496 2513.9598821744294 13.279523187801763
497 2519.027112031273 13.292970142870976
498 2524.2000122369463 13.306683226543276
499 2529.4785827914493 13.320661616912714
500 2534.264025051415 13.333322690677953
501 2539.331254908259 13.346715442296732
502 2544.3280378658833 13.35990903621454
503 2549.536161521166 13.373646253398539
504 2554.814732075669 13.387554725630974
505 2559.635397785244 13.400245183429481
506 2564.9139683397466 13.414126076519054
507 2569.945974746981 13.42734583370214
508 2574.9075342549954 13.440367967928491
509 2580.2917751583273 13.454484110602536
510 2585.394228464781 13.467848498893785
511 2590.5319052208442 13.481291669519642
512 2595.634358527298 13.494629509006872
513 2600.3141304384344 13.506851946267885
514 2605.06434924879 13.519246879062887
515 2610.554260500952 13.533555774245144
516 2616.1498421019423 13.548124289383047
517 2621.1818485091767 13.561213422908018
518 2626.0025142187524 13.573741523468074
519 2630.964073726767 13.586623345092093
520 2635.855186335563 13.59931050205384
521 2641.133756890065 13.612988413717074
522 2646.588444692616 13.627107832799403
523 2651.6204510998505 13.64012117350255
524 2656.3706699102067 13.652395112451284
525 2660.839101123685 13.663931642199335
526 2665.73021373248 13.676547083696478
527 2671.149678085422 13.690510329586308
528 2676.533918988754 13.704368816317201
529 2681.953383341696 13.718303743742887
530 2686.9853897489297 13.73123065667021
531 2691.735608559286 13.743423228050968
532 2696.7676149665203 13.756326536049535
533 2701.6235041257055 13.768767214005987
534 2706.62028708333 13.781556768078527
535 2711.9693045370523 13.795233855868632
536 2716.9660874946767 13.807998895436986
537 2721.8924235530812 13.820572603516261
538 2727.065323758755 13.833762697161363
539 2732.0973301659888 13.8465818201628
540 2737.1997834724434 13.859568124915087
541 2742.4079071277265 13.872810575520596
542 2747.334243186132 13.885325594200205
543 2752.542366841415 13.898543503261958
544 2757.9970546439663 13.912373120600696
545 2763.205178299249 13.925565356635492
546 2768.3076316057036 13.938478073614275
547 2773.1635207648887 13.950756317694445
548 2777.984186474464 13.962934909249999
549 2783.0514163313082 13.975724324837222
550 2788.4708806842496 13.989388955768925
551 2793.819898137972 14.002863048038524
552 2798.7110107467674 14.015173411413542
553 2803.3203357586845 14.026765375503539
554 2808.2818952666994 14.039231527220602
555 2813.595689270811 14.052569540067513
556 2818.381131530777 14.064571758140707
557 2823.025679992304 14.076211183060796
558 2828.374697446026 14.089602246211884
559 2833.7589383493582 14.103068567712379
560 2838.826168206202 14.115731017184034
561 2843.9286215126563 14.128469933301016
562 2848.819734121452 14.140670948228065
563 2853.922187427905 14.15338741689637
564 2859.2712048816275 14.166705529483334
565 2864.0214236919837 14.178523626871197
566 2868.842089401559 14.190506745074524
567 2874.155883405672 14.203702703363438
568 2879.1526663632967 14.216100971919786
569 2884.1142258713107 14.228401239046457
570 2888.9348915808873 14.240342385756021
571 2893.614663492023 14.251925314728567
572 2898.787563697697 14.264716556907466
573 2904.2070280506387 14.27810461513897
574 2909.2038110082635 14.29043833334505
575 2913.9892532682293 14.302240937020798
576 2919.021259675463 14.314640532045619
577 2923.877148834649 14.326596399310928
578 2928.9796021411034 14.339147983595407
579 2934.3638430444344 14.352380167226135
580 2939.466296350889 14.364909222521575
581 2944.005174463586 14.376046582879024
582 2948.614499475503 14.387347792436918
583 2953.8930700300066 14.400277216819923
584 2959.03074678607 14.412850717702142
585 2964.203646991743 14.425499266336542
586 2969.3061002981976 14.437964870083853
587 2974.2676598062117 14.450076282333443
588 2979.053102066178 14.4617486019745
589 2984.1203319230212 14.474097268935497
590 2989.398902477524 14.48694927068254
591 2994.7126964816366 14.49987544687394
592 2999.7447028888705 14.512106177807116
593 3004.459698249617 14.523557794555497
594 3009.59737500568 14.53602465948988
595 3014.770275211354 14.548566120879642
596 3019.9783988666372 14.561181985976301
597 3024.7638411266034 14.57276531376858
598 3029.5140599369593 14.584254371370097
599 3034.7574070418527 14.596924388608251
600 3039.8950837979164 14.609328646322204
601 3045.3497716004676 14.622486034563279
602 3050.6987890541895 14.635377276221181
603 3055.2024437172768 14.646224258024613
604 3059.987885977243 14.657740381034335
605 3065.090339283697 14.670008642959415
606 3070.2632394893703 14.682435658187401
607 3075.6474803927026 14.695358737572581
608 3080.8908274975947 14.707933045260626
609 3085.817163556 14.719738043068046
610 3090.5673823663565 14.731112474460163
611 3095.599388773591 14.74315137534325
612 3100.596171731215 14.755096368189891
613 3105.5577312392297 14.766947680886881
614 3110.7658548945133 14.779377133870163
615 3115.551297154479 14.790789584285898
616 3120.336739414445 14.802193235736256
617 3125.5096396201184 14.814509369546641
618 3130.400752228914 14.82614582655437
619 3134.9396303416115 14.836936963271018
620 3139.725072601577 14.848305173100858
621 3144.9684197064703 14.860750066919652
622 3150.352660609802 14.873518215963239
623 3155.7016780635245 14.886192068723398
624 3160.628014121929 14.897855815505755
625 3165.413456381895 14.909177574938685
626 3170.515909688349 14.921239106312647
627 3175.4774691963635 14.932958562965144
628 3180.3685818051595 14.944502790427801
629 3185.5062585612227 14.956618787099192
630 3190.855276014945 14.969222282033947
631 3196.0281762206178 14.981401102742382
632 3200.672724682145 14.992328756116816
633 3205.5286138413303 15.003744611214659
634 3210.595843698174 15.015647554549467
635 3215.6982970046283 15.027623630805595
636 3221.0120910087408 15.040085132494264
637 3226.1145443151945 15.052041765135199
638 3230.93521002477 15.063330001816833
639 3236.108110230444 15.075432796969515
640 3241.562798032995 15.088183732666158
641 3246.806145137888 15.100430933871069
642 3251.908598444342 15.112339821990162
643 3256.905381401966 15.123993231074737
644 3261.7612705611514 15.135309778153207
645 3266.863723867605 15.147191244166672
646 3272.107070972498 15.159390773552811
647 3276.927736682074 15.170599133506194
648 3282.241530686186 15.182943287553543
649 3287.4144308918594 15.19495081089031
650 3291.9533090045575 15.20548021363345
651 3297.1614326598396 15.217551484463991
652 3302.6161204623913 15.230183436750188
653 3307.6833503192356 15.241909547066415
654 3312.6096863776406 15.253301289675937
655 3317.9587038313634 15.265659842272218
656 3322.9907102385973 15.277277511423703
657 3327.9170462970023 15.288642900981356
658 3333.3012872003346 15.301053993854984
659 3338.1571763595202 15.312239684315651
660 3342.9778420690955 15.323336242287183
661 3347.7632843290617 15.334343861269314
662 3352.760067286686 15.345828684497059
663 3358.003414391579 15.357870426978195
664 3363.4228787445213 15.37030634059693
665 3368.5605555005845 15.382086948567748
666 3373.0642101636727 15.392407735384207
667 3377.8496524236384 15.403365994280978
668 3382.8816588308723 15.414879879352329
669 3388.089782486156 15.426787298396745
670 3393.1217888933907 15.438283715849531
671 3398.0833484014047 15.44961096812942
672 3403.361918955907 15.461652126705875
673 3408.4643722623614 15.473283006329577
674 3413.2145910727177 15.48410390279718
675 3418.3170443791714 15.495717930425753
676 3423.7717321817227 15.50812330728853
677 3428.838962038567 15.51963941713725
678 3433.413063600874 15.53002857056571
679 3438.4098465584984 15.541368786592516
680 3443.75886401222 15.553498447204902
681 3448.7908704194547 15.56490127460804
682 3453.928547175519 15.576534710191453
683 3459.1014473811915 15.588239055458065
684 3463.8868896411573 15.59905974447063
685 3468.637108451514 15.609793451234873
686 3473.915679006017 15.6217111422193
687 3479.511260607007 15.634333976121447
688 3484.7898311615095 15.646232974669301
689 3489.8570610183533 15.657647505980057
690 3494.8890674255877 15.668974540875777
691 3499.815403483993 15.680056018882347
692 3504.6712926431787 15.690971530863028
693 3509.668075600803 15.702195513387258
694 3514.9466461553066 15.714043125859188
695 3519.9786525625404 15.725329538755366
696 3524.904988620945 15.736371331889934
697 3529.8665481289604 15.74748416956205
698 3534.7928841873654 15.758510439228784
699 3539.648773346551 15.769371645387404
700 3544.4342156065172 15.780068128870804
701 3549.466222013751 15.791307352239517
702 3554.6038987698144 15.802774116666921
703 3559.7767989754884 15.814311020550564
704 3565.3019336772595 15.826623460329884
705 3570.404386983713 15.837986319660828
706 3574.8728181971906 15.847931924323
707 3579.763930805986 15.858810122069261
708 3584.8311606628304 15.870071758241707
709 3590.109731217334 15.881794137705741
710 3595.4235252214457 15.893585933828552
711 3600.3146378302413 15.90443290550981
712 3605.3114207878657 15.915506350856328
713 3609.991192699002 15.925870975152018
714 3614.706188059749 15.936306711814872
715 3620.2313227615196 15.948524969833198
716 3625.7564574632906 15.960733874535663
717 3630.647570072086 15.971535243163714
718 3635.2216716343933 15.981630636084905
719 3640.3593483904574 15.992960941543997
720 3646.131047239497 16.005678569112362
721 3651.4800646932194 16.017456622200537
722 3656.5472945500637 16.028606794352726
723 3661.5088540580778 16.039517160546023
724 3666.1534025196047 16.04972439868321
725 3671.0797385780093 16.0605431684723
726 3676.393532582122 16.072203821190502
727 3681.918667283893 16.084318846946793
728 3687.2324612880057 16.09596227548313
729 3692.3701380440693 16.107212156772512
730 3697.190803753645 16.117761411174346
731 3702.0114694632207 16.12830376548637
732 3707.0082524208456 16.139223609272122
733 3712.0402588280795 16.150212891822086
734 3717.3188293825824 16.16173208142926
735 3722.386059239426 16.172782784536317
736 3727.45328909627 16.183825941960965
737 3732.5909658523333 16.19501478879204
738 3737.869536406836 16.2065021343261
739 3742.9367662636796 16.217522330917596
740 3747.616538174817 16.227694058825872
741 3752.437203884392 16.238165041380547
742 3757.2930930435773 16.248705632701295
743 3762.60688704769 16.260231349575164
744 3768.167245199071 16.272282631053
745 3773.1288047070852 16.28302972423588
746 3777.843800067832 16.29323670411117
747 3782.2770078317 16.30282848249356
748 3786.780662494788 16.31256673637293
749 3792.0592330492905 16.323971359609278
750 3797.76048499911 16.336279410065355
751 3802.8277148559537 16.347212119735275
752 3807.5427102167 16.357379049941535
753 3812.3985993758856 16.367842869802107
754 3817.571499581559 16.378981759646745
755 3822.7443997872324 16.390113079388737
756 3827.6002889464175 16.400556014422662
757 3832.7027422528718 16.411521504385714
758 3837.5586314120574 16.42195082552558
759 3842.4849674704624 16.43252453242214
760 3847.5169738776963 16.443317799329467
761 3852.337639587273 16.45365156109749
762 3857.580986692165 16.464883107144264
763 3862.718663448228 16.47588108786382
764 3867.5041057081944 16.486119181993217
765 3872.6770059138685 16.49717821190017
766 3877.7794592203213 16.508079520704186
767 3883.093253224434 16.5194242716089
768 3888.195706530888 16.5303109097234
769 3892.769808093195 16.54006525188905
770 3897.73136760121 16.550638462374422
771 3903.115608504542 16.562103884511945
772 3908.358955609435 16.57326193358701
773 3913.4614089158886 16.584113230015756
774 3918.5638622223423 16.594957430878903
775 3923.4197513815284 16.605271541283162
776 3928.275640540714 16.615579249211088
777 3933.2372000487285 16.626104437368788
778 3938.410100254402 16.63707041623023
779 3943.6886708089046 16.648252744817597
780 3948.227548921602 16.657863543598523
781 3952.6959801350804 16.667319924131814
782 3957.798433441534 16.6781100236226
783 3963.217897794476 16.689562214510108
784 3968.7782559458565 16.70130370345877
785 3973.9159327019197 16.712146100506356
786 3978.736598411496 16.722313737307125
787 3983.627711020291 16.73262349241149
788 3988.6597174275253 16.74322330615854
789 3993.6917238347596 16.753816413610966
790 3998.723730241994 16.764402827481504
791 4003.650066300399 16.774760676526657
792 4008.365061661146 16.784668630943877
793 4013.3266211691603 16.79508785407423
794 4018.816532421321 16.80660797851916
795 4023.848538828556 16.81716116009815
796 4028.739651437351 16.827412804545563
797 4033.454646798097 16.837289775686298
798 4038.169642158843 16.847160956264315
799 4043.8004472094435 16.85893986984497
800 4049.2903584616042 16.870416392389394
801 4054.3223648688395 16.880929683927082
802 4059.565711973732 16.891877131675127
803 4064.3159307840883 16.901789837477573
804 4069.066149594444 16.911696732998475
805 4074.379943598557 16.922770907639197
806 4079.4823969050103 16.933398232461755
807 4084.620073661074 16.944092114617504
808 4089.475962820259 16.95419382971979
809 4094.2261816306154 16.96407012171194
810 4099.7513163323865 16.97554865666253
811 4105.382121382987 16.987238546729387
812 4110.3084574413915 16.997460605518814
813 4114.988229352529 17.00716587057366
814 4119.879341961323 17.017303051866826
815 4125.193135965436 17.028308546729008
816 4130.753494116817 17.039816620074475
817 4135.9263943224905 17.05051652349791
818 4140.8879538305055 17.06077339083886
819 4146.060854036178 17.071460159162257
820 4151.233754241852 17.082140241731224
821 4156.265760649086 17.092523306383494
822 4161.26254360671 17.102827524638958
823 4166.364996913164 17.113343035311576
824 4171.608344018057 17.124141902068143
825 4176.499456626852 17.134209876502513
826 4181.355345786038 17.144199570674097
827 4186.633916340541 17.155051335971727
828 4191.842039995824 17.165751687442622
829 4196.6627057054 17.175650801038078
830 4201.765159011854 17.186121754075273
831 4207.290293713625 17.197452080068622
832 4212.14618287281 17.20740505925638
833 4217.002072031995 17.217352284842978
834 4222.562430183376 17.228734085345614
835 4227.66488348983 17.239172795997177
836 4232.415102300186 17.248885916745472
837 4237.764119753908 17.259815629236407
838 4242.514338564264 17.26951713956949
839 4247.088440126572 17.278854186505292
840 4252.261340332245 17.289406157263485
841 4257.29334673948 17.299664823686907
842 4262.431023495543 17.310132434542908
843 4267.463029902777 17.320378825028744
844 4272.072354914695 17.329760061522375
845 4276.89302062427 17.339565543409577
846 4282.136367729163 17.350223608706468
847 4287.520608632495 17.361160987712
848 4292.728732287778 17.37173438365804
849 4297.690291795793 17.381801703846673
850 4302.722298203027 17.392005870886106
851 4307.683857711042 17.402061463758162
852 4312.574970319837 17.411968739872215
853 4317.747870525511 17.422440089453495
854 4323.061664529623 17.433189824989704
855 4328.093670936858 17.443363930595908
856 4332.949560096044 17.45317667481424
857 4337.9815665032775 17.46333913612656
858 4342.978349460902 17.47342468269041
859 4347.763791720868 17.483078624862106
860 4353.042362275371 17.49372017679012
861 4358.426603178702 17.504567895065897
862 4363.282492337888 17.51434634863766
863 4368.314498745121 17.52447333762493
864 4373.804409997283 17.535514291821595
865 4378.871639854127 17.545699775231938
866 4383.657082114093 17.555313972242992
867 4388.935652668595 17.56591176354798
868 4394.178999773489 17.576432576682677
869 4398.823548235016 17.585747770649636
870 4404.137342239127 17.596397740913822
871 4409.7681472897275 17.607675448656153
872 4414.624036448913 17.617396672955802
873 4419.550372507318 17.627253306313758
874 4424.2653678680645 17.636682353004936
875 4429.12125702725 17.646387597688694
876 4434.505497930581 17.657141524522004
877 4439.924962283523 17.66795912857345
878 4445.133085938807 17.678349029930814
879 4450.27076269487 17.688592547559004
880 4455.267545652496 17.698549733575486
881 4460.26432861012 17.70850132083824
882 4465.366781916574 17.71865738527694
883 4470.469235223027 17.728807631748065
884 4475.85347612636 17.739511594535696
885 4480.991152882423 17.749719814751174
886 4485.811818591998 17.759293424751764
887 4490.843824999233 17.76928081514615
888 4495.805384507248 17.779123028512995
889 4500.802167464873 17.789029541301176
890 4506.4681959650825 17.800254904154112
891 4511.958107217243 17.811124904688498
892 4516.919666725258 17.82094400827001
893 4521.669885535614 17.83034021056654
894 4526.8780091908975 17.84063554584477
895 4532.649708039937 17.85203695547516
896 4538.139619292097 17.862875445381217
897 4542.854614652843 17.87218018242457
898 4547.851397610468 17.882035142324668
899 4553.200415064191 17.892578098688507
900 4558.232421471425 17.90249113276578
901 4563.405321677098 17.912675736222834
902 4568.437328084333 17.922577654237013
903 4573.328440693128 17.932197355093614
904 4578.290000201143 17.941950199393222
905 4583.251559709157 17.95169774514339
906 4588.354013015611 17.961716299944328
907 4593.562136670894 17.971936375772078
908 4598.523696178909 17.98166766655083
909 4603.520479136533 17.991462653952418
910 4608.728602791816 18.00166584190692
911 4613.831056098271 18.011656603166116
912 4618.898285955115 18.021572981132145
913 4624.458644106495 18.03244717717022
914 4629.666767761779 18.04262718820483
915 4634.381763122526 18.051839273281665
916 4639.660333677029 18.06214573546338
917 4644.868457332312 18.072309017506083
918 4649.477782344228 18.08130012946147
919 4654.580235650683 18.091246913310393
920 4659.894029654794 18.101599478551368
921 4664.644248465152 18.110850072830434
922 4669.641031422776 18.120575231455184
923 4674.743484729229 18.13050046814832
924 4679.599373888414 18.139941511829413
925 4684.49048649721 18.149446004285156
926 4689.628163253274 18.15942378358869
927 4695.082851055825 18.170010635294467
928 4700.290974711108 18.180113617407013
929 4704.935523172635 18.189119650826
930 4710.03797647909 18.19900750532193
931 4715.246100134373 18.209094399059985
932 4720.278106541607 18.218835214551103
933 4725.6271239953285 18.22918338163563
934 4730.5182366041245 18.238641368566107
935 4735.1627850656505 18.247618515888796
936 4740.265238372104 18.257474688688657
937 4745.438138577779 18.267461380290804
938 4750.434921535403 18.277103206982797
939 4755.537374841857 18.28694348833069
940 4760.569381249091 18.29664285836311
941 4765.566164206715 18.30626931531312
942 4770.598170613949 18.315958451193985
943 4775.559730121965 18.32550705877861
944 4780.732630327638 18.335456695529935
945 4786.18731813019 18.345941964598087
946 4791.430665235082 18.356015706201596
947 4796.3217778438775 18.36540837597112
948 4801.212890452673 18.374796244477395
949 4805.82221546459 18.38363941589076
950 4810.959892220654 18.393490154481196
951 4816.555473821644 18.404212015975133
952 4821.446586430439 18.41358010107849
953 4826.337699039234 18.422943422501852
954 4831.052694399981 18.431965430863595
955 4835.908583559166 18.441252139472965
956 4841.292824462498 18.451542809227472
957 4846.430501218562 18.461357315491682
958 4851.638624873845 18.471300944583522
959 4856.8467485291285 18.481239223615006
960 4861.984425285192 18.491037967891092
961 4866.945984793207 18.50049621241198
962 4871.801873952392 18.50974853779855
963 4876.833880359627 18.519331215614276
964 4881.93633366608 18.529042856562363
965 4887.109233871754 18.53888325796982
966 4892.035569930159 18.54825021519035
967 4896.785788740515 18.557278160440443
968 4901.712124798921 18.566635837346386
969 4906.955471903813 18.576589901124315
970 4912.339712807145 18.586805640660575
971 4917.160378516721 18.595948305153804
972 4921.769703528638 18.60468635896301
973 4926.625592687823 18.613886895069765
974 4931.798492893497 18.6236824665467
975 4937.253180696048 18.63400555300729
976 4942.3556340025025 18.643657459205954
977 4947.739874905834 18.65383646935246
978 4953.124115809166 18.664009928053556
979 4957.627770472254 18.672516798586607
980 4962.55410653066 18.68181675282611
981 4968.114464682039 18.692306857885047
982 4973.463482135762 18.70239305157683
983 4978.601158891826 18.71207598705108
984 4983.63316529906 18.72155510330975
985 4988.489054458246 18.73069823347034
986 4993.52106086548 18.74016793026195
987 4998.940525218422 18.75036071669986
988 5004.042978524876 18.759952758817402
989 5009.039761482501 18.769341593975682
990 5014.142214788954 18.778923940898345
991 5019.350338444237 18.788699503508983
992 5024.805026246789 18.798931974128376
993 5029.872256103633 18.80843328115877
994 5034.939485960476 18.81792979091205
995 5040.358950313417 18.828080480166797
996 5045.355733271042 18.837435359568534
997 5050.141175531008 18.846390609009962
998 5055.102735039023 18.85567060496282
999 5060.627869740794 18.86599827899961
1000 5065.906440295296 18.87586020513872
1001 5070.621435656043 18.88466583712261
1002 5075.582995164058 18.89392703371287
1003 5080.615001571292 18.90331496051303
1004 5085.752678327355 18.912895029208507
1005 5090.960801982638 18.922601381442608
1006 5095.887138041043 18.931778485753757
1007 5100.672580301009 18.94068912936129
1008 5106.092044653951 18.950774064587637
1009 5111.194497960405 18.960264717396402
1010 5116.226504367639 18.969619814188068
1011 5121.540298371751 18.97949326769197
1012 5126.396187530937 18.988512198838286
1013 5131.392970488561 18.997788078713672
1014 5136.354529996576 19.00699415634138
1015 5141.069525357322 19.015739064129004
1016 5145.784520718069 19.024479952179718
1017 5151.098314722181 19.034324948745
1018 5156.341661827073 19.04403455920869
1019 5161.021433738211 19.05269734723607
1020 5166.370451191934 19.06259285594983
1021 5171.437681048778 19.071962812348495
1022 5176.3287936575725 19.081003058683116
