1 14.627859237536656 0.4884080026236119
2 18.962807672667576 0.4884080026236119
3 20.59702988217958 0.5382573312838275
4 21.216528365302967 0.5560733366129296
5 21.757971177165693 0.571206689015897
6 22.798970285096665 0.5991109148313104
7 26.290917470612428 0.6841891945448134
8 33.84175956168264 0.8390612171740307
9 44.452383966170835 1.0175784703664812
10 55.3440087871974 1.1728945523772294
11 62.87923974401548 1.269292357262341
12 66.26190898976633 1.310294680096629
13 67.50585284297502 1.3250906952777324
14 68.1721847288548 1.3329756925009926
15 68.99462795725593 1.3426306987173129
16 71.09718419433189 1.3669155868415679
17 76.4312452215993 1.4265882938657852
18 86.02714589969887 1.5280426698033536
19 97.79299423884486 1.6439055112134704
20 107.7011176019871 1.7354924001125487
21 113.1912899717758 1.7842376410516734
22 115.10651259782618 1.8009597463171165
23 115.9289558262273 1.8081175305256716
24 116.62650998061135 1.8141727261569343
25 117.55823114877741 1.8222150207503651
26 120.94090039452824 1.8510096278337376
27 128.53857588835484 1.914055317811558
28 138.6496439967748 1.9948565602623385
29 149.72860242882697 2.0797878170543735
30 158.51272412581565 2.1447452117205676
31 162.33250513062617 2.1724062015173344
32 163.5764489838349 2.1813623968550186
33 164.33644767522748 2.186829952843066
34 165.1588909036286 2.1927284918546674
35 167.0428912611747 2.206135865500959
36 172.72039724198902 2.2459863147958417
37 182.831465350409 2.3152320537322364
38 194.40998007852937 2.392062167123617
39 204.38054797868017 2.456302019812635
40 210.15172076500727 2.4927420989520415
41 212.11377679381405 2.5050304319653747
42 212.85816435095452 2.5096958752577754
43 213.58694077384283 2.514255733308343
44 214.4874396735046 2.5198714181362294
45 217.32371922043077 2.5374123627310095
46 224.37500501543278 2.580459860173184
47 235.00124055417308 2.6439937069097024
48 247.0637004441096 2.71430921906783
49 256.30054503441005 2.7669521556543284
50 260.5886600667846 2.7910684985559007
51 262.1604377392881 2.7998736187878173
52 262.8736030279243 2.803874706962972
53 263.57115718230835 2.8077832979922297
54 264.7838787670127 2.814545331035843
55 269.1656606049001 2.83877245346616
56 277.98100457039305 2.8868700233712183
57 288.9975184654367 2.945867196545754
58 300.2169771057581 3.004760380272932
59 308.1580975531316 3.045764139050088
60 311.10365503982274 3.060849658264961
61 311.97293167098024 3.065305184140104
62 312.63926355686004 3.068722000768899
63 313.53976245652177 3.073324712663648
64 315.64231869359776 3.084011319350397
65 321.3822692114206 3.1129559179633475
66 331.08744782928517 3.1612761177892743
67 342.4161844093714 3.2167576845723636
68 352.6521415918084 3.266079340407478
69 358.70431479467396 3.294903835871954
70 360.93176010576695 3.3054639063614375
71 361.81664787117666 3.3096637733611187
72 362.4985908913086 3.3129021346564267
73 363.68009020750867 3.3184882244377643
74 367.4530378095628 3.336213202397135
75 375.1443801089022 3.3720341248733106
76 386.1140606011894 3.422465032995851
77 397.6301307923014 3.474619287164154
78 405.50880670266633 3.509860934353043
79 408.90708708266936 3.5249652840854804
80 410.08858639886955 3.5302158285193874
81 410.77052941900143 3.53325205116207
82 411.530528110394 3.5366302313472797
83 413.3676950651837 3.5447522291779583
84 418.68614495819895 3.568119517320193
85 428.1571565622815 3.6093403566613036
86 438.799003235274 3.655099842338417
87 448.9412936121981 3.6981853149743396
88 455.852079198931 3.727264342663291
89 458.18880244978897 3.737059236067934
90 458.99563454393785 3.7404488120003747
91 459.67757756406985 3.7433145174173066
92 460.4219651212103 3.746438241519593
93 463.4143560106579 3.7589071792707855
94 470.96519810172805 3.790157259878162
95 481.73193384873764 3.834267651331571
96 493.8880605441869 3.883465556270313
97 502.9375715234619 3.9196945597071835
98 506.66368572275957 3.9345263542692286
99 508.03251864998543 3.939973369791147
100 508.6988505358652 3.942632242645805
101 509.5056826300141 3.945845230373924
102 510.9681823627527 3.951646694030302
103 515.6465757514305 3.9701053011253333
104 524.8209758047225 4.0060374607442055
105 536.2121569218174 4.050203588134493
106 547.0881706085918 4.091928320236687
107 554.0614007323331 4.118464749667465
108 556.6010687284688 4.128098901840111
109 557.4547342253742 4.131344620067868
110 558.1210661112539 4.133880406573296
111 559.2245097561934 4.138064001757972
112 562.9194016869869 4.151998439743886
113 570.7824664630997 4.181476798497736
114 581.5648133443614 4.221558006096888
115 593.3150505492551 4.264806620806355
116 601.8025606954534 4.295780404841939
117 605.2476744782127 4.308299897547758
118 606.4447849286651 4.312653355436336
119 607.0486722775363 4.3148566778216475
120 607.7774487004245 4.317510469741798
121 609.2087261646589 4.32270041046745
122 614.0432308958581 4.340142566378561
123 623.2488532176543 4.3731467344926855
124 634.0936446359244 4.4117078103576866
125 644.8447692486818 4.449606134972658
126 652.3175556684913 4.475764354106863
127 655.2318908866781 4.485935037784238
128 656.3197233973656 4.489736319093763
129 657.0953332230102 4.492449550774435
130 657.9333875856635 4.495378001638831
131 660.3949999105383 4.5039354959426285
132 666.8530626039593 4.526281561290274
133 676.9485195781272 4.560984794255515
134 689.0422017365678 4.6022091367102265
135 699.1532698449878 4.6363966476562455
136 704.1438859187083 4.653186723363512
137 705.856163799481 4.658944337000266
138 706.5381068196128 4.661245391135184
139 707.2981055110056 4.663806592539783
140 708.3391046189365 4.667306368700371
141 712.3462192347725 4.680706613408603
142 720.7712848439621 4.708738526872795
143 731.7253542019972 4.744932440214515
144 743.0384796478313 4.7820246502423345
145 751.3854895857604 4.809212700021502
146 755.0023258452932 4.820954996669455
147 756.0589360874762 4.824391288196985
148 756.7564902418603 4.826663959482613
149 757.532100067505 4.829187895395271
150 759.8219899156064 4.83660063864568
151 766.108330132254 4.8568646257574555
152 776.6721211339859 4.890717121756901
153 789.280970722747 4.930815886389319
154 799.0798161461244 4.9617579486854
155 803.477209118264 4.975589711629229
156 805.1270424620279 4.98077895224732
157 806.0275413616897 4.983616060915601
158 806.7250955160738 4.985816153725823
159 807.7036500869962 4.988894653662849
160 811.7732092398409 5.001628253573315
161 820.385608460056 5.028452871499873
162 830.9493994617877 5.061157797679037
163 841.9346910883272 5.094944399186488
164 850.3441455632646 5.120661590988575
165 853.8360927487805 5.131311342638207
166 855.0019809307283 5.1348721719224155
167 855.7619796221211 5.137197247354024
168 856.5219783135137 5.139521270941516
169 858.0313114490086 5.1441187925544725
170 863.3497613420238 5.160248702875789
171 873.2578847051662 5.190151752750747
172 884.7115103592696 5.22450359796358
173 895.0411343472192 5.2552931975168855
174 901.7021417859179 5.275057611785884
175 904.4447545273313 5.283182549572634
176 905.2828088899845 5.28567292437526
177 905.933529641612 5.2876090716443205
178 907.083806689308 5.291018654891111
179 910.2947534582854 5.3004986465060675
180 917.314816984783 5.3211486225238005
181 927.9566636577755 5.3522929395003525
182 939.7381231311738 5.38656087446423
183 948.3193000828846 5.411387651814531
184 952.5761928467549 5.423668557361445
185 954.2416373247713 5.428474373874829
186 954.8299135393903 5.4301800889819685
187 955.5899122307829 5.432378773154055
188 957.3646346485642 5.437490638878954
189 962.4333063935453 5.452037631116555
190 972.2009295484185 5.479948552398455
191 984.1697226328421 5.513953523681604
192 994.8584027085909 5.544146711048957
193 1001.1135206567343 5.561745785162311
194 1003.1224100882974 5.567395505712826
195 1003.7731308399252 5.569233712827373
196 1004.3770181887965 5.570940076331708
197 1005.3555727597188 5.5736954061619794
198 1008.2074634408973 5.581691269704613
199 1015.2743603701512 5.601435212224348
200 1025.463484149832 5.6297742803998965
201 1036.6517205216492 5.6607274286415885
202 1046.18517666274 5.686971566819986
203 1051.3943486159906 5.701266720673681
204 1053.200293302276 5.706223125955843
205 1053.8822363224076 5.708102015933618
206 1054.6266238795483 5.710151008994305
207 1055.761289792992 5.713265777325947
208 1059.8620712143409 5.724473425041948
209 1068.6149706428255 5.748307213710089
210 1079.7875958803904 5.778583302271346
211 1091.241221534494 5.8094567396480326
212 1099.2916199216322 5.831062833042057
213 1102.2840108110797 5.839081901098623
214 1103.3093987847585 5.841835913427022
215 1103.9601195363862 5.843587790943791
216 1104.6888959592745 5.84554760280466
217 1106.4948406455599 5.850381775541435
218 1112.3128468346433 5.865899140286626
219 1122.1116922580206 5.891932565796117
220 1133.3155397640899 5.9215566659483345
221 1143.9261641685785 5.94947691526112
222 1150.3842268619992 5.966411432820345
223 1152.5180053675795 5.97200479271008
224 1153.3092263274764 5.97408565476268
225 1154.209725227138 5.9764512448364595
226 1155.2195020665647 5.979101224979405
227 1158.9300051316104 5.988794222092286
228 1167.6360711573386 6.011458543371159
229 1178.8243075291557 6.040456141037125
230 1189.9813216324683 6.06923488875374
231 1198.265887033389 6.090519642303708
232 1201.5080560708707 6.09883692506569
233 1202.4397772390364 6.101234034198435
234 1203.1529425276728 6.103071180252122
235 1203.8973300848131 6.104987612799659
236 1205.6096079655858 6.109377169991852
237 1211.06855806687 6.1233230083071994
238 1220.9922925642647 6.148583627156746
239 1232.5083627553765 6.177766012790857
240 1243.0565426228563 6.204376315624364
241 1249.0931046914695 6.219559074457163
242 1251.0083273175198 6.224376846622594
243 1251.8932150829296 6.226608208745124
244 1252.6219915058177 6.228447502500132
245 1253.553712673984 6.230794748097286
246 1257.1705489335168 6.239862456719763
247 1265.3926697974287 6.260411423948219
248 1276.1125721416818 6.287098322713436
249 1287.8471982123235 6.316180920340536
250 1296.4908197010432 6.337520756768915
251 1299.7173776042725 6.345475888592519
252 1300.789598980708 6.348125383879329
253 1301.4871531350918 6.349852719992055
254 1302.1222627524673 6.351426106129775
255 1303.600373619458 6.355070259960001
256 1309.2934907345243 6.369052087497313
257 1319.6387258567263 6.394371013243759
258 1331.0611292423257 6.422209001076982
259 1341.0629194109804 6.446487530796616
260 1347.2868150906195 6.461553998830425
261 1349.5454826702166 6.467020585900937
262 1350.2430368246007 6.468716173600752
263 1350.8157019049677 6.470109990605968
264 1351.9503678184115 6.472859073653954
265 1356.0823715082645 6.4828288246013805
266 1364.6479373257232 6.503434509392646
267 1375.7581180262798 6.530061249020243
268 1386.6653539815584 6.55609662975035
269 1393.9820290588464 6.573507485770319
270 1396.849530874277 6.580325602136208
271 1397.7344186396867 6.582436303267202
272 1398.3539171228101 6.58391709300634
273 1399.067082411446 6.58561958958637
274 1400.9198605004879 6.590021833556517
275 1406.5349219442937 6.603321677447727
276 1415.7405442660902 6.625060908456919
277 1426.1794461938048 6.6496250039136635
278 1436.3685699734854 6.673514419268093
279 1442.7641881298978 6.688470293313891
280 1444.757466427209 6.6931325989986
281 1445.36135377608 6.694552499888512
282 1445.9808522592034 6.696008495721506
283 1446.8657400246134 6.698082742935871
284 1449.7488529742955 6.704810527590725
285 1456.7689165007932 6.721147295831696
286 1466.9268180119695 6.74471112455682
287 1478.1774989207952 6.770712989556171
288 1487.273843302827 6.791665285236068
289 1491.4682915296885 6.8013110492374915
290 1492.556124040376 6.803818857101454
291 1493.1444002549954 6.8051798514962
292 1493.8575655436314 6.806827006937413
293 1495.1327316653444 6.809762252417128
294 1499.093012878424 6.8188463357715685
295 1507.34635601084 6.837726807882608
296 1517.8789247440673 6.861742711680313
297 1528.7081050280858 6.886347295107878
298 1536.2433359849035 6.903419480666664
299 1538.8454485180478 6.909312471966304
300 1539.6991140149528 6.911252177547808
301 1540.381057035085 6.912803550135899
302 1541.219111397738 6.914707031692404
303 1543.3841121718228 6.919604325584649
304 1549.639230119966 6.9337131068270725
305 1559.5785757516123 6.956066476025548
306 1570.8760900631944 6.981385915216724
307 1580.5188241440505 7.002925944404036
308 1585.2440509354847 7.013462663725091
309 1586.5816615942058 7.016450400853668
310 1587.2323823458337 7.017909066004005
311 1587.8831030974611 7.0193674280352925
312 1588.7367685943668 7.021276729780204
313 1591.978937631848 7.028492672074893
314 1599.3112238433887 7.044770706225311
315 1609.4066808175564 7.0671176461584375
316 1619.9704718192882 7.090425360777446
317 1628.4267596969821 7.109030225034613
318 1632.8085415348694 7.1186567807809285
319 1634.1461521935908 7.1216003857793115
320 1634.765650676714 7.122969089905072
321 1635.4319825625937 7.124440153572067
322 1636.5666484760375 7.126936845424908
323 1640.4800962863608 7.135514695522634
324 1649.0924955065764 7.154342951241011
325 1660.265120744141 7.178691539693686
326 1670.2981331813005 7.20048748928309
327 1677.0371962912595 7.215094134814987
328 1679.9827537779508 7.221475251914863
329 1680.914474946117 7.223499824568102
330 1681.5495845634925 7.224882956254151
331 1682.2783609863804 7.226468171780715
332 1684.3340838207 7.230918407857758
333 1690.1208677412797 7.243411626814651
334 1699.35771233158 7.2633023956350025
335 1709.7185585880343 7.285547698506994
336 1719.1895701921167 7.305824127883399
337 1724.6485202934011 7.317490105658489
338 1726.3139647714172 7.321052851476654
339 1726.9646855230449 7.3224508386998455
340 1727.6154062746723 7.323848559073136
341 1728.6407942483515 7.3260444380242395
342 1732.7259645354484 7.334754927366576
343 1741.1822524131424 7.352741583125845
344 1751.4025984613272 7.374419680882278
345 1761.8102781205373 7.396429642174873
346 1768.9864529895565 7.411570843166122
347 1771.2763428376581 7.41640292675538
348 1771.9114524550337 7.417750089347989
349 1772.5465620724092 7.4190970073222795
350 1773.244116226793 7.420575050506251
351 1774.6910048252798 7.423628740551788
352 1780.0250658525472 7.4348476525205935
353 1789.4804663223777 7.454685313378987
354 1799.622756699302 7.47590482068478
355 1808.6878788128288 7.4948209463351025
356 1814.443440464904 7.506810052342494
357 1816.4991632992235 7.5110941909476
358 1817.243550856364 7.512651453814427
359 1817.8318270709833 7.513884058026217
360 1818.5449923596193 7.515375887380699
361 1821.178327161268 7.520854198021319
362 1827.8081123314623 7.534613411027622
363 1837.8255136343696 7.555350402189472
364 1848.576638247127 7.577542388682489
365 1856.6426477685175 7.594151843382361
366 1860.6341512501015 7.602362821308809
367 1862.0342064458314 7.6052473871067
368 1862.6693160632067 7.606561104410429
369 1863.2575922778258 7.607778493495332
370 1864.2673691172524 7.609860418084754
371 1868.336928270097 7.618214417061924
372 1876.2468264489662 7.634416174282431
373 1885.998838469587 7.654341559725618
374 1896.5626294713188 7.675866380093833
375 1903.879304548607 7.690742638517386
376 1906.4658059474996 7.69600111915956
377 1907.4131382499177 7.697932549889421
378 1907.9389699275282 7.699008874751766
379 1908.62091294766 7.7004015424274215
380 1910.75469145324 7.704736191011439
381 1916.7756423876012 7.716936048253741
382 1926.3247096629445 7.73623939445433
383 1936.9041117989284 7.757568391928257
384 1945.7506780329254 7.775360549503539
385 1950.3041823475864 7.784507490018661
386 1951.7354598118204 7.787387176998587
387 1952.2925137579352 7.788513721204577
388 1952.9432345095627 7.7898278168682005
389 1953.968622483242 7.791892376574628
390 1957.2732360577322 7.798520295125246
391 1964.3713552554905 7.812726325040513
392 1974.0765338733552 7.832104747493028
393 1984.5466580695738 7.852956147697705
394 1992.0662778921399 7.867900247197235
395 1995.1679467213526 7.874061841887977
396 1996.1777235607794 7.876073378690628
397 1996.6723329698855 7.877063485038575
398 1997.3230537215131 7.878362810786876
399 1998.6762755144866 7.88105358981835
400 2003.963503138998 7.891529596925893
401 2013.2471811320547 7.909883141943166
402 2023.7641387310302 7.930622235753816
403 2033.2975948721212 7.949376052664551
404 2038.6004336308845 7.959792757055333
405 2040.328322645909 7.963190554236173
406 2040.885376592024 7.964292231202101
407 2041.4268194038866 7.96536315994888
408 2042.3429294378002 7.967168113976389
409 2045.0855421792137 7.972549955993422
410 2051.8558275576775 7.98580559003164
411 2061.685895249559 8.005008581363583
412 2072.109186043022 8.025319658716974
413 2080.4249737124464 8.041489155191426
414 2084.432088328282 8.049274097367869
415 2085.6448099129866 8.051635353549543
416 2086.2799195303623 8.052876249053204
417 2087.133585027268 8.054540564734614
418 2088.7365849682756 8.057656449400088
419 2093.508645162466 8.06690625049612
420 2102.9484344980447 8.08516311181076
421 2114.3240044808877 8.107107258326598
422 2123.7481826822136 8.125243797774848
423 2128.92613236696 8.135195668308803
424 2130.591576844976 8.138400455210773
425 2131.164241925343 8.139508358943438
426 2131.846184945475 8.140825669821352
427 2132.7466838451373 8.142561799451588
428 2135.395629781037 8.14764832403714
429 2141.57269205792 8.15948463827187
430 2150.7002587084557 8.176938751879042
431 2161.076716099162 8.196734614698093
432 2170.0169491386714 8.213753536189966
433 2174.5704534533324 8.222412805293455
434 2175.767563903785 8.224694723672124
435 2176.449506923917 8.225998392822127
436 2177.162672212553 8.227361098789508
437 2178.000726575206 8.228960509155444
438 2182.039063459547 8.236627438022577
439 2190.589018142753 8.2528258788513
440 2200.325419029122 8.271232191300767
441 2210.342820332029 8.290126802928736
442 2218.0185514971167 8.304577689507957
443 2220.8860533125467 8.309975629670891
444 2221.567996332679 8.31126592203837
445 2222.203105950054 8.312468059660297
446 2222.9787157756987 8.31393384590811
447 2224.503660045446 8.31680603757317
448 2229.837721072713 8.326821638852243
449 2239.464844019317 8.344860314939572
450 2250.262802034831 8.365045419682101
451 2259.390368685367 8.38207150190996
452 2264.8649299209033 8.392270571007767
453 2266.9830972922314 8.396219016940934
454 2267.6962625808674 8.397554100546378
455 2268.4250390037555 8.39891798851443
456 2269.450426977435 8.40083286165482
457 2272.7706516861767 8.407009704398071
458 2280.305882642995 8.42099956222845
459 2290.557450959684 8.439992020058918
460 2301.2773533039376 8.459806110131778
461 2308.7969731265034 8.473680042532058
462 2311.648863807682 8.478941585648037
463 2312.533751573091 8.480579760209345
464 2313.1376389219627 8.481700434185244
465 2313.8039708078422 8.482935877474558
466 2315.282081674833 8.48566470753743
467 2320.0853641375284 8.494505833568622
468 2328.916319237273 8.510728891278214
469 2338.918109405928 8.529064385502066
470 2348.4515655470195 8.546505126218756
471 2354.8003503006753 8.55810304844309
472 2356.96535107476 8.56206041068879
473 2357.7097386319 8.563426557021293
474 2358.204348041007 8.564337200175295
475 2358.9955690009037 8.565788337601829
476 2361.628903802552 8.570595252598688
477 2367.790354945183 8.581819848892849
478 2377.5423669658035 8.59955035508537
479 2388.574491995099 8.619563140468268
480 2397.046391007045 8.634902147172495
481 2400.9286165488643 8.641926951353959
482 2402.094504730812 8.64404173748795
483 2402.729614348188 8.645197601875275
484 2403.3491128313112 8.646325125536341
485 2404.6398900872764 8.648664268173379
486 2408.818727179886 8.656212846872066
487 2417.1657371178144 8.671262185453497
488 2427.776361522303 8.690352703202764
489 2437.8718184964705 8.70847791680138
490 2444.3923257269 8.720167837145267
491 2446.7914935147664 8.724470701531141
492 2447.4578254006465 8.725671771729793
493 2447.968045944004 8.726593411165451
494 2448.9153782464227 8.7282967914902
495 2452.017047075635 8.733851411053895
496 2459.536666898201 8.747290695555465
497 2469.92873542316 8.765826425351188
498 2480.7423045729256 8.78507208461613
499 2488.6209804832906 8.799070184949436
500 2491.644593641242 8.804441755987126
501 2492.4514257353912 8.80588100168768
502 2492.867979473237 8.806628209568432
503 2493.596755896125 8.80792875355804
504 2494.9031442863425 8.810252651875409
505 2499.409815198247 8.818243290598332
506 2508.44371504327 8.834230471966272
507 2518.9762837764974 8.852831929607545
508 2528.3848508435713 8.869416239760113
509 2534.702413328723 8.880537569277958
510 2537.382581533128 8.885256490597488
511 2538.2830804327896 8.886847189817704
512 2538.9338011844175 8.887998897740278
513 2539.818688949827 8.889561691257514
514 2542.124189932181 8.893618188702167
515 2548.301252209063 8.904462972937974
516 2558.3810980489784 8.922125920583717
517 2570.03766844836 8.942506917337731
518 2579.586735723703 8.959170048732316
519 2584.171462306868 8.967163876027548
520 2585.5090729655894 8.96950085967481
521 2586.0817380459566 8.970506118811937
522 2586.91979240861 8.971973051620658
523 2587.9139581137847 8.973711328130909
524 2591.718127984343 8.980335420617227
525 2600.205638130541 8.995086327575885
526 2610.644540058256 9.013193590090717
527 2621.754720758812 9.032424823404238
528 2630.039286159733 9.046740604707905
529 2633.0004547806757 9.051857512338184
530 2633.854120277582 9.053338182685069
531 2634.629730103226 9.054684036526465
532 2635.4209510631226 9.056056601392036
533 2637.7264520454764 9.060038553524878
534 2644.231348141654 9.071248572103915
535 2654.7639168748815 9.089364983262517
536 2666.607820885288 9.10969284900119
537 2675.860276609841 9.125543321530627
538 2680.226447313476 9.133017963423129
539 2681.610891374954 9.135392550813519
540 2682.199167589574 9.136406231578128
541 2682.8030549384453 9.137446471219702
542 2683.8284429121236 9.139206607035078
543 2687.851168662212 9.146083887795633
544 2696.791401701722 9.161339383085757
545 2707.8235267310183 9.180127543501149
546 2718.3717065984974 9.198056005049935
547 2725.860104152559 9.2107650867975
548 2728.7900505049984 9.215738033870085
549 2729.643716001903 9.217192378121977
550 2730.3256590220353 9.218355688322186
551 2731.054435444924 9.21959815298964
552 2732.8603801312097 9.222663945170183
553 2738.5534972462765 9.232303977326994
554 2748.7270098917043 9.24949897703913
555 2760.165024411556 9.268792075549833
556 2769.7921473581596 9.285000894473344
557 2775.375986533461 9.294392728383048
558 2777.35365369652 9.29772218866695
559 2778.144874656417 9.299058880549088
560 2778.7487620052884 9.30008092706212
561 2779.86781678448 9.301967487135425
562 2783.4846530440127 9.30804380187312
563 2791.37894008863 9.321282713252417
564 2802.1612869698915 9.339331625059913
565 2813.661746026752 9.358543694211871
566 2822.0243670989335 9.372491372629842
567 2825.282147270667 9.37792430499967
568 2826.385590915606 9.37976922621757
569 2827.0675339357385 9.380912375574686
570 2827.7650880901224 9.382081361528888
571 2829.555421642156 9.385068108557045
572 2835.4358723682476 9.394852785796253
573 2845.78110749045 9.412035647432587
574 2857.9528453201515 9.432210703130906
575 2868.173191368336 9.449119302337818
576 2873.2886965160747 9.4575751500109
577 2874.7511962488134 9.459997078777544
578 2875.2926390606763 9.460898702362496
579 2875.927748678051 9.46195478072056
580 2876.890692114722 9.46355155340572
581 2880.1953056892116 9.469009451327333
582 2887.6524809747693 9.48130393835196
583 2898.1694385737446 9.498612640719937
584 2909.435730616822 9.517119088605225
585 2918.4227970590887 9.531857468576264
586 2923.116801582018 9.539550236979792
587 2924.6885792545213 9.542130141714381
588 2925.2768554691406 9.543100618372133
589 2926.0368541605335 9.544351876822917
590 2927.1871312082294 9.54624122157426
591 2931.3971905693434 9.553131607871219
592 2940.5091460856265 9.568018284476125
593 2951.978382873982 9.586721229682622
594 2963.369563991077 9.605260897242673
595 2971.138961961677 9.617888000319335
596 2974.0376860456113 9.622599897189327
597 2974.9225738110213 9.624043403779348
598 2975.542072294145 9.625056261593478
599 2976.39573779105 9.626448767080726
600 2977.9831265978055 9.629030698767567
601 2983.566965773107 9.638087298673792
602 2993.8965897610565 9.65481203978565
603 3005.053603864369 9.67284328761003
604 3015.164671972789 9.689155907665095
605 3021.7007903374706 9.69968912381382
606 3023.865791111555 9.70318091077073
607 3024.563345265939 9.704311076180675
608 3025.3545662258357 9.705591771219932
609 3026.395565333766 9.707273996146679
610 3029.934345922039 9.712971308873678
611 3038.234522457211 9.726310525602715
612 3049.3134808892632 9.744084416116083
613 3060.8763844831315 9.762599840315383
614 3069.192172152556 9.77589626840415
615 3072.3562855187774 9.780955633307476
616 3073.350451223952 9.782550161504256
617 3074.0948387810927 9.783745887110937
618 3074.8392263382325 9.784941466599248
619 3075.9895033859284 9.786784365492268
620 3080.6054522375975 9.794152493407772
621 3089.7954634251414 9.808797607964664
622 3100.8588107229416 9.826397496892447
623 3112.20315843728 9.844411536009146
624 3119.9569452736278 9.856707551605265
625 3122.5434466725205 9.860811054475596
626 3123.303445363913 9.86202200303298
627 3123.9385549812887 9.863035131456389
628 3124.745387075438 9.864319925147264
629 3126.9103878495225 9.867753456292403
630 3133.306006005935 9.877874186004494
631 3143.947852678927 9.894686224523358
632 3155.495145138543 9.912895772703186
633 3165.2783794276684 9.928298536069757
634 3170.7061072604492 9.93683713513113
635 3172.3403294699606 9.939411996077787
636 3173.00666135584 9.940466270445361
637 3173.688604375972 9.941544947088158
638 3174.604714409886 9.942991170742603
639 3178.268384072175 9.948749466762408
640 3186.8027276211296 9.962139929313949
641 3197.9909639929465 9.97966475110033
642 3209.413367378546 9.997524510740474
643 3217.604265973953 10.010314142479574
644 3220.783990474427 10.015279421777652
645 3221.746933911097 10.016787989562825
646 3222.4444880654805 10.017882775516366
647 3223.2357090253777 10.019123388314796
648 3225.5724322762358 10.02277135946281
649 3232.108550640917 10.032954331584426
650 3242.7347861796575 10.049482685783971
651 3255.000190814872 10.068525734274056
652 3265.1893145945523 10.084319137812145
653 3270.257986339534 10.092170349159742
654 3271.845375146289 10.09463316267794
655 3272.5897627034296 10.095791925859531
656 3273.287316857814 10.09687814556499
657 3274.3127048314927 10.09847105645484
658 3278.2105415075644 10.104502532751189
659 3286.744885056519 10.117686862776555
660 3297.5116208035283 10.134293454436865
661 3308.6842460410926 10.151497080664488
662 3317.374700932569 10.164860212901033
663 3321.007148326353 10.17044496807823
664 3321.970091763024 10.171930523763665
665 3322.6364236489035 10.17296070111164
666 3323.365200071792 10.174086589593673
667 3324.718421864766 10.176170352335342
668 3329.849538146756 10.184046473925022
669 3339.601550167377 10.198991958711524
670 3351.320565103766 10.216921535269064
671 3362.2278010590453 10.233581423945031
672 3368.6546414839618 10.243388294452508
673 3370.7571977210373 10.246599669126287
674 3371.5484186809344 10.247812593213638
675 3372.230361701066 10.248858922179588
676 3373.0371937952154 10.250095355071315
677 3375.795417670881 10.254302865018587
678 3382.909148002891 10.265134606962265
679 3393.4729390046223 10.281194895106616
680 3405.191953941012 10.298981364928709
681 3414.491243068321 10.313075026887637
682 3418.9042471747125 10.319760412062218
683 3420.288691236191 10.32186198801438
684 3420.9081897193146 10.322806377174146
685 3421.6681884107074 10.323963136163636
686 3422.834076592655 10.325733434665135
687 3427.777859263619 10.333212546288499
688 3438.060649848813 10.348743306722369
689 3450.0450540674883 10.366813530098975
690 3460.5151782637076 10.382575704024676
691 3466.9576298228762 10.392265424595475
692 3469.356797610743 10.395876229021539
693 3470.1480185706396 10.397071738495614
694 3470.7362947852585 10.397962420896928
695 3471.511904610903 10.39913425519877
696 3473.9579058015265 10.402812956917801
697 3480.4315796292 10.41253065551821
698 3490.32409185809 10.427359003032919
699 3501.5591616326633 10.444173236610474
700 3511.4048404587966 10.458886818265116
701 3516.879401694334 10.467062441351525
702 3518.7946243203837 10.469925892730126
703 3519.554623011776 10.47106639915435
704 3520.252177166161 10.47211369359771
705 3521.215120602831 10.473556461069172
706 3525.284679755676 10.479627868622098
707 3534.271746197942 10.493014405753954
708 3545.31948236149 10.509445330618336
709 3556.5857744045675 10.526174747053412
710 3564.6673950602108 10.538160930095822
711 3567.503674607137 10.542369056488125
712 3568.3573401040426 10.543640412570438
713 3569.054894258426 10.544680498987436
714 3569.8148929498193 10.545812920868855
715 3571.776948978625 10.548724304632728
716 3577.4388438251876 10.557107374149632
717 3587.5186896651035 10.572009563732571
718 3599.268926869998 10.58935360301496
719 3609.6766065292086 10.604693090869965
720 3615.6195017923087 10.6134452783333
721 3617.425446478594 10.616108553472289
722 3618.076167230221 10.617072678011064
723 3618.6644434448403 10.61794490573056
724 3619.783498224032 10.619597351262872
725 3624.009168719398 10.62581466875831
726 3633.3552912494642 10.639544114995706
727 3645.1991952598705 10.656915453315953
728 3656.2313202891664 10.673071226315068
729 3663.360661755429 10.683501208337361
730 3666.040829959834 10.68742407939787
731 3666.972551128 10.68879218407814
732 3667.6232718796277 10.68974975317344
733 3668.320826034011 10.690775624883772
734 3670.1111595860443 10.693396849903019
735 3676.241388460171 10.702349755752207
736 3686.5085679111126 10.717322864460186
737 3698.1495271762415 10.734273193371648
738 3708.3542620901744 10.749111145414203
739 3714.0473792052408 10.757383366818047
740 3716.1343243080646 10.760418696039695
741 3716.909934133709 10.761551062246765
742 3717.545043751085 10.762479513633501
743 3718.429931516494 10.76377015444967
744 3721.1100997208996 10.767663781998815
745 3728.1926077844055 10.777934391322134
746 3738.9437323971633 10.793502614816921
747 3750.475413722527 10.81017568773694
748 3759.915203058105 10.823806377149904
749 3764.7028743865476 10.83071654613815
750 3766.1341518507816 10.832786487562474
751 3766.9097616764266 10.833911289851878
752 3767.6541492335664 10.83499099019437
753 3768.679537207246 10.83647540251264
754 3772.468095943552 10.841938987118658
755 3781.0180506267593 10.85425006318976
756 3792.0501756560548 10.870112550343038
757 3803.410134504645 10.886422047464736
758 3811.757144442575 10.89839217655747
759 3815.139813688325 10.903243604291983
760 3816.2744796017696 10.904875166244643
761 3816.9564226219013 10.905858455549994
762 3817.794476984554 10.907065098543066
763 3819.6628662078483 10.9097460496058
764 3825.512094665436 10.918119778669217
765 3835.5763293710993 10.932507589417495
766 3847.6856226637924 10.949792520969767
767 3858.8738590356093 10.965739046020039
768 3864.738698627449 10.974092257444912
769 3866.2480317629443 10.976246176738393
770 3866.914363648824 10.97720087173643
771 3867.6275289374607 10.978222081448969
772 3868.5904723741305 10.979598344255624
773 3871.5048075923173 10.983748286031844
774 3879.0712608176395 10.994504204290726
775 3890.040941309927 11.010076087881304
776 3901.2135665474916 11.025913323577027
777 3910.169410721254 11.038593245678635
778 3914.7073039016627 11.045016007951158
779 3916.1541925001493 11.047067855917607
780 3916.9454134600455 11.048192901082833
781 3917.5961342116734 11.049119322850974
782 3918.621522185352 11.05057497156899
783 3923.487249185055 11.05745362595535
784 3933.176816668668 11.071132074943812
785 3944.7709425310404 11.087475582143568
786 3956.0996791111265 11.10342190916748
787 3963.1977983088846 11.113404155769782
788 3965.518910425491 11.11667111901073
789 3966.4037981909005 11.117920643028894
790 3967.101352345284 11.118907010170801
791 3967.8613510366768 11.119980954887646
792 3970.244907690291 11.12333362512926
793 3976.999581934502 11.132816429002851
794 3987.3916504594604 11.147386242914067
795 3998.9701651875807 11.163596284238547
796 4008.8314551479666 11.177384680390993
797 4013.9625714299564 11.184555772884105
798 4015.6280159079724 11.186887022065598
799 4016.49729253913 11.188106921453477
800 4017.366569170287 11.189326687843671
801 4018.657346426252 11.191134311337192
802 4023.2576841436694 11.197556635572113
803 4032.884807090273 11.21097719547411
804 4044.7911556376885 11.227551262039563
805 4055.698391592967 11.242713660162048
806 4062.5467326426915 11.252225808278581
807 4064.9459004305572 11.255560739224993
808 4065.643454584942 11.256535045497813
809 4066.2473419338135 11.257379376058456
810 4067.0385628937106 11.258483405094815
811 4069.3128416075606 11.261643360384205
812 4075.302570273417 11.269950245950147
813 4084.85163754876 11.283176704353291
814 4096.102318457586 11.29873899047522
815 4106.431942445535 11.313008950832568
816 4112.218726366115 11.320998299443175
817 4113.884170844132 11.323301457777225
818 4114.581724998516 11.324269935842985
819 4115.185612347387 11.325109216507496
820 4116.086111247048 11.32635726247804
821 4119.843447714852 11.331541636440322
822 4128.4246246665625 11.343364321147522
823 4139.597249904126 11.35873686993322
824 4151.0508755582305 11.374474313520299
825 4158.991996005603 11.38537483602532
826 4162.078053700564 11.389612299450903
827 4163.212719614007 11.391174198854499
828 4163.75416242587 11.391922978783393
829 4164.4517165802545 11.392885623522716
830 4166.2264389980355 11.395323959570087
831 4172.231778798144 11.403554837342757
832 4182.733125262868 11.41792858798365
833 4194.311639990988 11.433755078234325
834 4204.469541502164 11.447622564118019
835 4210.474881302274 11.455815865979837
836 4212.57743753935 11.458687454662844
837 4213.32182509649 11.459708290565729
838 4213.956934713866 11.460580182560447
839 4214.951100419041 11.46194105213052
840 4218.677214618338 11.467021621744504
841 4227.149113630284 11.478556147542289
842 4238.415405673361 11.493875102876762
843 4250.071976072743 11.509703032850659
844 4258.200430131143 11.520729453145774
845 4261.348932363112 11.525001733955897
846 4262.37432033679 11.526397284466409
847 4262.978207685662 11.527221848534902
848 4263.800650914062 11.528342315427661
849 4265.512928794835 11.53066746526238
850 4270.846989822102 11.537893574353372
851 4280.255556889176 11.550623333541202
852 4291.584293469263 11.565931121258545
853 4302.366640350525 11.580482135220572
854 4308.809091909694 11.589170327922611
855 4310.98970381803 11.592114000178768
856 4311.765313643676 11.593165130558798
857 4312.494090066563 11.59415310622524
858 4313.347755563469 11.595309141070045
859 4315.99670149937 11.598881611227846
860 4323.032376160119 11.608353837115711
861 4333.596167161852 11.622558185691783
862 4345.362015500997 11.638357689504536
863 4354.911082776341 11.651165937549703
864 4359.44897595675 11.657251197288055
865 4360.817808883975 11.65909078783153
866 4361.37486283009 11.65984326394691
867 4362.072416984474 11.660783790806924
868 4363.4100276431955 11.662581031149118
869 4367.69814267557 11.66832616273946
870 4377.325265622173 11.681205867146835
871 4389.200391901085 11.697071998791015
872 4399.920294245339 11.711376839093923
873 4407.19013591987 11.721070039422353
874 4409.932748661284 11.724728905756963
875 4410.7864141581895 11.725872067351029
876 4411.4527460440695 11.726765734249573
877 4412.2127447354615 11.727784015840694
878 4415.251969027665 11.731835485214466
879 4423.552145562839 11.74288161592308
880 4435.708272258288 11.759037586055861
881 4447.848787819485 11.775150692876052
882 4455.680630327094 11.785535888648765
883 4458.51690987402 11.78929877970816
884 4459.62035351896 11.790766395108626
885 4460.395963344605 11.791799817470052
886 4461.155962035998 11.79281248352255
887 4462.7901842455085 11.79498218943883
888 4467.968133930254 11.801839968308796
889 4477.345478728824 11.814244075173066
890 4488.440048295129 11.828901688269005
891 4499.050672699617 11.842903249115952
892 4506.0551250918625 11.852139330697652
893 4508.423070611225 11.855264391742267
894 4509.089402497104 11.856148305592296
895 4509.896234591253 11.857217136643547
896 4510.874789162176 11.858511937511627
897 4513.898402320127 11.862498214415435
898 4521.027743786391 11.871883277456893
899 4531.388590042844 11.885506136902377
900 4543.216882918999 11.90103847231423
901 4552.578616583317 11.913318837950621
902 4556.773064810178 11.918820427226365
903 4558.1106754689 11.92057876399641
904 4558.698951683519 11.921355620884846
905 4559.287227898138 11.922132427152585
906 4560.437504945835 11.923645009913438
907 4564.553897501436 11.929039688470592
908 4573.16629672165 11.940311594889767
909 4583.776921126139 11.95418266550444
910 4594.887101826695 11.968689264002283
911 4603.140444959112 11.979455966220444
912 4606.304558325332 11.983585043581309
913 4607.189446090742 11.98474418388588
914 4607.793333439613 11.985537215292947
915 4608.58455439951 11.986574177197639
916 4610.936888784619 11.989643871870339
917 4617.238840135519 11.997852968114318
918 4627.677742063233 12.01143440628135
919 4639.36553473112 12.02662173473213
920 4648.7897129324465 12.03885497153272
921 4653.514939723879 12.044987163889248
922 4654.821328114097 12.046686624976179
923 4655.472048865725 12.047536265620515
924 4656.075936214596 12.048325163997994
925 4657.038879651267 12.049579203814316
926 4660.421548897018 12.053967315762863
927 4668.846614506207 12.064880113914457
928 4679.800683864242 12.079052012094014
929 4690.473752805739 12.092844553212505
930 4698.883207280676 12.103702164494353
931 4702.531265808713 12.108412827563317
932 4703.5566537823925 12.109741144812636
933 4704.222985668272 12.110606485244864
934 4704.998595493917 12.111612617307358
935 4706.820151314454 12.113966639778901
936 4712.107378938966 12.120784687603551
937 4721.687668482812 12.133123846263349
938 4733.68768383574 12.148560261331454
939 4744.766642267792 12.16279495392189
940 4751.115427021449 12.17094733397673
941 4753.311650064037 12.173770349608176
942 4754.102871023934 12.174791279167305
943 4754.800425178319 12.175692028276082
944 4755.8882576890055 12.177093061120747
945 4759.036759920975 12.181135138167578
946 4766.337823864011 12.190494800709697
947 4776.901614865742 12.204021610036673
948 4788.7299077418975 12.21914907214907
949 4798.263363882988 12.231329225715626
950 4802.691979123632 12.236986577381858
951 4803.982756379598 12.238639464504281
952 4804.602254862722 12.239435956903106
953 4805.331031285609 12.240371769244618
954 4806.777919884095 12.242223272211275
955 4812.143203179868 12.249069410178324
956 4822.26988242254 12.261975116871287
957 4833.832786016408 12.27669370394571
958 4844.521466092157 12.290284276322273
959 4851.307362604873 12.298906989192561
960 4853.644085855731 12.30187893708116
961 4854.404084547124 12.302849617825931
962 4855.070416433003 12.30370137661535
963 4855.814803990143 12.304652107481127
964 4858.494972194549 12.308058290018261
965 4865.733591600576 12.317242363541256
966 4876.718883227117 12.331163757732272
967 4888.8750099225645 12.346549960401896
968 4898.408466063655 12.358604553311986
969 4902.946359244064 12.36434164351257
970 4904.471303513812 12.366273122892613
971 4905.2937467422125 12.367317572793052
972 4906.0693565678575 12.368302822035838
973 4907.204022481301 12.369741145004808
974 4911.648248856197 12.375354915178335
975 4920.869482312245 12.386987993720135
976 4932.666552919896 12.401852979118711
977 4944.4480123932935 12.416680541101117
978 4952.389132840668 12.426666886483469
979 4955.178578984837 12.430176877146568
980 4955.93857767623 12.43113753979851
981 4956.698576367622 12.432098128217389
982 4957.536630730276 12.433156649901552
983 4959.8421317126285 12.436057321544158
984 4966.487528017075 12.444402778177013
985 4977.176208092825 12.457810393396343
986 4989.176223445753 12.47284498229058
987 4999.349736091181 12.485577942119116
988 5004.964797534986 12.492602849599873
989 5006.89563129529 12.495021625470086
990 5007.671241120935 12.495996805866627
991 5008.556128886344 12.49710841869709
992 5010.018628619082 12.49894138881552
993 5015.149744901072 12.505354668475482
994 5025.338868680752 12.518074029013686
995 5037.448161973445 12.533172441783494
996 5048.714454016523 12.547203875913178
997 5055.984295691055 12.556251849397947
998 5058.602019358451 12.559512181201777
999 5059.564962795122 12.560715185104822
1000 5060.3249614865135 12.561665864747456
1001 5061.03812677515 12.562558274042917
1002 5063.718294979556 12.565894547268478
1003 5070.551024895027 12.574386408654007
1004 5081.05237135975 12.587423241718438
1005 5093.442665068983 12.602786652015611
1006 5103.912789265201 12.615755501680555
1007 5109.309294829477 12.622437659855118
1008 5111.193295187023 12.624773649257525
1009 5111.984516146919 12.625758110358216
1010 5112.635236898547 12.62656878539605
1011 5113.676236006479 12.6278618973693
1012 5118.3234071266525 12.63361174710398
1013 5128.231530489794 12.645855222863105
1014 5140.293990379731 12.660743506293482
1015 5151.934949644859 12.675095176802762
1016 5159.8136255552245 12.684801233317497
1017 5162.774794176168 12.688451094738694
1018 5163.768959881342 12.689680285381238
1019 5164.528958572735 12.69062130399579
1020 5165.335790666884 12.691619859684822
1021 5167.453958038212 12.694231095508846
1022 5173.802742791869 12.702042395672876
