1 14.627859237536658 0.5289439891088874
2 19.64143364325203 0.5289439891088874
3 24.936749595222963 0.6829676233831697
4 30.020759387502224 0.8035335027516154
5 34.3123710809377 0.8927379079531843
6 38.8505066273468 0.9782524500299933
7 44.70930567182887 1.0786498327476515
8 50.48006048310608 1.169141716210287
9 55.687332201872145 1.2451725457775378
10 60.36633852140904 1.3097376440079809
11 64.58751482828063 1.36537431004971
12 69.49543615415016 1.4273285859947737
13 74.36813978673774 1.4862861407992267
14 79.2584522659663 1.5431935183981065
15 84.95877169067963 1.6069762145975663
16 90.64148226875193 1.668136304496329
17 95.54940359462147 1.719214534673549
18 100.21080106751738 1.7663625054462064
19 105.4532904795654 1.8179216437298056
20 110.43164719199883 1.8655668201475928
21 114.82891196528013 1.9066660170172047
22 119.7720509844316 1.9518287507418453
23 124.83845193006991 1.997056995860921
24 130.34507404173252 2.0450773558017032
25 136.0806111597278 2.093921678618707
26 140.95331479231535 2.134546227216314
27 145.3505795655967 2.1705583005614137
28 150.45219820451692 2.2115977922196266
29 155.55381684343715 2.2518894850692392
30 160.60260894243447 2.2910668437433093
31 166.51423452683946 2.336098310661803
32 171.93281240529717 2.3766277261642212
33 176.75268949796188 2.412110801730796
34 181.27321619773 2.4449243874932796
35 186.21635521688148 2.4803055118943735
36 191.56449770877535 2.5180228140723817
37 196.20828633503024 2.550324809439448
38 201.09859881425885 2.5839033218246423
39 207.11587747850965 2.6246228812676557
40 212.35836689055768 2.6595954337020533
41 216.80845820376197 2.6889299060893377
42 221.5050733699398 2.7195444857907964
43 226.23690622939964 2.7500437571880085
44 231.72591949442125 2.78500004847119
45 237.09167083295608 2.8187530705615136
46 241.98198331218464 2.849169811663397
47 246.74903386492642 2.878511309317326
48 251.97391443033342 2.9103281287515976
49 257.3748834621502 2.942854686480172
50 261.9834543951232 2.970331826795042
51 267.26116150045317 3.00148530719155
52 272.78539245875675 3.0337499796032374
53 277.3235280051658 3.060005853333568
54 282.07296971126664 3.0872438228376717
55 286.87523795729027 3.114542253645498
56 291.88881236300574 3.1427876468761933
57 297.1489106216947 3.1721502074165295
58 301.98639656100033 3.1989179815097866
59 306.80627365366496 3.225367486578935
60 312.1896338388408 3.2546519275117576
61 317.2384259378381 3.2818805887464166
62 321.88221456409303 3.306729190641998
63 327.12470397614106 3.3345555239550237
64 332.0854518419335 3.3606756548457986
65 337.0990262476488 3.3868689966822836
66 342.14781834664615 3.413043016169322
67 347.2846546788483 3.4394686180508987
68 352.63279717074215 3.4667661926372166
69 356.87158232425475 3.4882549057923704
70 361.30406479081796 3.510583756829808
71 367.03960190881327 3.5392605044972023
72 372.24687362757936 3.565098488803468
73 377.084359566885 3.588936687778525
74 382.04510743267747 3.6132183526071264
75 386.74172259885523 3.63605899758935
76 391.84334123777546 3.6607057369263027
77 396.69843602372214 3.6840094936548557
78 401.342224649977 3.706162933654222
79 406.81362906835767 3.7320916590255675
80 412.17938040689256 3.7573463713349136
81 417.104910579403 3.780382491626716
82 422.25935575824616 3.8043387954140786
83 427.625107096781 3.829117035702627
84 432.77955227562416 3.8527703228200494
85 437.0535551224187 3.8722776113929647
86 441.4684287423409 3.8923244703734436
87 446.49961199469726 3.9150415922749
88 452.16471372612864 3.9404614834278835
89 458.0763393105336 3.9668129193290267
90 462.8609987099163 3.988017505238592
91 467.064566170147 4.006556849658012
92 472.20140250234914 4.02909165121325
93 477.3206299879104 4.051424580965446
94 482.0700716940112 4.072036313009096
95 487.17169033293135 4.094059256151452
96 492.7135301378759 4.117847280472567
97 498.09689032305164 4.140824793573233
98 502.5469816362559 4.159726690536724
99 507.56055604197127 4.180916990754305
100 512.8558719939423 4.203180928124945
101 517.3411810004285 4.221950540847935
102 522.0025784733243 4.241368205400184
103 528.0550748308572 4.266442714022654
104 533.5793057891608 4.289202527451097
105 538.029397102365 4.307453364853262
106 542.6027503420561 4.326128946298161
107 547.0352328086193 4.34415327606331
108 552.2425045273853 4.365229662011677
109 557.5378204793562 4.386558221781835
110 562.5161771917896 4.40651716106679
111 567.7586666038376 4.427436740696722
112 573.1948533289363 4.449024642270128
113 578.4373427409843 4.46974528017223
114 582.9050429008295 4.487330964111604
115 588.0066615397499 4.507325220115524
116 593.5837190379762 4.529080034424816
117 598.2098988175902 4.5470499839696945
118 603.0826024501778 4.565900037961062
119 607.8496530029196 4.584266778758249
120 612.9688804884807 4.603907416554036
121 618.5635468333483 4.62527501468803
122 623.2953796928081 4.643273351607782
123 628.0448213989088 4.661268713232979
124 633.4810081240074 4.681778528681196
125 638.6354533028507 4.701143699028471
126 643.4377215488743 4.719115500494654
127 648.9443436605369 4.739636679483434
128 654.1163976860212 4.758831567071861
129 659.0243190118906 4.776975797469959
130 663.8970226444784 4.794922039986445
131 669.280382829654 4.814669367186417
132 674.8926580211624 4.835169771536402
133 679.4307935675715 4.851686676123309
134 684.3034972001593 4.869357576026478
135 690.1094697047184 4.890326203846034
136 695.2463060369207 4.90880557003004
137 700.0837919762263 4.926145698045468
138 704.8860602222502 4.943299552572723
139 709.4065869220182 4.959393834653453
140 714.7195117206302 4.978239686991173
141 719.7154772797046 4.995897415058514
142 724.3240482126777 5.012132124886733
143 729.7602349377765 5.0312118432816195
144 735.0203331964655 5.049605465482662
145 740.0162987555399 5.067014501428503
146 745.188352781024 5.084973745059223
147 750.589321812841 5.103659655254958
148 755.9022466114529 5.121974721785772
149 760.1410317649654 5.136543536658151
150 764.5030788449649 5.151492498109376
151 769.2877382443477 5.167838411097135
152 774.8119692026511 5.186644265097313
153 780.9701186400298 5.207526165914538
154 785.8076045793356 5.223874814991118
155 790.2576958925398 5.238870512962816
156 795.4825764579468 5.256419571412303
157 800.2848447039705 5.272499003207125
158 805.0166775634304 5.288295017779713
159 810.8578677612715 5.307725657738024
160 816.452534106139 5.326270469954247
161 821.2019758122398 5.341965529495702
162 825.8809821317768 5.357383106115686
163 831.017818463979 5.374256738380529
164 836.2250901827451 5.391307615616411
165 840.5167018761806 5.405322625751015
166 845.1076639625126 5.420273978410045
167 851.2482045532503 5.440202192390162
168 856.7548266649128 5.458012883878396
169 861.6451391441415 5.473783370163329
170 866.6058870099339 5.489734483398163
171 870.8622810100875 5.503386166220135
172 875.8230288758799 5.519251725485749
173 880.7661678950316 5.535015788690366
174 885.6036538343371 5.550399904066873
175 891.004622866154 5.567523954488305
176 896.5992892110215 5.585206213301097
177 902.1059113226842 5.602555951670008
178 906.7849176422211 5.617258336498909
179 911.6752301214498 5.632582974254402
180 916.7064133738061 5.648305219128569
181 921.3149843067791 5.662669803543934
182 926.2933410192127 5.678144922566051
183 931.2716977316461 5.693577980440501
184 936.7959286899497 5.710652774316858
185 942.3201596482533 5.727676666700795
186 946.7174244215347 5.741194626406718
187 951.1851245813799 5.754896354421531
188 956.4628316867099 5.771037596320908
189 961.4764060924253 5.786330070240017
190 966.3843274182949 5.801261549664689
191 971.609207983702 5.817114235319175
192 976.957350475596 5.833295936827512
193 982.3407106607718 5.849538890577944
194 986.9844992870268 5.863516263628609
195 992.1565533125108 5.879042864624487
196 997.7688285040192 5.895843502701563
197 1002.3421817437103 5.909501483032337
198 1007.0740146031702 5.923599094656475
199 1012.9856401875752 5.941161020271375
200 1018.1400853664184 5.95643317397978
201 1022.6606120661864 5.969796721565973
202 1027.1635299193135 5.983078596725333
203 1031.7544920056457 5.996589598027032
204 1037.6308998967688 6.0138352617795325
205 1042.7325185356888 6.0287690297636685
206 1047.4819602417897 6.042639705745431
207 1053.147061973221 6.059140256388487
208 1058.2486806121415 6.073962636121679
209 1062.9981223182422 6.087730340957612
210 1067.8532171041888 6.1017718870169055
211 1073.2189684427237 6.117251324247295
212 1078.42624016149 6.132236629499897
213 1082.6826341616434 6.144460975261582
214 1087.2559874013346 6.157567526720732
215 1092.1462998805632 6.171550663246616
216 1097.6000954523029 6.187106101129625
217 1103.2651971837345 6.203222383549676
218 1108.137900816322 6.217052962594555
219 1112.8521248291408 6.230404950964207
220 1118.2530938609577 6.245664875874692
221 1123.407539039801 6.260194216558275
222 1128.0865453593378 6.273355534034646
223 1132.8888136053615 6.286834552021943
224 1138.2017384039734 6.301711819690918
225 1143.7611870555593 6.317241251828856
226 1148.6691083814287 6.330920700787709
227 1153.9644243333996 6.345645747332384
228 1159.4006110584985 6.360726697893347
229 1163.7274404452157 6.372707375477525
230 1168.0542698319332 6.384665571636316
231 1173.9482865696973 6.400914181056878
232 1179.3668644481552 6.415816891476146
233 1184.4156565471524 6.42967241890947
234 1189.4468397995086 6.443450030927503
235 1193.8088868795082 6.455373246772968
236 1198.8752878251466 6.469191984138881
237 1203.6247295312473 6.482120295617817
238 1208.3213446974253 6.494879652248679
239 1213.3525279497817 6.5085192312666935
240 1219.0880650677768 6.524031666749089
241 1224.8940375723362 6.539696962823401
242 1229.3265200388994 6.551634329806141
243 1234.2696590580506 6.564919844390225
244 1239.494539623458 6.578932665896772
245 1243.9798486299442 6.590940105722136
246 1248.6236372561991 6.60334833388864
247 1253.3906878089408 6.616061363140732
248 1258.8092656873987 6.630480525010173
249 1264.6680647318808 6.64603487789795
250 1269.4527241312635 6.658712974995226
251 1273.8323800579042 6.670297900425616
252 1279.074869469952 6.684136195688824
253 1284.0356173357445 6.6972051631446785
254 1288.7146236552815 6.709509298348515
255 1294.7319023195323 6.72529582375099
256 1300.5026571308094 6.7404013832901
257 1305.1992722969871 6.752672728497407
258 1309.6493636101914 6.764280090821596
259 1314.7685910957525 6.777606269802056
260 1320.1343424342872 6.791545505352635
261 1324.6724779806962 6.803314430111887
262 1329.5803993065658 6.816018421396963
263 1335.7033310506627 6.831831150644778
264 1341.1219089291205 6.845795856043032
265 1345.6072179356065 6.857336024829821
266 1349.846003089119 6.868224793263616
267 1354.3841386355282 6.879862549098935
268 1360.0668492136003 6.894404605953327
269 1365.009988232752 6.907030841277941
270 1369.618559165725 6.9187825878472236
271 1375.2484432038746 6.933108844170422
272 1380.6846299289732 6.946914597126537
273 1385.5397247149194 6.9592227925784735
274 1390.2187310344564 6.9710644742476155
275 1395.4436115998637 6.984262478118375
276 1401.0030602514491 6.998277469394038
277 1405.646848877704 7.009964713183767
278 1410.4315082770868 7.021985770792713
279 1415.3218207563154 7.034250770914371
280 1420.6699632482096 7.047638424888496
281 1426.3702826729225 7.061878906284162
282 1430.820373986127 7.072978853065657
283 1435.5169891523049 7.0846741651432
284 1441.2877439635818 7.099015066693696
285 1446.3893626025022 7.111670434965246
286 1451.050760075398 7.1232151631108405
287 1456.7862971933932 7.137391741031782
288 1462.2224839184921 7.150803104519403
289 1466.8134460048238 7.16211158473376
290 1471.7213673306935 7.17418024850447
291 1477.192771749074 7.187609247768509
292 1482.6113496275316 7.2008840242225105
293 1487.0966586340178 7.2118560152789986
294 1491.6524030270677 7.222983054927443
295 1497.6696816913186 7.23764969476323
296 1502.8945622567257 7.250362443577654
297 1507.7320481960312 7.262113664578326
298 1512.6047518286189 7.273931157028452
299 1517.054843141823 7.284708000056151
300 1522.6319006400495 7.298188539933599
301 1527.539821965919 7.310032547825777
302 1532.2188282854556 7.321306842200079
303 1537.3908823109398 7.333747739587214
304 1542.6861982629107 7.346463022358162
305 1548.0343407548048 7.359282736702755
306 1552.907044387392 7.370944444144537
307 1558.1671426460812 7.3835116810173975
308 1563.585720524539 7.396434869274246
309 1567.9125499112565 7.406740439868837
310 1572.239379297974 7.417031691435654
311 1576.9007767708697 7.428101843416948
312 1582.5306608090189 7.441447624178407
313 1588.7592456329614 7.456183564750024
314 1593.4734696457801 7.467320246550427
315 1597.6418194127289 7.477154909862034
316 1602.5673495852395 7.488757278406617
317 1607.49287975775 7.500341699129597
318 1612.2247126172097 7.511454190764654
319 1618.0835116616918 7.525187815971952
320 1623.5901337733544 7.53807378659486
321 1628.4804462525826 7.549500391088316
322 1633.2122791120428 7.560540629564545
323 1637.9969385114255 7.571687625386431
324 1643.1866013835504 7.5837586769124545
325 1647.6895192366771 7.594218344728962
326 1652.1220017032404 7.60450052885465
327 1658.2097157540552 7.618595523948502
328 1663.9100351787686 7.63177070387892
329 1668.5538238050233 7.6424892422585655
330 1673.1447858913552 7.65307122210496
331 1677.506832971355 7.663112591154046
332 1682.8021489233254 7.675282249903186
333 1687.727679095836 7.6865855647675625
334 1692.52994734186 7.697590315974661
335 1698.3887463863416 7.7109924314762335
336 1703.9658038845685 7.723728995544819
337 1708.856116363797 7.73488133971775
338 1713.3766430635646 7.745176956031854
339 1718.4606528558443 7.75673819306166
340 1723.914448427584 7.7691203950844505
341 1728.4701928206339 7.779450413748407
342 1733.1315902935298 7.790005559971294
343 1738.0571204660405 7.801142650483828
344 1743.598960270985 7.81365290281145
345 1749.369715082262 7.826658199800882
346 1753.8550240887482 7.8367541132361245
347 1758.2346800153882 7.846599940635173
348 1763.9526082867428 7.859432364388177
349 1769.0366180790218 7.870825776616261
350 1773.5571447787902 7.880943797958462
351 1778.6939811109924 7.892424018697599
352 1784.059732449527 7.904397541478426
353 1789.5135280212667 7.916548794225037
354 1794.2453608807266 7.927077851743319
355 1799.681547605825 7.939155335566569
356 1805.2762139506926 7.951565437292911
357 1809.6030433374096 7.961152433644494
358 1814.2996585035878 7.97154478392094
359 1820.3169371678387 7.9848365753091315
360 1825.4537735000408 7.996167636982685
361 1829.7453851934763 8.005623758395194
362 1834.4596092062952 8.015997135370943
363 1839.1562243724732 8.026318473908736
364 1844.7684995639815 8.03863258576139
365 1850.0462066693115 8.050196068225917
366 1854.6899952955666 8.060358210298931
367 1859.5450900815129 8.07096858718378
368 1864.7875794935612 8.082409080057902
369 1870.3118104518646 8.094446332323065
370 1875.32538485758 8.10535638762866
371 1880.7087450427557 8.117054017083303
372 1886.2329760010593 8.129039968268337
373 1890.7182850075458 8.138760793911873
374 1895.1331586274678 8.148317810658202
375 1899.9002091802097 8.158623773999107
376 1905.336395905308 8.170358992132417
377 1911.3184568762767 8.183252083782845
378 1916.1735516622232 8.193703321680022
379 1920.6060341287864 8.203234127442846
380 1926.059829700526 8.214943363606269
381 1931.2847102659332 8.2261459339349
382 1935.8580635056246 8.23594038929416
383 1940.5194609785199 8.24591122802206
384 1946.0613007834647 8.257747696123696
385 1951.9377086745878 8.270279606004449
386 1956.8808476937393 8.280808229470559
387 1962.1585547990692 8.292033997836873
388 1967.5419149842448 8.303468646719757
389 1971.6574382112706 8.312202176301408
390 1976.0194852912698 8.321448219739302
391 1982.248070115212 8.33462843092962
392 1988.0012160798483 8.346784879796344
393 1992.997181638923 8.357328426611653
394 1997.6233614185367 8.367080496131523
395 2001.7917111854854 8.375858756585892
396 2007.0694182908155 8.386957302758356
397 2012.0653838498897 8.397450410627389
398 2016.585910549658 8.406934645855117
399 2022.427100747499 8.41917083817735
400 2028.4443794117494 8.431757022990713
401 2033.405127277542 8.442120989981573
402 2037.7495655109005 8.451188207620275
403 2042.6927045300515 8.461491729736206
404 2047.9351939420999 8.472404906193358
405 2052.209196788894 8.481293511828344
406 2056.5888527155344 8.490391936232047
407 2061.303076728353 8.500173736114323
408 2067.1266580795536 8.512239474069354
409 2073.196763283727 8.524797369153237
410 2077.6468545969315 8.53399474771427
411 2081.8504220571617 8.54267408493774
412 2087.0048672360053 8.553302427060654
413 2091.9303974085155 8.563446878306413
414 2096.6974479612572 8.57325382685883
415 2102.5914646990213 8.585361324450274
416 2108.168522197248 8.596802567798248
417 2113.146878909681 8.607003825222623
418 2117.702623302731 8.616329373581884
419 2122.733806555087 8.6266153710841
420 2128.205210973468 8.637786592709976
421 2132.6200845933904 8.646792070136351
422 2137.316699759568 8.656361318389292
423 2143.4748491969467 8.668889277786638
424 2148.928644768687 8.67997037023398
425 2153.5196068550185 8.689288977857338
426 2157.9696981682227 8.698312428833873
427 2162.1908744750945 8.706863581107607
428 2167.591843506911 8.717789703173247
429 2172.939985998805 8.728595578247905
430 2177.8479073246745 8.738501053067568
431 2182.967134810235 8.748820620851573
432 2188.5089746151803 8.759977584917308
433 2193.927552493638 8.770872893842963
434 2198.465688040047 8.779989077649375
435 2203.5673066789673 8.790224665050205
436 2209.1267553305534 8.801364373631682
437 2213.8233704967306 8.810765744687943
438 2218.4319414297033 8.81998131876138
439 2223.4279069887775 8.82995985630479
440 2228.9169202537996 8.840909210453972
441 2234.4587600587442 8.851950107174455
442 2238.961677911871 8.860912893019478
443 2243.411769225075 8.86976174801621
444 2249.182524036352 8.881220656951847
445 2254.3017515219135 8.891374582079136
446 2258.769451681759 8.90022798981553
447 2263.959114553884 8.910499449745267
448 2269.377692432341 8.921210931011904
449 2274.937141083927 8.932187282574313
450 2279.7218004833094 8.9416244908918
451 2284.8938545087935 8.951813814326732
452 2290.541347393584 8.962925663897206
453 2295.0090475534294 8.971708464300432
454 2299.5824007931205 8.980689836421988
455 2305.511635224166 8.992317727680124
456 2310.8069511761373 9.00269077257047
457 2315.468348649033 9.011813304265623
458 2320.164963815211 9.020995355351447
459 2324.826361288107 9.030099395116634
460 2330.4562453262565 9.041080733679022
461 2335.5402551185357 9.050986805224976
462 2340.1312172048674 9.059923810989243
463 2345.81392778294 9.070971592780246
464 2351.267723354679 9.08156208780416
465 2356.263688913754 9.091253519471131
466 2361.330089859392 9.10107091104068
467 2366.6254058113627 9.111320143577771
468 2372.02637484318 9.121761817077969
469 2376.370813076538 9.130154103772513
470 2380.7504690031788 9.13860654343356
471 2385.746434562253 9.148237543720706
472 2391.499580526889 9.159314215828475
473 2397.7281653508317 9.171290395148086
474 2402.301518590523 9.180076507401704
475 2406.469868357471 9.18807806689085
476 2412.1701877821847 9.199005646391194
477 2417.166153341259 9.208573477091415
478 2421.704288887668 9.217256770139612
479 2426.8587340665113 9.227108119772918
480 2432.66470657107 9.238190917641615
481 2438.4354613823475 9.249193387625356
482 2443.0264234686797 9.257939059761942
483 2448.30413057401 9.267981361778897
484 2453.564228832698 9.277979374159878
485 2457.9967112992613 9.286397433519033
486 2462.834197238567 9.295575109011965
487 2469.0803909091505 9.307409272085373
488 2474.7102749472997 9.318063806677703
489 2479.2308016470683 9.326611916770739
490 2483.8217637334 9.335285060383706
491 2488.1309842734763 9.343419191272305
492 2493.443909072089 9.353436018799234
493 2498.439874631163 9.362846039448968
494 2503.1188809507 9.371651081095512
495 2508.57267652244 9.381902168719007
496 2514.2553871005116 9.392571238990456
497 2519.6035295924057 9.402601658018174
498 2524.264927065302 9.411336558841127
499 2529.33132801094 9.420820399321606
500 2534.8379501226023 9.431116675281348
501 2539.3584768223704 9.439562409534826
502 2544.160745068394 9.448525679257942
503 2549.2975814005963 9.45810336462504
504 2554.768985818977 9.468293601093455
505 2560.592567170177 9.47912712417573
506 2564.9193965568943 9.487170611117756
507 2569.2286170969705 9.495174628708462
508 2575.0169807548887 9.505912279393574
509 2580.5588205598333 9.516181655261814
510 2585.3434799592164 9.525040271887317
511 2590.374663211572 9.534345969580173
512 2595.6875880101843 9.544162416974315
513 2600.8068154957455 9.553611769533013
514 2605.450604122 9.562176299588556
515 2610.8163554605353 9.57206138651589
516 2616.4638483453255 9.582454021669227
517 2621.072419278299 9.590928137200173
518 2625.663381364631 9.599362470784776
519 2631.768704262086 9.610564471072902
520 2637.1168467539796 9.620367607971337
521 2641.7958530735173 9.628937165641783
522 2646.5805124729 9.637692142054101
523 2651.030603786104 9.645828424448787
524 2656.8013585973813 9.656366443171093
525 2661.938194929583 9.665738183353383
526 2666.388286242787 9.673850877392535
527 2672.211867593988 9.684454456385506
528 2677.929795865342 9.69485454144731
529 2682.7320641113656 9.703581998824731
530 2687.4462881241843 9.712141984197354
531 2693.0761721623335 9.7223529903221
532 2698.7060562004826 9.732553283473012
533 2702.944841353996 9.740228327355242
534 2707.2716707407126 9.74805637228191
535 2712.1972009132237 9.756958699615373
536 2717.8094761047314 9.76709110586444
537 2723.6330574559315 9.777593568462182
538 2728.5233699351606 9.786405659532363
539 2733.1847674080554 9.794798293856822
540 2738.8146514462055 9.804923220737463
541 2743.8282258519207 9.813931939246935
542 2748.2078817785614 9.82179595110913
543 2754.049071976402 9.832271516183862
544 2759.573302934705 9.842168869584409
545 2764.6925304202664 9.851332379875888
546 2769.582842899495 9.860078569752131
547 2774.57880845857 9.869005522459677
548 2779.8565155639 9.878426640429879
549 2784.1129095640536 9.886019800035148
550 2788.598218570539 9.894014551308276
551 2794.7915857012 9.9050398415876
552 2800.6151670524005 9.915396188918248
553 2805.382217605142 9.923867206154473
554 2809.920353151551 9.93192515120212
555 2814.3352267714736 9.939758200884665
556 2819.771413496572 9.949392808946161
557 2824.908249828775 9.95848879153079
558 2829.780953461362 9.967109842425655
559 2834.7769190204363 9.975941018852945
560 2840.3539765186633 9.985789129055789
561 2845.966251710171 9.995689577724237
562 2850.4867784099397 10.003658674452959
563 2855.641223588783 10.012736327410844
564 2861.0069749273166 10.022177027226581
565 2865.3514131606753 10.029815934313087
566 2869.977592940289 10.037943279113206
567 2875.008776192645 10.046773918092738
568 2880.6562690774354 10.056675994156555
569 2886.620721201764 10.0671227525496
570 2891.1764655948136 10.075096899859325
571 2895.3624242084034 10.082418934266073
572 2900.9042640133475 10.092101693822896
573 2906.111535732114 10.101191955142616
574 2910.808150898292 10.109384604661724
575 2916.7549941759785 10.119746311319696
576 2921.962265894745 10.128811762573314
577 2926.623663367641 10.136920913475498
578 2931.496367000228 10.145390342711854
579 2936.8092917988406 10.154616111893459
580 2942.2806962172212 10.164108069107787
581 2946.413828290888 10.171274572840606
582 2951.0928346104247 10.179380357540792
583 2957.250984047804 10.190036040147504
584 2962.6695619262614 10.199403832146302
585 2967.2781328592346 10.207365771183763
586 2971.622571092593 10.21486619089386
587 2975.9317916326695 10.222300441832006
588 2981.3327606644866 10.231608388313852
589 2986.4519881500473 10.240423419624262
590 2991.271865242712 10.248716553024723
591 2997.236317367039 10.258967757415952
592 3002.549242165652 10.268091479025465
593 3007.1754219452655 10.276030372674494
594 3011.6959486450332 10.283782230330516
595 3016.7623495906714 10.292462199753578
596 3022.5154955553076 10.302308716073929
597 3026.9655868685118 10.309920516191461
598 3031.4508958749984 10.317586806273962
599 3036.482079127354 10.326178305238244
600 3041.9358746990947 10.335482703250422
601 3047.530541043962 10.345018519581528
602 3052.209547363499 10.352988273820182
603 3056.7829006031902 10.360772334506313
604 3062.2366961749294 10.370045693490798
605 3067.461576740337 10.37892239802486
606 3072.3694980662062 10.387254210332788
607 3077.7000317114594 10.396295174097913
608 3083.012956510072 10.4052984830281
609 3088.2906636154007 10.414234461011624
610 3093.0048876282203 10.422210788609853
611 3098.282594733549 10.431132278436065
612 3103.877261078417 10.440580734400116
613 3108.397787778185 10.448210507654405
614 3112.9359233245937 10.455864368666655
615 3118.6890692892302 10.465557149234316
616 3123.9843852412014 10.474471321974427
617 3128.592956174174 10.482224331238003
618 3133.2719624937113 10.49008984507623
619 3137.722053806915 10.49756548570497
620 3142.9293255256816 10.506304937647641
621 3148.0661618578833 10.514919171690003
622 3152.7979947173435 10.522848646798431
623 3157.7235248898537 10.531096033758395
624 3163.018840841825 10.53995477709544
625 3168.648724879974 10.549364551973412
626 3173.468601972639 10.55741500659546
627 3178.517394071636 10.565840839754381
628 3184.059233876581 10.575080977630266
629 3188.474107496503 10.582437978387127
630 3192.941807656349 10.589877708371473
631 3197.744075902372 10.597868130258883
632 3203.2330891673937 10.606992670398744
633 3209.056670518594 10.616664298623625
634 3213.6652414515665 10.624313544187345
635 3218.168159304694 10.631782300394212
636 3223.709999109639 10.640965177811248
637 3228.7587912086365 10.649324905595007
638 3233.38497098825 10.656979804026063
639 3239.3318142659373 10.666809591621877
640 3244.750392144395 10.675759031357542
641 3249.6759223169056 10.68388838038035
642 3254.5134082562113 10.691866546045185
643 3259.4741561220035 10.700041614553395
644 3264.892734000461 10.708963282450362
645 3269.2195633871793 10.716083694757264
646 3273.634437007101 10.723343957740758
647 3280.056719144094 10.733892947874677
648 3286.0035624217817 10.743652364858555
649 3290.6297422013954 10.751240102212586
650 3295.1502689011636 10.75864956563588
651 3299.2834009748294 10.765420292388447
652 3304.649152313365 10.774201486633912
653 3309.9796859586177 10.78291801839742
654 3314.799563051283 10.790794232239517
655 3321.080974415148 10.801047689889701
656 3326.7636849932196 10.810316247703765
657 3331.389864772834 10.817857226542664
658 3336.068871092371 10.825478880919531
659 3341.117663191368 10.833696231239331
660 3346.3777614500577 10.842250540170356
661 3350.563720063647 10.849054834422972
662 3355.2603352298247 10.856683147750514
663 3360.344345022104 10.864933975229883
664 3365.90379367369 10.873948476127733
665 3371.6393307916846 10.883240421237469
666 3375.8605070985564 10.890076050095763
667 3380.1169010987105 10.896964300813393
668 3385.4826524372447 10.905639576660185
669 3390.7427506959334 10.914137497808616
670 3395.8091516415716 10.922316535129657
671 3401.826430305823 10.932021193992627
672 3407.068919717871 10.940470281847992
673 3411.501402184434 10.947610059457352
674 3416.1099731174068 10.955028227689104
675 3421.0002855966354 10.962893925071024
676 3426.5773430948625 10.971856202607432
677 3431.4324378808083 10.979653363730076
678 3435.7592672675255 10.986598343247175
679 3441.7941547784176 10.99627446870707
680 3447.4768653564893 11.00537861080823
681 3452.0326097495395 11.01267339903842
682 3456.535527602666 11.0198789463252
683 3460.7743127561794 11.026657990752845
684 3466.404196794328 11.035652775991538
685 3471.5762508198122 11.04391027772793
686 3476.2024305994255 11.051291862085534
687 3481.409702318192 11.059593760042588
688 3486.933933276496 11.068393696766883
689 3492.475773081441 11.077214634511908
690 3497.1899970942586 11.08471390575049
691 3502.467704199589 11.093102598477737
692 3507.8862820780464 11.10170839519977
693 3512.3891999311736 11.108856191787794
694 3516.962553170865 11.116110968294404
695 3521.641559490401 11.12352826610373
696 3527.0601373688587 11.13211054196392
697 3532.778065640213 11.14115934633917
698 3537.6331604261595 11.148838102577983
699 3542.2769490524142 11.156178054286691
700 3547.3961765379754 11.164263091683333
701 3552.39214209705 11.172148002106717
702 3557.1591926497913 11.179666798395685
703 3562.3488555219174 11.187845721870039
704 3567.767433400374 11.196378697063677
705 3573.3973174385237 11.205237243150076
706 3578.358065304317 11.213038035698077
707 3583.265986630186 11.220750504126983
708 3588.6141291220797 11.229148023591161
709 3593.0290027420024 11.23607677166252
710 3597.531920595129 11.24313914422778
711 3603.654852339226 11.25273244890167
712 3609.2143009908114 11.261436531008846
713 3613.9285250036305 11.26881320526852
714 3618.3610074701933 11.275745078759403
715 3622.652619163629 11.282452834531117
716 3628.159241275291 11.291051621080964
717 3633.137597987725 11.298820609586178
718 3637.939866233748 11.306310016787227
719 3644.2212775976136 11.316096377834597
720 3649.8863793290443 11.324916037904101
721 3654.565385648581 11.332196666708137
722 3659.209174274836 11.339417931904812
723 3664.310792913757 11.347345085649728
724 3669.570891172446 11.355512460381265
725 3674.1970709520597 11.362691619346514
726 3679.0697745846473 11.370248037589217
727 3684.0657401437215 11.377990202006497
728 3689.660406488589 11.386652998061017
729 3695.2550728334563 11.395309208597547
730 3699.8284260731475 11.402381730549159
731 3704.436997006121 11.409504221687044
732 3709.873183731219 11.417898701571586
733 3715.186108529831 11.426097056006716
734 3720.1820740889057 11.433801403467692
735 3725.248475034544 11.441608964932962
736 3730.3500936734636 11.44946536589587
737 3735.7510627052798 11.45777644456308
738 3740.6061574912264 11.465243150956656
739 3745.8310380566336 11.473272548392353
740 3751.3200513216552 11.481701423274744
741 3755.682098401655 11.488396886742809
742 3760.2730604879866 11.495439110355687
743 3766.325556845519 11.504714230182012
744 3771.814570110541 11.513120086305376
745 3776.475967583436 11.520254858556806
746 3780.8204058167953 11.526901028343836
747 3785.147235203512 11.53351648394394
748 3790.6362484685337 11.541901363681045
749 3795.8083024940183 11.549796929781808
750 3800.487308813555 11.55693588917801
751 3805.2895770595787 11.564258133346236
752 3810.5144576249854 11.572218829325672
753 3815.880208963521 11.5803882593208
754 3820.6296506696217 11.58761540765954
755 3825.7664870018234 11.595426364742416
756 3831.220282573563 11.603713065126145
757 3835.705591580049 11.610525110975475
758 3840.0324209667665 11.617092946204938
759 3844.9051245993537 11.624483993739185
760 3850.3765290177344 11.632776649677165
761 3855.918368822679 11.641169941792374
762 3860.4565043690877 11.648039942298587
763 3865.012248762137 11.65493249761818
764 3870.6421328002866 11.663442770951146
765 3875.4620098929518 11.670724760798125
766 3879.9297100527965 11.677471162634456
767 3885.154590618204 11.685354732026507
768 3890.5731684966613 11.693524671585976
769 3895.974137528478 11.701662408979564
770 3900.6707526946557 11.708735256382687
771 3905.930850953345 11.716650718064189
772 3911.173340365393 11.724534389527335
773 3915.711475911802 11.731355571071154
774 3920.3904822313393 11.738384112060555
775 3926.0908016560525 11.746939511265564
776 3931.491770687869 11.755040270882425
777 3936.346865473816 11.762318276047523
778 3940.9202187135065 11.769170250984338
779 3945.247048100224 11.775649602668516
780 3950.665625978682 11.783756938961478
781 3955.696809231037 11.791280188473905
782 3960.4638597837793 11.798404435569706
783 3966.2346145950564 11.80702139051876
784 3971.794063246642 11.815317147311092
785 3976.5611137993837 11.822426909637343
786 3981.292946658844 11.829479975466835
787 3986.4473918376866 11.837157529460596
788 3991.760316636298 11.845065704807254
789 3996.368887569271 11.851922165063954
790 4000.801370035834 11.858513188113717
791 4005.674073668421 11.865753858588208
792 4011.3215665532125 11.874139148703675
793 4017.039494824566 11.882622900050043
794 4021.4895861377704 11.889222983596804
795 4025.8516332177696 11.895689076626839
796 4031.1117314764583 11.903480220205944
797 4036.002043955687 11.910719587654151
798 4040.716267968506 11.917694383102036
799 4046.5398493197063 11.926303145937494
800 4052.2401687444194 11.93472383626261
801 4057.1304812236476 11.941944263424988
802 4061.756661003262 11.94877108280355
803 4066.770235408977 11.95616456614983
804 4072.10076905423 11.964019995375805
805 4076.409989594307 11.970367975754318
806 4081.177040147048 11.977385700441403
807 4087.5464957441186 11.986753520811066
808 4093.1587709356268 11.99500252492398
809 4097.802559561881 12.001824999323478
810 4102.164606641881 12.008230459500625
811 4106.685133341649 12.01486477282252
812 4111.910013907056 12.022527104080346
813 4116.923588312771 12.0298752575395
814 4122.078033491615 12.037424998697016
815 4127.355740596944 12.045150206090044
816 4132.73910078212 12.05302481674399
817 4138.192896353859 12.060997120912608
818 4143.118426526369 12.068193385071206
819 4148.079174392163 12.075436716500596
820 4153.656231890389 12.083573859274694
821 4158.40567359649 12.090500230005391
822 4162.926200296257 12.097089424836597
823 4168.0278189351775 12.104520395740925
824 4173.516832200199 12.112510004720072
825 4179.146716238349 12.120699004663882
826 4183.702460631399 12.127322927518387
827 4188.258205024448 12.133943234372175
828 4193.659174056265 12.141785795495728
829 4198.901663468313 12.149393602390075
830 4203.897629027388 12.15663956471735
831 4209.967734231561 12.165436072236323
832 4215.386312110019 12.173283815773141
833 4219.818794576582 12.179700935790544
834 4224.568236282683 12.186572671777357
835 4229.581810688399 12.193821969674856
836 4234.859517793729 12.2014481565157
837 4239.485697573342 12.208129861474836
838 4243.953397733188 12.21457944533853
839 4249.776979084388 12.222979110931313
840 4255.195556962845 12.230789932705033
841 4259.557604042845 12.2370755424673
842 4264.078130742613 12.243585854347753
843 4268.704310522227 12.25024457597797
844 4274.070061860762 12.25796213789605
845 4279.083636266477 12.265169241299017
846 4283.815469125937 12.271967852547576
847 4289.7270947103425 12.280454511480352
848 4294.969584122389 12.287976465253877
849 4299.5957639020035 12.294611145096315
850 4304.327596761464 12.301393484698396
851 4309.305953473897 12.308524774442892
852 4314.724531352355 12.316281344414394
853 4319.35071113197 12.322900784850267
854 4323.976890911583 12.329516671457835
855 4328.779159157606 12.336380359726691
856 4334.373825502474 12.344370613407012
857 4340.056536080546 12.352481208941098
858 4344.50662739375 12.358830372900819
859 4348.974327553596 12.365201352909246
860 4354.357687738771 12.37287227137515
861 4359.459306377692 12.380137709338245
862 4364.173530390511 12.386848187310294
863 4369.2047136428655 12.394005361546638
864 4374.693726907888 12.401808477217449
865 4380.411655179242 12.409931505354855
866 4385.178705731984 12.416700798109485
867 4390.227497830981 12.423865732504808
868 4395.751728789284 12.431699989493117
869 4400.289864335694 12.43813336125868
870 4405.021697195154 12.444837482615425
871 4410.933322779559 12.453206334245282
872 4416.316682964733 12.460823076709753
873 4421.101342364117 12.46758960802753
874 4425.762739837012 12.474178470689342
875 4430.6354434696 12.481061978795854
876 4436.08923904134 12.488761044881882
877 4440.873898440723 12.495512447326558
878 4445.693775533387 12.502309806285671
879 4450.830611865589 12.509549641641046
880 4456.354842823893 12.517330271513071
881 4461.967118015401 12.525229847407736
882 4466.927865881194 12.532209024953579
883 4472.099919906678 12.539481052873871
884 4477.1839296989565 12.54662529889362
885 4481.669238705443 12.552925668769426
886 4486.418680411544 12.559593203797007
887 4491.62595213031 12.566898732823422
888 4497.220618475178 12.574742511174335
889 4503.044199826378 12.582901753654115
890 4507.7584238391955 12.589504154469523
891 4512.01481783935 12.59546305031052
892 4517.29252494468 12.602846199956293
893 4522.429361276882 12.610028314166767
894 4527.530979915802 12.617157189418789
895 4532.94955779426 12.624724138538546
896 4538.720312605537 12.632777464401657
897 4544.174108177277 12.640384123226244
898 4548.536155257276 12.646466156077064
899 4553.584947356273 12.653500988514491
900 4559.144396007859 12.661242136603864
901 4563.858620020677 12.667803706839113
902 4568.625670573419 12.67443527330431
903 4574.642949237669 12.682799312041398
904 4580.079135962768 12.69035155400249
905 4584.5644449692545 12.696580603413908
906 4589.084971669023 12.702855417571252
907 4593.711151448636 12.709273518113168
908 4599.024076247249 12.716639356848487
909 4604.143303732808 12.723732869465733
910 4609.051225058678 12.730530154686283
911 4614.821979869956 12.738516589865297
912 4620.222948901772 12.745987164555318
913 4625.025217147796 12.752626703040544
914 4629.827485393819 12.759262786509122
915 4635.034757112586 12.76645405629032
916 4640.611814610812 12.774151028139114
917 4645.326038623631 12.780654631238617
918 4650.110698023013 12.787251920883351
919 4655.159490122011 12.79420934320169
920 4660.542850307187 12.801623196432745
921 4666.06708126549 12.80922641508459
922 4670.552390271976 12.815397684337139
923 4675.037699278462 12.821565983238031
924 4680.333015230433 12.828843178303407
925 4685.55789579584 12.836019622633678
926 4690.518643661632 12.842829908839061
927 4696.095701159859 12.850481134405324
928 4701.4966701916765 12.857886656618293
929 4706.386982670904 12.864588956408083
930 4711.189250916928 12.871167314794357
931 4716.2380430159255 12.8780794016408
932 4721.269226268281 12.884963715957435
933 4725.895406047896 12.891291151782777
934 4730.556803520792 12.897663565330209
935 4736.010599092531 12.905114093337646
936 4741.517221204193 12.912632361705255
937 4746.442751376704 12.919354261625154
938 4751.209801929446 12.925856771585616
939 4755.6951109359325 12.931972383761059
940 4760.91999150134 12.93909162938008
941 4766.004001293619 12.946015352568846
942 4770.7886606930015 12.952528417034337
943 4775.995932411767 12.959612444446671
944 4781.203204130533 12.966692601678808
945 4786.357649309377 12.97369719523802
946 4791.265570635246 12.98036358503031
947 4796.349580427525 12.987265305484277
948 4801.4688079130865 12.994211084802735
949 4806.147814232623 13.000556901294027
950 4810.862038245442 13.006947299696318
951 4816.016483424284 13.013930226659898
952 4821.681585155716 13.02159997763364
953 4827.047336494252 13.028860640145163
954 4831.356557034327 13.034690046392981
955 4835.982736813941 13.04094483555657
956 4841.401314692399 13.048266024101636
957 4846.50293333132 13.055155598235503
958 4851.710205050085 13.062183967863673
959 4857.005521002056 13.069327183955952
960 4862.142357334258 13.076253086630924
961 4867.173540586615 13.083033122032493
962 4872.151897299048 13.089738581419171
963 4877.306342477891 13.09667736554537
964 4882.531223043298 13.103707127234012
965 4887.3334912893215 13.110165502556297
966 4892.118150688704 13.116597058290347
967 4897.818470113418 13.124254062940395
968 4902.9553064456195 13.13115099497916
969 4907.810401231567 13.137666684381825
970 4912.665496017513 13.144179143898265
971 4917.115587330717 13.150146065188133
972 4922.340467896124 13.157147258996456
973 4927.565348461531 13.164144729303649
974 4932.561314020605 13.170832435905766
975 4938.10315382555 13.178246168861898
976 4943.363252084238 13.185279474936372
977 4948.218346870186 13.191768429181602
978 4952.985397422926 13.198136725739968
979 4958.175060295053 13.205065513072666
980 4963.664073560074 13.21238963276806
981 4968.589603732584 13.218959105651663
982 4973.2686100521205 13.22519708224662
983 4977.894789831736 13.231361814369592
984 4983.383803096757 13.238671385992385
985 4989.172166754674 13.246374866360616
986 4993.9039996141355 13.252670129313708
987 4998.583005933672 13.258892245726159
988 5004.142454585257 13.266280140233482
989 5009.332117457381 13.273173355771718
990 5014.046341470202 13.27943256489756
991 5019.500137041941 13.286669016848334
992 5025.094803386808 13.294088123093422
993 5030.249248565652 13.300920303192122
994 5035.15716989152 13.30742277068413
995 5040.575747769979 13.314597433997697
996 5045.923890261872 13.321675130751142
997 5050.4620258082805 13.327678911684753
998 5055.299511747587 13.334075314283343
999 5061.035048865582 13.341653986367543
1000 5066.312755970913 13.348624422762523
1001 5071.185459603499 13.355057228627144
1002 5076.128598622651 13.361579762575994
1003 5080.9308668686745 13.367913553721621
1004 5086.032485507594 13.374638471307883
1005 5091.186930686437 13.381429524736273
1006 5096.447028945127 13.388356092909195
1007 5101.548647584047 13.395070747441144
1008 5106.650266222968 13.40178203775036
1009 5111.98079986822 13.408790590663408
1010 5116.994374273936 13.415379452250983
1011 5121.919904446446 13.421849569887605
1012 5127.109567318571 13.428662928598179
1013 5131.735747098185 13.434734297648031
1014 5136.467579957645 13.440941339975186
1015 5141.322674743592 13.447306925984394
1016 5146.600381848922 13.454222625244578
1017 5152.371136660198 13.461779724112994
1018 5157.014925286453 13.467859187042054
1019 5161.447407753017 13.473659751824142
1020 5166.637070625141 13.480446924384248
1021 5171.9147777304715 13.487345630966677
1022 5176.699437129854 13.493597409671361
