1 14.627859237536656 0.40893177753717447
2 20.05657882843921 0.40893177753717447
3 25.473486100911618 0.4809052572937118
4 30.33521440716745 0.5373607573791399
5 34.88982243423963 0.5853336639177383
6 39.56845980482829 0.6308244500334008
7 44.11125551347033 0.6720557048619769
8 48.87257911306997 0.712712827967178
9 53.99417842478886 0.7539999809645983
10 58.95040527848582 0.7919084134586061
11 63.694010400440234 0.8265653898621259
12 68.59117566198648 0.8608807428420995
13 73.82499199879172 0.8961013295245187
14 79.11786992774765 0.930364007519815
15 84.05637830379939 0.9612340267594567
16 88.87676349554972 0.9904388992992545
17 93.64399325436445 1.018498740004086
18 98.30491214730789 1.04520542274447
19 103.44422993667203 1.0738808444981836
20 108.77845098013344 1.1028544871950627
21 113.66380392324956 1.1287399163394667
22 118.72043548360269 1.154921112075126
23 123.95425182040795 1.1814079373764554
24 129.4006898889557 1.2083535117985327
25 134.88847107200897 1.234908928823917
26 139.7088562637593 1.2577751871991887
27 144.22802733554104 1.2788427360227488
28 148.75901072575294 1.2996224822189868
29 153.44946041477172 1.3207884447557507
30 158.6183090002112 1.343724910617027
31 163.86393765544656 1.366608248789197
32 168.83788298678874 1.3879590649477496
33 173.98310693536794 1.4097041618189483
34 179.01020769964572 1.4306313197542355
35 184.32671026546194 1.4524340358542471
36 189.60777587598773 1.4737722657703534
37 194.35138099794216 1.4926808432365182
38 198.98867525402537 1.5109373681183575
39 203.82677892342087 1.5297514130476857
40 208.97200287200005 1.5495079359591624
41 214.38891014447245 1.5700380604983566
42 219.69360039185855 1.5898863594587054
43 224.78566890750213 1.6087094843295235
44 229.88954974157582 1.6273577679223954
45 235.09383528230572 1.6461550403986462
46 240.6997396496604 1.6661643312440726
47 245.96308678254098 1.6847356900285544
48 250.51769480961318 1.7006449540689768
49 254.97189813002916 1.716061234914898
50 259.53241231631637 1.731702873461632
51 264.4532022147229 1.748421920866671
52 269.56889536722673 1.7656346859074201
53 274.20028346409487 1.7810759976085222
54 278.6544867845109 1.795801941037643
55 283.42762270254065 1.8114482733472421
56 288.42519267074306 1.8276860148991811
57 293.92478617222645 1.8453881848917137
58 299.1054470760961 1.8619107399166726
59 303.3647471424148 1.8753885587509476
60 307.6949211193143 1.888991814267873
61 312.5507432663551 1.9041289415415217
62 317.64281178199866 1.919873588285161
63 322.78212957136276 1.935634337224008
64 327.9805089528775 1.9514465491577742
65 333.00170355794035 1.9665996079523964
66 337.9697427300674 1.981478365482986
67 343.1976529076575 1.9970149440660239
68 348.65590329463544 2.0131074766811317
69 353.7125348549886 2.0279030275257974
70 358.1726443346196 2.040865835046247
71 362.62684765503553 2.0537298407620193
72 367.35273429934483 2.067290103238476
73 372.3916473820528 2.0816503191041775
74 377.6490883557182 2.096527856275504
75 382.3513503631672 2.10974692854786
76 386.9532076639599 2.122604329715783
77 391.9271529953021 2.1364132092926553
78 396.96015991879494 2.1502956344385704
79 402.4656595794933 2.1653781343679457
80 407.75263134923426 2.1797642746586563
81 412.38992560531744 2.1923065305037346
82 417.2398415931432 2.2053469364027465
83 422.2315054021306 2.2186880507437223
84 427.2704184848384 2.2320744491597395
85 432.5219532992889 2.2459402445904573
86 437.53724174513655 2.2591034063575814
87 442.55843635019926 2.2722056650741727
88 447.7686280501443 2.2857212126681192
89 453.2918461884879 2.2999612839468173
90 458.8682197597672 2.314249390659462
91 463.5704817672162 2.3262315646869
92 467.8770311072554 2.3371525536193283
93 472.5674807962742 2.3489882031207863
94 477.25793048529306 2.3607645155567494
95 482.2614066127105 2.3732615080076163
96 487.4775044718706 2.386219358833087
97 492.2033911161798 2.3979001106345414
98 496.85840384990814 2.4093505073966166
99 501.89731693261604 2.4216832054525863
100 507.1547579062816 2.4344836308103917
101 512.3767619246566 2.447131577417998
102 517.1971471164071 2.4587499499219554
103 521.804910576415 2.469805279710452
104 526.7197943156064 2.4815424085967392
105 531.5815226218622 2.4930983620271494
106 536.8153389586673 2.505478274126858
107 542.0255306586124 2.5177418969718794
108 546.7159803476311 2.528732445174624
109 551.6722072013281 2.5402934364538954
110 557.0123344040046 2.552690435691379
111 562.5355525423482 2.565449065189858
112 567.8461489489495 2.5776574241152144
113 572.6074725485489 2.588555292206006
114 577.315640715213 2.5992866938102535
115 582.0474335187373 2.6100274316879792
116 586.8028509591219 2.6207773910505714
117 591.9539810669162 2.6323714321414107
118 596.9988003088391 2.643677136540381
119 601.8723409335252 2.654553644251966
120 606.8758170609426 2.665673674268868
121 611.8970116660054 2.6767866036478924
122 617.1072033659503 2.6882688479976617
123 622.4296120909815 2.699947743937674
124 627.2440911235168 2.7104697772905912
125 631.9286346533206 2.7206690661827344
126 636.7962691187915 2.731226217323518
127 641.793839086994 2.7420226060776156
128 647.346588021413 2.75396754610883
129 652.7398706570252 2.765520358106285
130 657.690191351507 2.776082860737208
131 662.8413214593012 2.7870309063573835
132 668.0692316368915 2.7980981839344303
133 673.4802327501488 2.8095067804361724
134 678.7790168383199 2.820634274141704
135 683.3159063877468 2.83012850003443
136 687.8173589818833 2.839517274529473
137 692.6731811289242 2.849609675726886
138 697.5230971167498 2.859654260607032
139 702.4734178112318 2.8698703261273866
140 707.1874921371109 2.8795656391253135
141 711.8661295076996 2.8891559768686346
142 716.7751070876761 2.899183867784327
143 721.8435509664592 2.90950092051307
144 727.2663643981468 2.920498251961943
145 732.4470253020163 2.9309664089156473
146 737.0193518067337 2.9401755561592253
147 741.6507399036017 2.9494742186047342
148 746.536092846718 2.9592505715173476
149 751.504132018845 2.969159214307033
150 756.7084175595749 2.9795032391519336
151 761.6469259356267 2.9892864064570213
152 766.6031527893235 2.9990725539474106
153 771.7601890563327 3.009221024216462
154 776.8995068456969 3.019300724510902
155 782.2750710036639 3.0298074484712134
156 787.3139840863718 3.039623801540319
157 791.7859058844331 3.048310196382225
158 796.488167891882 3.057416900546245
159 801.3439900389227 3.0667923071820185
160 806.4360585545661 3.0765926971846165
161 811.5281270702097 3.0863619673247364
162 816.171327485508 3.0952440274384037
163 820.8972141298171 3.1042579953194083
164 825.682162366277 3.113357908745685
165 830.803761677996 3.1230680210483643
166 836.2797305426191 3.1334160569961726
167 841.1709896449503 3.14263133862159
168 845.613380646936 3.1509784356287183
169 850.5046397492672 3.1601425040719757
170 855.5199281951149 3.1695112027547214
171 860.6060905515434 3.178983967863512
172 865.7454083409075 3.188527051849949
173 870.5067319405072 3.1973435012663822
174 875.3153048138272 3.2062227454231236
175 880.7322120862997 3.216194795263746
176 886.6924860065585 3.227130621583607
177 892.1625487119666 3.2371352467074566
178 896.746687535114 3.245497241900964
179 901.2658586068958 3.253719820318117
180 905.7732173602473 3.2619002836089974
181 910.3986992979002 3.2702736215724997
182 915.3785507884575 3.2792638786316384
183 920.2757160500037 3.2880810354029677
184 924.8598548731512 3.296313795300391
185 929.6448031096112 3.3048849304525723
186 934.7250593068246 3.313960235374697
187 939.9529694844148 3.3232731779964477
188 945.2871905278763 3.3327485004627584
189 950.0721387643362 3.3412261721981045
190 954.7153391796344 3.349432448912217
191 959.4176011870835 3.357722558551266
192 964.5214820211573 3.366696879739793
193 969.9620139304899 3.376236308316713
194 974.9773023763374 3.385006976055065
195 979.7799690904425 3.393384931110282
196 984.6594158743435 3.401875556816376
197 989.8696075742885 3.410917791696332
198 995.4873242600733 3.4206398340452937
199 1000.7979206666744 3.4298054994810103
200 1005.4293087635426 3.4377800437852297
201 1010.090227656486 3.445786749320468
202 1014.8515512560857 3.4539465870948205
203 1019.7191857215566 3.462268549522936
204 1024.7699111226946 3.4708821241812764
205 1029.6257332697353 3.4791435255830043
206 1034.2334967297434 3.486965224238771
207 1039.3728145191074 3.495667628293089
208 1045.0082496825373 3.5051844682331774
209 1050.5787170946016 3.514566363781335
210 1055.8893135012029 3.52348770615649
211 1060.5738570310066 3.531339599856384
212 1065.240682083165 3.5391445050028305
213 1070.2736890066578 3.5475419295530752
214 1075.4779745473877 3.5562039950134565
215 1080.6054800183217 3.564717803098677
216 1085.490832961438 3.5728110493756033
217 1090.724649298243 3.5814606983631196
218 1096.436864531469 3.590876449197332
219 1101.8537718039413 3.59978309641193
220 1107.0403388670263 3.6082907528531454
221 1112.0083780391533 3.616421525763297
222 1116.5039244740747 3.6237640530551842
223 1121.1884680038784 3.631399133432301
224 1125.9497916034782 3.6391428071737315
225 1130.823332228164 3.647051770807395
226 1135.791371400291 3.6550963207319125
227 1140.487727248525 3.6626851350849945
228 1145.2372385296942 3.6703437948804374
229 1150.163934587316 3.6782710217522716
230 1155.4095632425513 3.6866921731693907
231 1160.8973444256046 3.6954811638975555
232 1165.8122281647961 3.70333574479821
233 1170.3313992365777 3.7105438901385206
234 1175.1222536322528 3.7181696427842676
235 1179.9190141871427 3.725789149943139
236 1184.9047718369152 3.7336920843868024
237 1189.9436849196231 3.74166223236297
238 1194.7640701113733 3.7492712118672293
239 1199.8266078309418 3.7572454487228444
240 1205.3616382877156 3.7659438841316395
241 1211.0620412025114 3.7748810242234385
242 1216.431699201263 3.7832807576742753
243 1221.021744183626 3.790447308502362
244 1225.422792071106 3.7973063889828595
245 1230.296332695792 3.804886602745881
246 1234.9749700663808 3.8121497935416535
247 1239.8071675765611 3.8196366238572073
248 1244.7102389973224 3.8272181821034286
249 1249.5778734627934 3.8347301725068963
250 1254.6167865455013 3.842490751584647
251 1259.6497934689942 3.850226628480326
252 1264.8717974873693 3.8582363197673013
253 1270.2473616453362 3.8664639929722755
254 1275.1563392253126 3.873962912767267
255 1279.6341671825887 3.880791235483688
256 1284.5726755586406 3.8883073799686776
257 1289.7060871887898 3.896104491428742
258 1294.7863433860032 3.903805610714169
259 1299.9965350859482 3.9116877589972954
260 1304.988198894936 3.919224755037822
261 1309.991675022353 3.926765051283304
262 1315.4440192501163 3.9349646794339943
263 1320.9731435476754 3.9432622585163797
264 1326.18333524762 3.9510656938458455
265 1331.0214389170155 3.9582985956633587
266 1335.7059824468192 3.9652895892366353
267 1340.1897165633106 3.9719696947298773
268 1344.6793568390171 3.9786473518810404
269 1349.647396011144 3.9860227351971567
270 1354.5268427950455 3.9932534678989526
271 1359.2409171209247 4.000226973576834
272 1364.3270794773532 4.007736723348633
273 1369.4545849482872 4.015293240257332
274 1374.7238382403825 4.023043665837541
275 1380.0108100101236 4.030805151023171
276 1384.6953535399273 4.0376706056330125
277 1389.2499615669994 4.044334659018358
278 1393.9522235744482 4.051203016946338
279 1398.8021395622739 4.058274642101833
280 1403.9591758292831 4.065780129258404
281 1409.2815845543143 4.073511566247474
282 1414.1551251790006 4.0805787246782765
283 1419.1526951472028 4.08781286880189
284 1424.4632915538043 4.095485678201683
285 1429.8447618709863 4.1032461558585585
286 1435.1258274815123 4.110847732331382
287 1439.9757434693379 4.117816929469512
288 1444.855190253239 4.124816635682623
289 1449.7110124002793 4.13177071358626
290 1454.3896497708683 4.138460247277204
291 1459.2277534402638 4.1453661929482974
292 1464.1662618163155 4.152403465626929
293 1468.8508053461192 4.159068200381962
294 1473.9369677025475 4.166291648333565
295 1479.1176286064172 4.1736363221360255
296 1484.4223188538033 4.181143297476487
297 1489.6443228721785 4.188520225872748
298 1494.3406787204124 4.195144212954987
299 1499.0015976133554 4.201707945566214
300 1503.7747335313854 4.208418930597618
301 1508.795928136448 4.215466792561783
302 1514.0474629508988 4.222825063256873
303 1519.0863760336072 4.229873661818895
304 1524.2552246190464 4.237091657559654
305 1529.6780380507337 4.244650768650818
306 1535.0181652534102 4.252081591995558
307 1540.440978685098 4.259614102032465
308 1545.3676747427196 4.2664465817679025
309 1549.7155671972641 4.272468087587798
310 1554.2347382690461 4.27871755101927
311 1558.8956571619894 4.28515327307494
312 1563.5802006917932 4.291611856613177
313 1568.630926092931 4.298563892600443
314 1573.386343533316 4.305099589794221
315 1577.929139241958 4.311334116224809
316 1582.6668382046976 4.31782624762762
317 1587.5285665109532 4.324478028823868
318 1592.8509752359846 4.331747758429595
319 1597.9430437516282 4.338691762690537
320 1602.7398043065182 4.345223297938813
321 1607.471597110043 4.351656855324757
322 1612.132516002986 4.357984864457367
323 1617.1478044488338 4.364783235990634
324 1622.357996148779 4.371834348969633
325 1627.2551614103252 4.378451882173557
326 1632.217294423237 4.3851469318546705
327 1637.3329875757413 4.392038279052986
328 1642.5963347086215 4.399117071778461
329 1648.1668021206858 4.406596144451266
330 1653.4065246167063 4.413619975157054
331 1657.9256956884878 4.419669852720851
332 1662.3739928496889 4.425616877204078
333 1667.2770642704502 4.432161980219739
334 1672.121074099061 4.438618843703936
335 1677.1599871817684 4.445325288408313
336 1682.287492652703 4.452139157903921
337 1687.3027810985507 4.45879397367571
338 1692.3180695443982 4.465438871827965
339 1697.4691996521924 4.47225329574976
340 1702.9274500391705 4.479462307821224
341 1708.1612663759759 4.4863642859859585
342 1712.91668381636 4.4926267868417895
343 1717.7370690081104 4.49896585949408
344 1722.6047034735814 4.505357953304599
345 1727.6672411931497 4.511996124689955
346 1733.0368991919013 4.519025954070568
347 1738.0817184338243 4.525620953976982
348 1743.1147253573174 4.532190963951207
349 1748.2953862611866 4.538943597820983
350 1753.7359181705197 4.546023835589348
351 1759.3772594931645 4.553353540856092
352 1764.463421849593 4.55995244181036
353 1769.2365577676228 4.56613693477872
354 1773.8384150684155 4.572091812853442
355 1778.469803165284 4.578077042857544
356 1783.5854963177876 4.584678401049692
357 1788.476755420119 4.59098154922198
358 1793.1849235867826 4.597040830915902
359 1798.0053087785334 4.6032361182273585
360 1802.920192517725 4.609544160340734
361 1808.2780381980465 4.616410334839279
362 1813.8898487246163 4.623590737373323
363 1818.8106386230231 4.629878581360014
364 1823.158531077568 4.635428006399554
365 1828.0202593838235 4.641624663799486
366 1832.9823923967353 4.647940646032063
367 1838.0626485939488 4.654397951094122
368 1843.538617458572 4.6613477245637505
369 1848.5775305412799 4.6677341708129045
370 1853.557382031837 4.674037260775713
371 1858.9034153937284 4.680793928142167
372 1864.4266335320724 4.687764098517101
373 1869.8435408045445 4.694590174994924
374 1874.5871459264988 4.700560426116261
375 1879.2775956155176 4.7064563993605155
376 1883.9621391453215 4.712337593292682
377 1888.6821196304156 4.718255815429838
378 1893.8568743750704 4.72473514864942
379 1898.8721628209178 4.731006535952856
380 1903.7634219232486 4.737114985671525
381 1908.7137426177308 4.743289110527873
382 1913.7467495412236 4.749558032143384
383 1919.2994984756426 4.756464104088009
384 1924.8581535692767 4.763367486525798
385 1929.908878970415 4.769631958824136
386 1934.693827206875 4.775559526283953
387 1939.48468160255 4.7814870407603935
388 1944.6535301879892 4.787873519692433
389 1950.0527189828165 4.79453524463894
390 1955.274723001192 4.800969758350654
391 1960.248668332534 4.807090895844335
392 1965.3525491666078 4.8133636867325
393 1970.9348288971019 4.820214526419114
394 1976.6057010158227 4.82716403928319
395 1981.845423511843 4.833576767463344
396 1986.4472808126354 4.8392025587871865
397 1990.8896718146216 4.84462741356682
398 1995.5919338220706 4.850362648984208
399 2000.2823835110892 4.856076744263046
400 2005.5457306439698 4.86248003725654
401 2010.5728314082478 4.868588323316159
402 2014.9738792957278 4.873930372420977
403 2019.8297014427685 4.879817028009625
404 2024.915863799197 4.885975033746924
405 2030.2382725242283 4.892410494968479
406 2035.3067164030115 4.898531306271628
407 2040.0444153657509 4.904246180760228
408 2044.7112404179093 4.90986914889584
409 2049.254036126551 4.915336656115911
410 2054.1748260249574 4.921251752793041
411 2059.3850177249024 4.927506640484053
412 2064.5302416734817 4.933675825375382
413 2069.327002228372 4.9394206590656955
414 2074.3245721965745 4.945398646140706
415 2079.706042513756 4.951827323772838
416 2085.459600861488 4.9586908697737035
417 2090.994631318262 4.96528499871428
418 2095.67326868885 4.970852955690969
419 2100.0270673026102 4.976029139475783
420 2104.5226137375316 4.981368010609425
421 2109.4434036359385 4.9872047911164366
422 2114.6358768582377 4.993356106856445
423 2119.5743852342894 4.999199823731036
424 2124.258928764093 5.004737019231914
425 2129.2978418468015 5.010685812516001
426 2134.4962212283162 5.0168152904535255
427 2139.9958147297993 5.023291455052969
428 2145.2119125889594 5.029426377380166
429 2149.9909546662043 5.035041180218774
430 2154.793621380309 5.040677409757913
431 2159.667162004995 5.04639029378315
432 2164.9954768892417 5.052628344089994
433 2170.2470117036924 5.05876906165728
434 2175.1205523283784 5.064461537727967
435 2180.2008085255916 5.070388417590721
436 2185.470061817687 5.076528266169456
437 2190.833813657224 5.082770505947553
438 2196.3038763626323 5.089128468887723
439 2201.378226400631 5.095019808157997
440 2205.9033036316273 5.100268319696514
441 2210.381131588904 5.105456776509881
442 2215.0125196857716 5.110817426008139
443 2219.8033740814467 5.116356544834092
444 2224.771413253574 5.122093984762993
445 2229.444144464948 5.127484862186964
446 2234.211374223762 5.1329788117720945
447 2239.1853195551043 5.138704480938092
448 2244.46638516563 5.144776361053924
449 2250.084101851415 5.151227086608207
450 2255.046234864327 5.156918966519772
451 2259.465001229453 5.161982907452197
452 2264.2263248290524 5.167433428844543
453 2269.1234900905984 5.173033302736268
454 2274.144684695661 5.178768573222523
455 2279.2899086442403 5.184638790974379
456 2284.139824632066 5.190166334433601
457 2289.090145326548 5.195802130342002
458 2294.3416801409985 5.20177383335202
459 2299.9298660307077 5.208120474674705
460 2305.281805551814 5.214191799960188
461 2309.9486306039726 5.219480873089771
462 2314.53276942712 5.224671121349264
463 2319.2527499122148 5.2300096245551
464 2324.1026659000404 5.2354892664535795
465 2329.112048186673 5.241142882240731
466 2334.1214304733053 5.246790406045845
467 2338.983158779561 5.252265823628226
468 2343.8744178818924 5.25776871175389
469 2349.060984944977 5.263597215043209
470 2354.3952059884386 5.2695847648516665
471 2359.6880839173946 5.275519233939869
472 2364.4907506314994 5.280898810847864
473 2369.0807956138624 5.286035353415521
474 2373.8893684871823 5.2914108313130415
475 2378.9341877291054 5.297044273106381
476 2384.2802210909967 5.303007214200443
477 2389.431351198791 5.308746625821798
478 2394.3403287787673 5.314210720108817
479 2399.7099867775196 5.320180647503023
480 2405.36904657781 5.3264647912706575
481 2410.9867632635946 5.332695740916857
482 2416.2560165556906 5.338533918331148
483 2420.7633753090417 5.3435236677916595
484 2425.1821416741673 5.348410932027093
485 2429.7367497012397 5.353443603174615
486 2434.4331055494736 5.358627781187626
487 2439.4011447216008 5.36410609442006
488 2444.2628730278566 5.369461882653865
489 2448.858824169434 5.374520274578047
490 2453.7028339980448 5.379846243400345
491 2458.759465558398 5.3854001317457945
492 2464.022812691278 5.391174764886927
493 2469.1089750477067 5.396749313160577
494 2473.6399584379187 5.40171111796161
495 2478.283158853217 5.406790951937623
496 2483.351602732 5.412330080954049
497 2488.5263574766545 5.417979437968166
498 2493.630238310728 5.423545730432392
499 2498.509685094629 5.42886215550458
500 2503.241477898154 5.434012898495415
501 2508.4280449612384 5.439652562152017
502 2513.856764552141 5.445549026095231
503 2519.3563580536243 5.4515158973891475
504 2524.4956758429885 5.457086335392934
505 2529.0384715516307 5.462006101755094
506 2533.610798056348 5.4669533440897595
507 2538.3366847006573 5.472061858071925
508 2543.3283485096445 5.477452193782941
509 2548.4676662990087 5.482996281926811
510 2553.288051490759 5.488191558853258
511 2558.173404433875 5.493451771471184
512 2563.176880561293 5.498833826636207
513 2568.2039813255706 5.504235968976137
514 2573.668137871763 5.510101305189449
515 2578.8133618203424 5.515618900117148
516 2583.3620636881997 5.520492822243359
517 2588.19426119838 5.525665470362103
518 2593.2449865995177 5.531066633236081
519 2598.4197413441725 5.536594836751492
520 2603.6949007954827 5.5422245248416235
521 2608.66293996761 5.547521534760777
522 2613.6132606620927 5.552794645690864
523 2618.817546202822 5.558332617739392
524 2624.3584828188104 5.564222428276834
525 2629.9939179822404 5.570206209844106
526 2634.9147078806473 5.575426583822772
527 2639.5401898183004 5.5803295325045195
528 2644.2601703033943 5.585328104777741
529 2648.968338470059 5.590309727898038
530 2654.0013453935517 5.595629791942716
531 2658.9989153617535 5.600907434561137
532 2663.6775527323425 5.605844100505007
533 2668.5097502425233 5.610938064983289
534 2673.6549741911026 5.616356597204049
535 2678.941945960844 5.621918823252148
536 2684.3175101188103 5.627568530459349
537 2689.267830813292 5.6327667059443325
538 2693.8874065917307 5.637613599556649
539 2698.6191993952543 5.642573789987223
540 2703.5163646568003 5.647702566985022
541 2708.7442748343906 5.65317224742667
542 2713.9308418974756 5.658593489109072
543 2719.022910413119 5.663911002475806
544 2724.2980698644296 5.669414267927433
545 2729.50235540516 5.674838434139924
546 2735.0373858619337 5.68060130884677
547 2740.383419223825 5.686162037146364
548 2745.0325257983386 5.690994102453659
549 2749.5989461438407 5.695736328129427
550 2754.2716773552147 5.700584754460241
551 2759.2456226865575 5.705740863647462
552 2764.2668172916196 5.7109411822286535
553 2769.2466687821766 5.716094052114653
554 2774.1143032476475 5.721126435863152
555 2778.999656190764 5.726172672382833
556 2784.1035370248383 5.731439659787893
557 2789.53225661574 5.737036235938314
558 2794.8369468631267 5.74249979512831
559 2799.7990798760384 5.747606164873681
560 2804.8438991179614 5.75279289319597
561 2809.888718359885 5.7579749493652885
562 2815.051660786109 5.763273399006615
563 2820.3150079189904 5.76866978065509
564 2825.312577887192 5.773789254925104
565 2830.28061705932 5.778874012743937
566 2835.597119625136 5.784310115356308
567 2841.0376515344688 5.789867635806514
568 2846.489995762231 5.795431864889174
569 2851.4816595712186 5.800521705604145
570 2855.9299567324197 5.80505428001572
571 2860.449127804201 5.809655369802329
572 2865.0450789457786 5.8143308117487384
573 2869.7709655900876 5.819134377255961
574 2874.7390047622152 5.824179546978331
575 2879.535765317105 5.829046808248519
576 2884.427024419436 5.834005676805375
577 2889.3005650441214 5.8389424115110415
578 2894.1504810319475 5.843851099331164
579 2899.396109687183 5.84915525023913
580 2904.4704597251816 5.854281801731007
581 2909.10184782205 5.858957354278716
582 2913.7155174412733 5.86361133160567
583 2918.405967130291 5.868338893387606
584 2923.3681001432033 5.873335857678406
585 2928.613728798439 5.878613405160852
586 2933.4636447862645 5.883488994937318
587 2938.2308745450787 5.888277610956648
588 2943.2815999462173 5.8933464546587455
589 2948.4622608500867 5.898541047167335
590 2953.896886600204 5.9039851328768576
591 2959.1897645291597 5.909282531995207
592 2963.9274634918993 5.914020771515919
593 2968.517508474262 5.918607876271759
594 2973.3024567107213 5.9233857682503634
595 2978.193715813052 5.9282657247930475
596 2983.262159691836 5.933318043978559
597 2988.076638724371 5.93811347185393
598 2992.8674931200467 5.942881551612089
599 2997.9477493172603 5.947933185115946
600 3002.9748500815376 5.952927794271957
601 3008.3504142395045 5.958263642504851
602 3013.5842305763094 5.963454332262001
603 3018.262867946899 5.9680911153918395
604 3023.0773469794344 5.972858625083184
605 3028.004043037055 5.977733206833151
606 3033.0842992342687 5.98275541286688
607 3038.495300347526 5.9880996344890285
608 3043.740929002761 5.993276124359162
609 3048.87434063291 5.9983376555364
610 3054.1081569697153 6.00349369694057
611 3059.5427827198328 6.008842695005271
612 3065.0364700621008 6.01424493612995
613 3069.892292209141 6.019016456482716
614 3074.4823371915045 6.023523604216565
615 3079.149162243662 6.0281026093068455
616 3083.6860517930895 6.032550926977429
617 3088.583217054636 6.037348424288155
618 3093.622130137344 6.042280668450734
619 3098.194456642061 6.046753169030283
620 3102.97940487852 6.051429885045567
621 3107.953350209862 6.056287304441109
622 3112.96863865571 6.061181116934218
623 3118.5745430230645 6.066646000382756
624 3123.896951748096 6.071830211298695
625 3128.3747797053725 6.076189108211684
626 3132.99435548381 6.080682561445006
627 3137.8915207453565 6.085442113991377
628 3142.918621509634 6.09032395459814
629 3148.229217916235 6.095476582020859
630 3153.220881725222 6.100316083497368
631 3158.194827056564 6.105134607761621
632 3163.3754879604344 6.110149149519001
633 3168.768770596046 6.115364930684627
634 3174.3746749634006 6.1207814368042515
635 3179.3131833394523 6.1255496949122366
636 3183.8382605704496 6.129915917222433
637 3188.6350211253393 6.134540606233564
638 3193.3963447249384 6.139127719329506
639 3198.517944036658 6.144057743086856
640 3203.787197328753 6.149125635597705
641 3208.6489256350087 6.153798241691324
642 3213.7055571953624 6.158654217913362
643 3218.9984351243183 6.163732746439837
644 3224.3858116007154 6.168897568462378
645 3229.749563440252 6.174035470346274
646 3234.723508771594 6.178796504935723
647 3239.591143237065 6.183452331175327
648 3244.476496180181 6.188121565606911
649 3249.5331277405344 6.19295062850562
650 3254.9559411722216 6.198124871310235
651 3260.266537578823 6.203187955428022
652 3265.2463890693803 6.207932251250217
653 3270.5983285904863 6.21302664441082
654 3276.2219514354865 6.2183749116741875
655 3281.9814159424336 6.22384749211339
656 3287.551883354498 6.229136069646111
657 3292.254145361947 6.233597614904587
658 3296.655193249427 6.237770774709617
659 3301.2275197541453 6.242103207146269
660 3306.1128726972615 6.246728602034626
661 3311.2699089642706 6.2516072506374885
662 3316.2851974101186 6.256348282710017
663 3320.869336233266 6.260679002814279
664 3325.7192522210917 6.2652572782361675
665 3330.8881008065314 6.27013263672338
666 3336.1986972131317 6.275137621767068
667 3341.4443258683673 6.280077518817931
668 3346.158400194246 6.284514000589628
669 3350.783882131899 6.288864152082752
670 3355.6219858012946 6.2934108382256815
671 3360.8262713420245 6.2982976343539825
672 3366.2786155697872 6.303413071608277
673 3371.488807269732 6.308297649046685
674 3376.4155033273537 6.312913223371053
675 3381.4603225692767 6.317635856182692
676 3386.824074408814 6.32265289180405
677 3392.4772280498896 6.327936067580411
678 3397.793730615705 6.332900878020368
679 3402.5668665337353 6.3373554237086385
680 3407.227785426679 6.341702331295108
681 3411.8709858419766 6.34602977102994
682 3416.6854648745116 6.350513557847892
683 3421.872031937597 6.355339980230983
684 3426.970006612455 6.360080471089545
685 3431.6545501422584 6.3644337810061735
686 3436.7879617724075 6.369200364239208
687 3442.3229922291816 6.374335514883479
688 3448.0233951439777 6.379619633247623
689 3453.292648436073 6.384500544043979
690 3457.9653796474468 6.388826294407221
691 3462.8566387497776 6.393350996492699
692 3467.7892409666138 6.3979106641647245
693 3472.875403323043 6.402608739426318
694 3478.3277475508057 6.407640902125475
695 3483.4906899770303 6.412402567273085
696 3488.570946174244 6.417084596830764
697 3493.8638241032004 6.421958760113254
698 3499.3752299231137 6.427030047490205
699 3505.1465067484905 6.432335954002699
700 3510.1558890351225 6.436938455358095
701 3514.669153947689 6.441082768803604
702 3519.3891344327835 6.445413840961395
703 3524.3630797641254 6.449974561311748
704 3529.6323330562213 6.45480227222709
705 3534.8248062785206 6.459556173212972
706 3539.662909947917 6.463982797798799
707 3544.388796592226 6.468303929342694
708 3549.439521993364 6.4729185792265
709 3554.6910568078147 6.477713035398751
710 3560.1315887171463 6.482676137099656
711 3565.3476865763064 6.487431120374267
712 3569.9849808323893 6.491656042352495
713 3574.8644276162904 6.496098381766554
714 3579.8324667884176 6.500618176794316
715 3584.936347622491 6.505258164001968
716 3590.252850188308 6.510087744090734
717 3595.315387907876 6.514683505556701
718 3600.537391926251 6.519420494651737
719 3606.0310792685195 6.52439998808562
720 3611.8141684123257 6.529637457716332
721 3617.5972575561323 6.534870729700225
722 3622.535765932185 6.539337055207098
723 3627.049030844751 6.5434165141854965
724 3631.822166762781 6.547727843587698
725 3636.7016135466815 6.552132166483824
726 3641.929523724272 6.556847420904188
727 3647.3405248375293 6.561724087722493
728 3652.4444056716025 6.566320895542891
729 3657.3888202068692 6.5707711523373264
730 3662.5104195185886 6.575377550569551
731 3667.933232950276 6.580251086834028
732 3673.503700362341 6.585253444998184
733 3678.6489243109195 6.589870893480349
734 3683.4515910250248 6.594178300249727
735 3688.632251928894 6.598821220942684
736 3694.0019099276456 6.603629914699166
737 3699.4896911106994 6.60854067879762
738 3704.8829737463116 6.613363403700309
739 3709.8332944407935 6.617787296973294
740 3715.137984688179 6.622524279499511
741 3720.678921304168 6.627468413691147
742 3726.2730133530927 6.632456197012331
743 3731.6958267847804 6.637287822486956
744 3736.3331210408637 6.641417414162793
745 3740.8463859534304 6.645434208962996
746 3745.60770955303 6.649668903815218
747 3750.398563948705 6.653927115789988
748 3755.443383190627 6.6584078808494
749 3760.2992053376684 6.662718098449189
750 3764.983748867472 6.666873796126661
751 3770.0876297015457 6.671398152810692
752 3775.309633719921 6.676023945571082
753 3780.7206348331774 6.680813619928199
754 3786.0194189213494 6.685500727945828
755 3790.7984609985933 6.6897257032239885
756 3795.5184414836885 6.6938959008229055
757 3800.3447328346533 6.698157243267135
758 3805.3836459173613 6.70260323572944
759 3810.747397756898 6.707332324741606
760 3816.040275685855 6.711995717239126
761 3820.8724731960347 6.716250769450764
762 3825.887761641882 6.720664030919368
763 3831.2397011629887 6.725370046662084
764 3836.697951549967 6.730166067073384
765 3842.079421867148 6.734891340296363
766 3846.799402352243 6.7390335888966275
767 3851.7792538427993 6.743400902958555
768 3856.9244777913786 6.747910135434622
769 3861.7862060976345 6.752168386006057
770 3866.9373362054284 6.756676929992437
771 3872.0057800842123 6.7611102374933605
772 3876.8793207088984 6.76537049181215
773 3881.8768906771006 6.769736273558071
774 3887.075270058616 6.7742743198299165
775 3892.5748635600985 6.779071761250722
776 3897.90908460356 6.783721832145915
777 3902.6585958847295 6.7878599771782175
778 3907.5203241909853 6.792093181549869
779 3912.5474249552626 6.796467460090448
780 3917.521370286605 6.800792762346185
781 3922.973714514367 6.805530505169554
782 3928.4201525829153 6.810259829975146
783 3933.6657812381504 6.814811840544027
784 3939.2303424909996 6.819637030345953
785 3944.83034069914 6.8244894770167654
786 3950.48940049943 6.829389553429562
787 3955.8531523389656 6.834030907993153
788 3960.602663620136 6.8381386082215725
789 3965.3226441052293 6.842218351669907
790 3970.21390320756 6.8464434209429905
791 3975.270534767914 6.850808455397974
792 3980.569318856085 6.855379336819988
793 3985.472390276846 6.859606470258352
794 3990.0801537368543 6.863576890387011
795 3995.1485976156373 6.8679411935091705
796 4000.364695474798 6.872429619907312
797 4005.763884269625 6.87707236053921
798 4011.068574517011 6.881630866057242
799 4016.0366136891384 6.885897608267957
800 4021.0696206126313 6.89021739760044
801 4026.208938401996 6.894625550284909
802 4031.430942420371 6.899101672475485
803 4036.806506578338 6.903706265255904
804 4042.046229074358 6.908191652071199
805 4047.0556113609905 6.91247732398872
806 4052.2008353095703 6.916876333471438
807 4057.6768041741934 6.921554777265277
808 4063.41264404428 6.926451655494143
809 4068.776395883817 6.931028012842716
810 4073.543625642631 6.935093350846493
811 4078.358104675166 6.93919652254977
812 4083.2139268222068 6.9433324369651075
813 4088.4241185221517 6.947767138286781
814 4093.91780586442 6.952439847010847
815 4098.986249743203 6.956748402346439
816 4104.101942895707 6.961094379784117
817 4109.377102347017 6.965572859548216
818 4114.794009619491 6.970168572530202
819 4120.482600215856 6.974991312341165
820 4125.787290463241 6.979485864432576
821 4130.649018769497 6.983602913174008
822 4135.770618081216 6.987937180959638
823 4141.0930268062475 6.992438377698984
824 4146.663494218312 6.9971460635746086
825 4152.115838446073 7.001750944971604
826 4157.024816026051 7.005894741998047
827 4162.229101566781 7.010284890656612
828 4167.84091209335 7.015015408057338
829 4173.612188918727 7.019876905551531
830 4179.182656330791 7.024566202846677
831 4184.239287891144 7.028820620456508
832 4189.207327063271 7.032998066929438
833 4194.039524573453 7.03705902343762
834 4198.836285128342 7.041087912862356
835 4203.851573574189 7.045297695271773
836 4208.801894268671 7.049450532742273
837 4213.52778091298 7.0534129983782785
838 4218.460383129817 7.057546232790132
839 4223.770979536418 7.061993183088112
840 4229.093388261449 7.066447207675326
841 4234.268143006103 7.070775093574126
842 4239.194839063725 7.074893254371642
843 4243.950256504109 7.078866116831951
844 4248.800172491935 7.082915549845496
845 4253.744587027202 7.087041422158356
846 4258.9134356126415 7.091351820280866
847 4264.348061362759 7.0958808193989436
848 4269.505097629768 7.100176025413704
849 4274.768444762649 7.10455701352347
850 4280.208976671981 7.109082506762173
851 4285.649508581315 7.113605120998659
852 4291.119571286722 7.118149364421309
853 4295.957674956117 7.122166666791536
854 4300.701280078072 7.1261033838955665
855 4305.633882294909 7.130194481235863
856 4310.460173645874 7.134195221938115
857 4315.4813682509375 7.138354981962117
858 4320.543905970505 7.142546505995991
859 4325.382009639901 7.1465500939726505
860 4330.344142652813 7.15065388444342
861 4335.548428193543 7.154955212111273
862 4341.065740172672 7.159512187816862
863 4346.754330769038 7.16420746804873
864 4352.011771742703 7.168544458002463
865 4356.950280118755 7.172616211262784
866 4361.977380883032 7.176758562420905
867 4367.098980194752 7.180976246961649
868 4372.433201238213 7.18536622665634
869 4377.8560146699 7.189826301408118
870 4382.930364707898 7.193997533854094
871 4388.3590842988015 7.198457106615174
872 4394.1421734426085 7.20320448414864
873 4399.7776086060385 7.207827746922503
874 4405.14726660479 7.21223040214691
875 4409.955839478111 7.216171159405132
876 4414.711256918496 7.220066283706023
877 4419.484392836525 7.223973794019925
878 4424.428807371793 7.228019148413475
879 4429.91068239563 7.232501150875242
880 4435.18584184694 7.236811673300913
881 4440.189317974357 7.240898030099793
882 4445.452665107238 7.245193927621885
883 4450.792792309915 7.2495498319570535
884 4456.4223213141295 7.254138748979239
885 4461.703386924655 7.2584412274460215
886 4466.553302912481 7.262390531946059
887 4471.574497517543 7.266476905783055
888 4476.536630530455 7.270513004714575
889 4481.776353026476 7.274772233997181
890 4487.187354139733 7.279167944134549
891 4492.379827362033 7.283383797402264
892 4497.572300584332 7.2875972118118355
893 4502.941958583084 7.291951704856107
894 4508.760484682181 7.296666936570048
895 4514.815257149881 7.30157022275682
896 4520.167196670988 7.305902063803982
897 4524.946238748233 7.309768461921812
898 4529.6425945964675 7.313566042079021
899 4534.462979788217 7.317461760125317
900 4539.732233080313 7.3217174995267085
901 4545.078266442204 7.326032666149428
902 4550.134898002557 7.330112113867517
903 4555.2978404287815 7.334274903222976
904 4560.744278497329 7.338663492150744
905 4566.338370546255 7.343168218271973
906 4571.920650276748 7.3476606877145825
907 4576.930032563381 7.351690175374528
908 4581.744511595916 7.355560959458492
909 4586.830673952345 7.359647738299402
910 4592.105833403655 7.3638838345854
911 4597.770799363161 7.368429951168823
912 4603.429859163451 7.372968533491924
913 4608.716830933192 7.377206437679607
914 4614.1868936386 7.381588405001636
915 4619.928639667902 7.386185019853057
916 4625.534544035256 7.390670220567404
917 4630.898295874793 7.394959302666563
918 4635.665525633608 7.398769732748785
919 4640.379599959487 7.402535791165363
920 4645.205891310452 7.406389421571246
921 4650.014464183772 7.410226925819525
922 4655.118345017846 7.414297687035927
923 4660.033228757037 7.418215742209495
924 4664.936300177799 7.42212232943358
925 4669.904339349926 7.426078532304595
926 4675.149968005161 7.430253282237498
927 4680.944869467398 7.434862035959267
928 4686.468087605743 7.439252243294458
929 4691.270754319848 7.443068117524286
930 4695.949391690436 7.446783667513854
931 4700.710715290036 7.450562911314991
932 4705.6551298253025 7.45448530272934
933 4710.983444709548 7.458709628006748
934 4716.30585343458 7.4629268880111646
935 4721.516045134525 7.467053007274414
936 4726.7380491529 7.4711861857377375
937 4732.066364037146 7.475401073405441
938 4737.707705359791 7.4798607582328325
939 4743.106894154619 7.484126691476061
940 4747.667408340905 7.487728695274827
941 4752.34013955228 7.491417438459379
942 4757.255023291471 7.495295180527033
943 4762.299842533394 7.49927325070529
944 4767.775811398018 7.50358858219788
945 4772.891504550521 7.507618013831195
946 4777.877262200293 7.511543119278577
947 4783.223295562186 7.5157492983330805
948 4788.486642695066 7.519888182808316
949 4793.8858314898935 7.524131421862136
950 4799.255489488645 7.528349101748629
951 4804.341651845073 7.532342132520597
952 4809.3274094948465 7.536254360922512
953 4814.254105552467 7.540118296775505
954 4819.4938280484885 7.544225317034304
955 4824.999327709186 7.548538056040691
956 4830.280393319713 7.552672827968957
957 4835.419711109077 7.556694551110709
958 4841.001990839572 7.561060153095797
959 4847.015420192766 7.565759817448222
960 4852.91072636166 7.570364408879425
961 4858.038231832594 7.574367527708654
962 4862.651901451816 7.577968066288288
963 4867.354163459266 7.581635909489655
964 4872.204079447091 7.585416946369836
965 4877.378834191745 7.589448895362591
966 4882.724867553637 7.5936119217361435
967 4887.704719044195 7.597488008788075
968 4892.672758216321 7.601352941322828
969 4897.817982164901 7.605353508972231
970 4903.057704660921 7.6094253200388815
971 4908.557298162404 7.613696545379827
972 4913.684803633338 7.617676893036859
973 4918.457939551368 7.621380549630483
974 4923.437791041925 7.625242521259972
975 4928.6952320155915 7.629317434026702
976 4934.194825517075 7.63357752911593
977 4939.723949814633 7.6378580835251375
978 4945.117232450246 7.642031255507263
979 4950.545952041147 7.6462295223743855
980 4956.004202428126 7.650448283249557
981 4961.651449909987 7.6548105433374145
982 4967.263260436555 7.659142992626729
983 4972.367141270629 7.6630815264714975
984 4977.146183347874 7.666767798907191
985 4982.084691723926 7.670575086007052
986 4987.105886328988 7.6744441188825405
987 4992.48735664617 7.678588321368958
988 4997.898357759427 7.682752990396309
989 5002.949083160565 7.686638584087903
990 5008.342365796177 7.690785286852606
991 5014.001425596468 7.695133746664108
992 5019.713640829694 7.699520525235918
993 5025.3372636746935 7.703836886675974
994 5030.423426031123 7.707739005704261
995 5035.161124993862 7.711372265883225
996 5040.22366271343 7.715252488729395
997 5045.49882216474 7.719293443201769
998 5051.222849716396 7.72367553258194
999 5056.828754083751 7.727964861092799
1000 5061.997602669191 7.731917964767698
1001 5067.444040737739 7.73608097869181
1002 5072.955446557652 7.740291326792797
1003 5078.88028352262 7.744814672973441
1004 5084.379877024105 7.749011272580819
1005 5088.981734324897 7.752521702039644
1006 5093.808025675862 7.756201445622331
1007 5098.929624987581 7.760104204275841
1008 5104.275658349472 7.764175728551771
1009 5109.527193163923 7.768173271723006
1010 5114.453889221545 7.771921906218363
1011 5119.274274413295 7.775587982615964
1012 5124.248219744636 7.779368916288375
1013 5129.629690061819 7.78345725310589
1014 5135.223782110744 7.787704696618904
1015 5140.433973810688 7.791658829760578
1016 5145.148048136568 7.795235076675408
1017 5149.980245646748 7.798899139656972
1018 5155.019158729456 7.802717954060689
1019 5160.3888167282075 7.806785126732213
1020 5165.888410229691 7.810948431454861
1021 5171.01000954141 7.8148238492619155
1022 5176.208388922925 7.818755344795742
