1 14.627859237536656 0.6849073118558205
2 19.827546815326702 0.6849073118558205
3 25.378898883978366 0.9273018033486858
4 30.121422623648314 1.092607890623494
5 35.18044440509371 1.244972126336831
6 40.52079777922841 1.3877701734508685
7 46.17764919513856 1.5245054076086415
8 51.27183742567012 1.637911380024444
9 55.62753022539228 1.7290026361643651
10 60.9327171504408 1.8338285679269115
11 66.4489027700063 1.9368129664276739
12 71.22659295876241 2.0217866339858963
13 76.00428314751852 2.1033301975214624
14 80.78197333627462 2.1818282806507328
15 85.98166091406468 2.264162465919992
16 91.14618204276856 2.343078176167369
17 96.09970447695548 2.4163523868605665
18 101.65105654560716 2.4959065419496214
19 106.4639131834494 2.5628889072433925
20 111.41743561763631 2.6300462103784765
21 116.65228964451252 2.699198668650088
22 121.289314036924 2.7590137270686834
23 126.34833581836938 2.822821343772283
24 131.12602600712546 2.8817871304622784
25 135.9740490940539 2.9404116222571606
26 141.34956891727478 3.004071291689305
27 146.65475584232328 3.065602946605022
28 152.13577501280264 3.127901104307525
29 156.77279940521407 3.1796617133964507
30 161.4098237976255 3.230593119684104
31 167.3128403571388 3.2942762629198272
32 172.72352662944581 3.3515896634233946
33 177.29021812368495 3.3992190057000213
34 181.7162438215794 3.444754416838348
35 186.77526560302488 3.4960687328812963
36 192.18595187533185 3.5501258795371973
37 196.7878098186572 3.5954698852289266
38 201.6709993546718 3.6429658929061834
39 206.97618627972034 3.6938702735152047
40 212.17587385751037 3.7430915862950584
41 217.34039498621428 3.7913478198318553
42 222.36425031857348 3.83770875984148
43 227.63427079453587 3.8857447507219156
44 232.97462416867054 3.933822915018814
45 237.9633130519436 3.9782131168232717
46 242.7410032406997 4.0202681912164
47 247.69452567488665 4.063409879296124
48 253.21071129445218 4.110914387035911
49 258.7972298121899 4.15847100079845
50 263.785918695463 4.2004878217439545
51 268.7746075787361 4.242088497044454
52 273.5522977674922 4.281552468812982
53 278.5761530998514 4.322659109578131
54 283.98683937215844 4.366495042153183
55 288.72936311182843 4.404563806020674
56 293.82355134235996 4.445089343567001
57 299.26940406375314 4.4880051031728
58 304.18776004885393 4.526418006070295
59 309.03578313578237 4.563965754547723
60 314.20030426448625 4.6036254274468575
61 319.5406576386209 4.644277934749327
62 324.7755116654972 4.683785639770003
63 330.0455321414596 4.723224710059281
64 335.3507190665081 4.762596850710348
65 340.4800737461258 4.800358223264632
66 345.4335961803127 4.83654655612032
67 350.1409534708965 4.870689129825026
68 354.95381010873876 4.905350413998981
69 360.01283189018415 4.941520644176538
70 364.8960214261987 4.976185595223769
71 369.99020965673026 5.012091382756117
72 374.6624004982279 5.04480095550774
73 379.68625583058713 5.079734925673984
74 385.16727500106646 5.117572745668293
75 390.12079743525334 5.1515332013937245
76 395.1094863185264 5.185509733979821
77 400.20367454905806 5.219975876590337
78 405.33302922867574 5.254451299750842
79 410.356884561035 5.2880004440122335
80 415.38073989339426 5.3213380770529755
81 420.510094573012 5.355160991003174
82 425.85044794714673 5.390148392996829
83 430.6984710340751 5.421717729791295
84 435.3706618755728 5.451970267080238
85 440.28901786067354 5.4836347391761295
86 445.3832060912051 5.516238474149285
87 450.2663956272197 5.547313196942686
88 455.18475161232044 5.578436507171769
89 460.31410629193823 5.610709774512936
90 464.98629713343587 5.639948654501095
91 469.76398732219184 5.669691133725924
92 474.89334200180963 5.701447874103436
93 479.98753023234116 5.732812992947196
94 485.2223842592174 5.764865583534486
95 490.3517389388351 5.796100888139255
96 495.305261373022 5.826107536198041
97 500.5049489508121 5.857438522867925
98 505.5991371813437 5.887972741119203
99 510.5174931664444 5.917304551882982
100 515.6820142951483 5.947947278455481
101 520.8113689747661 5.978226086102316
102 526.186888797987 6.009792921041546
103 531.6679079684662 6.041808905112435
104 536.3400988099638 6.068971205854383
105 541.2936212441508 6.097635198611387
106 546.4229759237686 6.127174334439391
107 551.3413319088693 6.155366397232994
108 556.7168517320902 6.186029364740516
109 561.5297083699325 6.213357336107128
110 566.4832308041193 6.241358257944438
111 571.8587506273403 6.271600810100885
112 576.9177724087856 6.299931770579821
113 582.1174599865758 6.328917548822592
114 587.0709824207626 6.356409431247292
115 591.9541719567771 6.383395464714618
116 597.1890259836534 6.4121968188020695
117 602.1777148669264 6.439525209143372
118 606.9554050556826 6.465590587536041
119 611.6979287953526 6.491360798306751
120 617.1789479658319 6.521012874231157
121 623.2226303216898 6.553550681157953
122 628.3871514503936 6.581231662694816
123 633.0945087409774 6.606363614571417
124 637.8721989297335 6.63177328731726
125 642.8257213639204 6.658014753079908
126 648.130908288969 6.686003107455998
127 653.1899300704143 6.7125852803233865
128 658.3896176482043 6.739796597186577
129 663.6596381241668 6.7672639902582965
130 668.2966625165782 6.791343402240654
131 673.2501849507651 6.816970641348884
132 678.3092067322104 6.84304408269562
133 683.1220633700528 6.867758178797493
134 688.6030825405322 6.895791926569036
135 694.1192681600977 6.923890780833577
136 698.93212479794 6.94831732361415
137 703.9911465793854 6.973899714101101
138 708.9798354626585 6.999035226263478
139 714.0740236931902 7.0246089606085995
140 719.5198764145832 7.051843842802732
141 724.6492310942008 7.077401492959337
142 729.2862554866124 7.1004292254661685
143 734.0991121244545 7.124250505883295
144 739.5449648458477 7.151105914779236
145 744.6743195254655 7.176310062536236
146 749.6630084087386 7.200739058582558
147 754.6868637410979 7.22525661995591
148 759.7107190734571 7.2496912664359
149 764.9455731003333 7.2750638377098245
150 770.0045948817786 7.299501177166568
151 774.5009534778454 7.321154778833493
152 779.3138101156878 7.344260165623275
153 784.9354950825117 7.371152874929829
154 790.5571800493358 7.3979478256346045
155 795.5458689326089 7.421647317607418
156 800.3235591213648 7.444274688201062
157 805.3825809028102 7.468158355718894
158 810.0196052952218 7.48998481436411
159 815.6412902620458 7.51635615472221
160 821.5091403724729 7.543782915609021
161 826.2164976630565 7.565718121084798
162 831.0996871990711 7.588404805293435
163 836.264208327775 7.612323637139413
164 841.5342288037373 7.636653383449475
165 846.1009202979765 7.657676636924284
166 850.9489433849049 7.679930658456689
167 856.7464605971596 7.7064543750898675
168 862.016481073122 7.730487874496709
169 866.7941712618782 7.75221384535942
170 871.5366950015481 7.7737200150469326
171 876.1385529448735 7.794532237881221
172 881.3382405226636 7.817978628341422
173 886.5730945495397 7.841512623041515
174 891.3859511873818 7.863089106836049
175 896.3394736215688 7.88523391028438
176 901.7853263429621 7.909505948775237
177 907.5125106570445 7.934950645957688
178 912.6418653366622 7.957672528010471
179 918.0525516089693 7.981569346850412
180 923.1467398395008 8.004004384654452
181 927.5375990883091 8.023294583579746
182 932.4911215224961 8.044998414714264
183 937.5501433039415 8.067103760672598
184 942.7146644326453 8.089607329964098
185 947.9143520104354 8.112200920763886
186 953.0788731391393 8.134579733851856
187 957.8565633278954 8.155229253235925
188 962.1770896785314 8.173859996452231
189 966.9196134182012 8.19425961327569
190 972.3302996905082 8.21746845356224
191 977.4596543701258 8.239411271113905
192 982.5538426006575 8.261146109683839
193 987.7535301784476 8.283271821652239
194 992.4608874690313 8.303253704497672
195 997.4144099032181 8.324227627780807
196 1002.5437645828359 8.345889761336267
197 1007.3917876697643 8.366313366793316
198 1012.3453101039512 8.387129596544902
199 1017.9669950707753 8.41068844949478
200 1023.0611833013066 8.431981804146076
201 1027.874039939149 8.452051066467526
202 1032.5813972297328 8.47163486229495
203 1037.4294203166612 8.491756042365921
204 1042.6642743435375 8.513427692015384
205 1048.0397941667584 8.535623872009664
206 1052.9229837027729 8.555739108090595
207 1057.5951745442705 8.574941885360188
208 1062.9706943674914 8.596979245906752
209 1067.9945496998505 8.61752530538621
210 1072.8074063376928 8.637163450676153
211 1077.6905958737073 8.657042755755896
212 1082.6792847569805 8.677304083131075
213 1087.8438058856843 8.698229119692936
214 1093.0083270143882 8.719103938262524
215 1097.8563501013168 8.738655327293326
216 1102.6340402900728 8.757880660049764
217 1107.9392272151215 8.779177111572315
218 1113.5257457328594 8.801546155267156
219 1118.6199339633908 8.821896149597524
220 1123.4327906012331 8.841080350217835
221 1128.5269788317648 8.861339555055633
222 1133.339835469607 8.880438547432094
223 1138.7505217419139 8.901858568312988
224 1144.337040259652 8.923920099215938
225 1149.325729142925 8.943576846727924
226 1154.4199173734567 8.963604395794885
227 1159.3382733585572 8.982898971038562
228 1164.467628038175 9.00297640967441
229 1169.3508175741895 9.022049713587458
230 1174.198840661118 9.040945994609775
231 1179.8908585261145 9.063078313643842
232 1185.4422105947658 9.084612216704764
233 1190.5012323762114 9.104193688658231
234 1195.384421912226 9.123055383033364
235 1200.0214463046373 9.140931178780695
236 1205.185967433341 9.16079726239785
237 1210.5263208074757 9.181293859893614
238 1215.761174834352 9.201341604670287
239 1220.6443643703665 9.22000456220744
240 1225.6330532536394 9.23903138880173
241 1231.1492388732051 9.260022583862371
242 1236.2434271037366 9.279367176948368
243 1241.9002785196465 9.300799206957157
244 1247.2054654446952 9.320855271315844
245 1251.947989184365 9.338749721294356
246 1256.514680678604 9.355949066434741
247 1261.1517050710156 9.373380725599068
248 1266.421725546978 9.393150162188988
249 1271.3049150829927 9.411432769282296
250 1276.363936864438 9.430335644261215
251 1281.774623136745 9.450509379866944
252 1286.6578126727595 9.468681235538703
253 1291.1541712688265 9.485384241053342
254 1295.9318614575827 9.50309901699781
255 1301.2370483826312 9.52272902205803
256 1306.8587333494554 9.543484968960332
257 1311.6364235382114 9.56109209657628
258 1316.4844466251402 9.578925071333442
259 1321.7896335501887 9.598400003276689
260 1326.4618243916864 9.615520749002398
261 1331.4153468258733 9.63363808705468
262 1336.0875376673707 9.65069631912352
263 1341.4982239396777 9.67041036458504
264 1347.2254082537602 9.69123284311894
265 1352.0734313406888 9.708826780953206
266 1357.132453122134 9.727151744228992
267 1361.6991446163731 9.743665513142517
268 1366.5120012542154 9.761038249936691
269 1371.6765223829195 9.779644747345277
270 1376.3487132244172 9.796448746146316
271 1381.4077350058624 9.814610110879324
272 1386.6425890327384 9.833366768950036
273 1391.5961114669255 9.851083469880143
274 1397.0771306374047 9.870647872487432
275 1402.1009859697642 9.888547904372054
276 1406.7380103621756 9.905042299272221
277 1411.9728643890514 9.923628032856138
278 1417.1373855177555 9.941930245281299
279 1422.231573748287 9.959950499526826
280 1427.2905955297324 9.97781426694883
281 1432.5957824547806 9.996512124056528
282 1438.0064687270878 10.015545507956054
283 1443.2764892030505 10.034049808743106
284 1448.5465096790126 10.052520047567
285 1453.2538669695964 10.068991474651908
286 1457.7502255656634 10.084700252203493
287 1463.2312447361426 10.103812303724172
288 1468.8529297029665 10.12337692640719
289 1473.911951484412 10.140952814544423
290 1478.7951410204264 10.157889583378335
291 1483.5376647600967 10.174311974588996
292 1488.7725187869728 10.192406709917991
293 1493.866707017504 10.209984891828531
294 1498.7498965535185 10.22680733624412
295 1504.019917029481 10.244930064917739
296 1509.1492717090987 10.262538786495456
297 1514.7709566759227 10.281801382518003
298 1519.829978457368 10.299106915759833
299 1524.1153383589178 10.313745826455897
300 1529.2095265894495 10.331117554443082
301 1534.268548370895 10.348340616563844
302 1539.5385688468575 10.366250877671437
303 1544.7030899755614 10.383772962000604
304 1549.6214459606617 10.400433216263016
305 1554.6453012930215 10.417422969255272
306 1559.1768263381746 10.432725652428052
307 1564.4820132632228 10.450609630041297
308 1569.5762014937543 10.467754228605937
309 1573.967060742563 10.482511549043478
310 1579.061248973094 10.499604055716363
311 1583.8389391618502 10.51561039851026
312 1588.6166293506062 10.531592414241011
313 1593.992149173827 10.549543241152465
314 1599.4380018952204 10.567697626766098
315 1604.883854616614 10.585820878163865
316 1609.696711254456 10.601813700933171
317 1614.1579034014367 10.616617646463116
318 1618.9004271411065 10.632331523205576
319 1623.6077844316903 10.647906067825136
320 1629.2646358476006 10.666588691457804
321 1634.5698227726489 10.684081215220008
322 1639.5233452068358 10.700389475681341
323 1644.828532131884 10.717826833456192
324 1649.360057177037 10.732701209407471
325 1654.454245407569 10.749395899370448
326 1659.1616026981526 10.764801076252105
327 1663.8337935396498 10.780069520317213
328 1669.420312057388 10.798294440781609
329 1674.5496667370055 10.81500222556996
330 1679.608688518451 10.831455891605067
331 1684.245712910862 10.846516492639338
332 1688.8124044051012 10.861328491572422
333 1694.328590024667 10.879189944670529
334 1699.5282776024571 10.89600068273006
335 1704.6576322820745 10.912558874403484
336 1710.0683185543817 10.929997180367968
337 1715.2680061321716 10.946729894753286
338 1720.4676937099616 10.963437071216257
339 1725.1047181023732 10.978316615393723
340 1729.8472418420429 10.993513500059429
341 1735.222761665264 11.010711280077949
342 1740.352116344882 11.027097224678124
343 1745.3408052281547 11.043010915445189
344 1750.5404928059447 11.059572645652956
345 1755.14235074927 11.074211350678816
346 1760.1662060816295 11.090168947041509
347 1765.6120588030226 11.107439750353635
348 1770.5304147881234 11.123016136251367
349 1775.5542701204827 11.138903815085602
350 1780.2264609619806 11.153660155003928
351 1785.285482743426 11.169614964090087
352 1790.3445045248716 11.185547015623692
353 1795.403526306317 11.20145640671029
354 1800.7087132313654 11.218114936659928
355 1805.6974021146386 11.233758035860047
356 1811.0377554887732 11.250478659471089
357 1816.1671101683912 11.266515893410999
358 1821.0502997044057 11.281763034994675
359 1826.2148208331096 11.297865322498899
360 1831.3441755127271 11.313835386578303
361 1836.8955275813792 11.331092699437756
362 1841.919382913738 11.34668903238614
363 1846.0640770189436 11.359542608530754
364 1850.8769336567857 11.37444760679612
365 1855.865622540059 11.389875997388542
366 1860.9246443215043 11.405500376072526
367 1865.8781667556914 11.420778535040661
368 1870.9371885371365 11.436360694694288
369 1876.2775419112713 11.452785530084487
370 1881.0903985491136 11.467569336299515
371 1886.184586779645 11.483195697793475
372 1891.3842743574353 11.499123464840965
373 1896.4081296897944 11.514492203049008
374 1901.7484830639291 11.530805746045703
375 1906.5965061508575 11.545596762231373
376 1911.3741963396137 11.560154900453938
377 1916.4683845701452 11.575656278305555
378 1921.1054089625568 11.589749849189403
379 1926.375429438519 11.605744496118493
380 1931.610283465395 11.621610718540735
381 1936.6341387977545 11.636817689029986
382 1941.728327028286 11.652217079968377
383 1946.3653514206976 11.66621816065591
384 1951.8112041420907 11.682637403678587
385 1956.5537278817608 11.696919255683909
386 1960.9094206814827 11.710022053823753
387 1966.4959391992204 11.726801800490255
388 1971.9066254715276 11.743031024548605
389 1977.000813702059 11.758291312707668
390 1981.8136703399016 11.772691479828259
391 1986.450694732313 11.786549451494782
392 1991.8262145555336 11.802591740366976
393 1997.2720672769271 11.81882152854467
394 2002.5069213038032 11.834402084926268
395 2007.3549443907316 11.848814124236828
396 2012.0974681304012 11.862895916211741
397 2017.3674886063638 11.878522772688195
398 2022.004512998775 11.892257420464084
399 2027.555865067427 11.908676549610508
400 2033.142383585165 11.925176775636746
401 2037.673908630318 11.938546994867052
402 2042.9439291062804 11.954074957563552
403 2048.1084502349845 11.969272816616677
404 2052.815807525568 11.983109853809873
405 2057.5934977143243 11.997137095779014
406 2062.9690175375454 12.012898164563111
407 2068.414870258938 12.028844202415124
408 2073.2277268967805 12.042920863756445
409 2077.864751289192 12.05646823178377
410 2082.9941059688094 12.071434733836718
411 2087.9124619539107 12.085768767143106
412 2092.7956514899256 12.099983615449297
413 2097.995339067715 12.1151005162968
414 2102.9488615019022 12.129484904060433
415 2108.2540484269507 12.144870569030843
416 2113.629568250172 12.1604401629118
417 2118.93475517522 12.175786712013313
418 2124.064109854838 12.19060672672645
419 2129.052798738111 12.205003451119783
420 2134.5689843576765 12.220901214404089
421 2139.522506791863 12.23516121716744
422 2143.948532489758 12.24789015111147
423 2149.007554271204 12.26242132477906
424 2154.1017425017353 12.277036030629779
425 2159.336596528611 12.292035798902395
426 2164.254952513712 12.306112881046978
427 2168.8216440079514 12.319170053936915
428 2173.599334196707 12.332815069733986
429 2178.5880230799803 12.34704597952058
430 2184.0690422504595 12.362661053045587
431 2189.26872982825 12.377457143465444
432 2194.5739167532984 12.392534948064712
433 2200.1604352710365 12.408391773551804
434 2204.8677925616203 12.421739669459527
435 2209.4696505049455 12.434774881390204
436 2214.3880064900463 12.448690554047243
437 2219.165696678802 12.46219375699426
438 2224.576382951109 12.477466506162067
439 2229.916736325244 12.492522598393025
440 2235.0109245557755 12.506868425882876
441 2239.7534482954457 12.520210109678871
442 2244.2498068915124 12.532846885312429
443 2249.554993816561 12.547737969505379
444 2254.332684005317 12.561134697064935
445 2259.0400412959 12.574320454310243
446 2264.450727568207 12.589457179053214
447 2269.26358420605 12.602907686242043
448 2274.1819401911507 12.616637916160986
449 2279.4871271161996 12.63143022021626
450 2284.86264693942 12.646400801233508
451 2290.2733332117273 12.66145135444468
452 2295.3323549931724 12.67550843136763
453 2300.743041265479 12.690524463914068
454 2305.5207314542354 12.703770617247585
455 2310.2280887448196 12.716808479548611
456 2315.709107915299 12.731970067417464
457 2320.8032961458302 12.746046396769465
458 2325.7919850291028 12.759816441655323
459 2330.464175870601 12.772700273486853
460 2335.4176983047873 12.786344895793563
461 2340.7580516789226 12.801037702200174
462 2345.746740562196 12.814748656500758
463 2350.770595894555 12.828541357602125
464 2356.040616370517 12.84299330787442
465 2361.0996381519626 12.856851896899565
466 2366.369658627925 12.871272059948422
467 2371.604512654801 12.885580112099149
468 2376.1360376999546 12.897954800811956
469 2380.9137278887106 12.910988140736162
470 2385.93758322107 12.924678139305833
471 2391.2427701461183 12.939118289332225
472 2396.618289969339 12.953733281281442
473 2401.7124781998705 12.967568888329225
474 2406.6308341849713 12.980913412897275
475 2411.303025026469 12.993578017033263
476 2416.643378400604 13.00803675208885
477 2422.054064672911 13.022669362278371
478 2426.902087759839 13.03576774732623
479 2432.4534398284904 13.050748306932094
480 2437.653127406281 13.064765148931091
481 2442.2198189005194 13.077064845502226
482 2446.9271761911036 13.0897308980493
483 2452.0213644216356 13.103422909084943
484 2457.8188816338898 13.118986090813987
485 2462.666904720819 13.131988405948956
486 2467.0577639696266 13.143754763358535
487 2472.081619301986 13.157202571737296
488 2477.175807532518 13.17082444134444
489 2482.621660253911 13.185370188148994
490 2487.6455155862704 13.198775595976642
491 2492.4935386731986 13.211699386375528
492 2497.798725598247 13.225826166128037
493 2502.6467486851757 13.238723549483312
494 2507.635437568449 13.251981666746362
495 2512.5186271044636 13.264946848633478
496 2518.0699791731154 13.279668877864818
497 2523.9026628344564 13.295118765195477
498 2528.821018819557 13.308134848288287
499 2533.9152070500886 13.321602384518565
500 2538.4818985443276 13.33366516258588
501 2543.2947551821703 13.346365675819046
502 2548.529609209046 13.360164936736258
503 2553.3424658468884 13.372840282509966
504 2558.6828192210237 13.386889395243596
505 2563.7066745533825 13.400093205455912
506 2568.554697640311 13.412823019704417
507 2573.719218769015 13.42636976347157
508 2578.6024083050293 13.43916670879386
509 2583.942761679164 13.453146557059334
510 2589.142449256954 13.466744569923016
511 2593.9553058947968 13.479319693377528
512 2599.1198270235004 13.492799674783074
513 2604.073349457687 13.505716811101927
514 2609.4488692809077 13.519719316573404
515 2614.6133904096114 13.533159057163223
516 2619.4614134965404 13.545763821560078
517 2624.907266217933 13.559907375911463
518 2629.825622203034 13.572669531189153
519 2635.3418078226 13.586967117544956
520 2640.3304967058734 13.59988574692396
521 2644.5103572601643 13.610702478748918
522 2649.991376430644 13.624869388625962
523 2655.261396906606 13.638477539649198
524 2660.179752891707 13.651166241720446
525 2665.062942427721 13.663752652927291
526 2669.664800371046 13.675604063272889
527 2675.3568182360423 13.690245817267007
528 2681.048836101038 13.704871928587568
529 2685.7561933916218 13.716958284870005
530 2690.955880969412 13.730295030140374
531 2696.0500691999437 13.743348884667196
532 2700.933258735958 13.755850950303754
533 2705.605449577456 13.76780273023137
534 2710.1721410716946 13.77947490274256
535 2715.6179937930883 13.793378814819967
536 2721.4506774544293 13.808253930314494
537 2726.580032134047 13.82132363101718
538 2731.1467236282856 13.832950642941645
539 2735.5375828770943 13.844121253275414
540 2740.6317711076254 13.857067879835823
541 2745.831458685416 13.870269905528557
542 2750.679481772344 13.882568591410532
543 2756.1605009428235 13.896458346906703
544 2761.219522724269 13.909267348786418
545 2766.0675458111978 13.921531583235478
546 2770.7749031017815 13.933430002440149
547 2776.009757128658 13.94664841519336
548 2781.6314420954814 13.960828748403188
549 2786.5146316314954 13.973136231481128
550 2791.503320514769 13.98569815989421
551 2796.6326751943866 13.998602191966755
552 2801.234533137712 14.010170350997337
553 2806.1880555718994 14.022610911731801
554 2811.5987418442064 14.036185876417756
555 2816.9039287692553 14.049483658057719
556 2821.927784101614 14.062065328124856
557 2826.5296420449395 14.073581322018907
558 2831.4128315809544 14.085790287689544
559 2836.225688218796 14.097813238708104
560 2841.4605422456725 14.110877665744596
561 2846.660229823463 14.123842448974118
562 2851.402753563132 14.135658063620603
563 2856.7782733863532 14.149037165434583
564 2861.626296473281 14.16109374843116
565 2866.228154416607 14.172529276275439
566 2871.252009748966 14.185001808998994
567 2876.1703657340668 14.197202065226689
568 2881.756884251805 14.211045367875647
569 2886.9214053805085 14.223831906886794
570 2891.5232633238334 14.235217035591663
571 2896.5822851052785 14.247721489526036
572 2901.606140437638 14.260128255998344
573 2906.9816602608585 14.273390686685808
574 2912.075848491391 14.28594829354197
575 2917.627200560042 14.299619199629579
576 2923.0027203832633 14.312845037645792
577 2927.4639125302438 14.323814072151297
578 2932.804265904378 14.336931332489659
579 2937.828121236737 14.349260965880577
580 2942.7113107727523 14.361235568997314
581 2948.0868305959734 14.374404714125747
582 2953.005186581074 14.386444350326899
583 2958.380706404295 14.399590440783363
584 2963.369395287568 14.411780658143437
585 2967.549255841859 14.421988468102228
586 2972.7489434196495 14.434673823814213
587 2977.9134645483537 14.447262441980422
588 2982.9021534316266 14.459412468824443
589 2988.137007458503 14.472150473502962
590 2993.0905298926896 14.48419424219266
591 2998.430883266825 14.497166388799267
592 3003.5250714973563 14.509530325117927
593 3008.5137603806293 14.521628253458848
594 3013.88928020385 14.534652075261421
595 3019.159300679812 14.547409208903835
596 3024.28865535943 14.559815417805554
597 3029.0311790990995 14.571277513269978
598 3033.0703738570464 14.58103441362214
599 3038.1293956384925 14.593242551398095
600 3043.891746401661 14.607133836666664
601 3049.056267530365 14.619573953773175
602 3053.9746235154653 14.631411850857571
603 3058.189650518843 14.641551001971562
604 3063.1783394021163 14.653539934755427
605 3068.34286053082 14.665940688787163
606 3073.3667158631797 14.677993954265114
607 3078.882901482745 14.691215871119063
608 3084.082589060535 14.703668957020705
609 3089.176777291066 14.715859395517473
610 3094.1302997252533 14.727703869459583
611 3099.1893215066984 14.739790529691993
612 3104.28350973723 14.751951118756576
613 3109.3425315186755 14.76401792883246
614 3114.5070526473796 14.776325966573598
615 3119.530907979739 14.788289262279715
616 3124.132765923064 14.799240157517746
617 3129.015955459079 14.81085095601112
618 3133.793645647835 14.822202358880988
619 3138.3603371420736 14.833044844008356
620 3143.2083602290027 14.844545893605833
621 3148.1970491122756 14.856371012582695
622 3153.6077353845835 14.86918480748144
623 3158.6315907169424 14.881073451651837
624 3163.936777641991 14.89361689362724
625 3169.1364652197803 14.90590088521899
626 3173.8086560612783 14.916931247799123
627 3179.113842986327 14.929444562750735
628 3184.1728647677724 14.941368027893244
629 3188.8802220583557 14.952454934051023
630 3193.7634115943706 14.963946850885176
631 3198.5411017831257 14.975182205320841
632 3203.881455157261 14.987729399129218
633 3209.3273078786538 15.000513427057571
634 3214.280830312841 15.01213331253055
635 3219.269519196114 15.0238265255336
636 3224.1175422830424 15.035181638820797
637 3229.176564064487 15.047021316693776
638 3234.0949200495884 15.058523190027937
639 3239.540772770981 15.071247167982527
640 3245.1624577378057 15.084370338984883
641 3250.186313070165 15.096089518748462
642 3255.3156677497823 15.108045176902783
643 3259.9878585912797 15.118928061173156
644 3264.589716534605 15.129639640584882
645 3270.1059021541705 15.142467200041574
646 3275.411089079219 15.154794291082162
647 3280.7514424533542 15.167192899939684
648 3285.98629648023 15.179336969976552
649 3290.341989279952 15.18943604203746
650 3295.47134395957 15.201318284425692
651 3300.7413644355324 15.21351640242366
652 3305.835552666063 15.225298626884118
653 3311.105573142026 15.237477547816052
654 3316.094262025299 15.248997963680626
655 3321.399448950347 15.261239005959425
656 3326.5288036299644 15.27306538669581
657 3331.482326064151 15.284478068424207
658 3336.6468471928547 15.296367329915018
659 3341.5300367288696 15.307601062641433
660 3347.1165552466073 15.320441059575405
661 3351.9997447826217 15.331657153132978
662 3355.898273744223 15.340608000682005
663 3361.027628423841 15.35237324128934
664 3366.4734811452345 15.364853877393994
665 3371.6731687230244 15.376761417785696
666 3376.7673569535564 15.388418653340842
667 3381.228549100537 15.398621534162924
668 3386.3227373310683 15.410262233439497
669 3391.8037565015475 15.422776209083324
670 3396.968277630251 15.434558939698196
671 3402.378963902558 15.446893112809025
672 3407.648984378521 15.458897456835203
673 3413.0245042017414 15.471132292052598
674 3417.7670279414115 15.481919705461328
675 3422.2282200883915 15.492061007762958
676 3427.181742522578 15.503312477857898
677 3431.9242662622487 15.514077515413652
678 3436.8777886964353 15.525313029762664
679 3442.3236414178286 15.537654752437078
680 3447.488162546532 15.549350432525513
681 3452.1955198371156 15.56000414149552
682 3456.5512126368376 15.56985630346046
683 3461.7157337655417 15.581527812700473
684 3467.267085834194 15.594062959556709
685 3472.3964405138113 15.605637119191472
686 3477.736793887946 15.617677815694977
687 3482.760649220305 15.628997107596868
688 3487.8900038999227 15.640545415634953
689 3492.8786927831957 15.651769157979462
690 3498.0080474628135 15.66330067654788
691 3503.559399531465 15.675770433781093
692 3508.372256169307 15.686574794305153
693 3513.220279256236 15.697450500649357
694 3518.138635241336 15.708476131691102
695 3522.740493184662 15.718785968227234
696 3528.4676774987443 15.731604804183547
697 3533.843197321965 15.743627711942942
698 3538.4450552652897 15.753914544242207
699 3543.2930783522183 15.764743794628984
700 3547.8246033973714 15.774860066851815
701 3552.5319606879552 15.78536157769699
702 3557.661315367573 15.796795575302628
703 3563.3533332325687 15.809472935227522
704 3568.8695188521347 15.8217493261671
705 3573.7527083881487 15.832610288305547
706 3579.0578953131967 15.844400450696774
707 3584.081750645557 15.855557886005158
708 3588.5781092416228 15.865538305920817
709 3593.777796819413 15.877070345705292
710 3599.0829837444617 15.888827516942714
711 3604.38817066951 15.900575994719103
712 3609.41202600187 15.911694039235977
713 3614.1897161906263 15.922260641149526
714 3619.0025728284686 15.932897853479876
715 3623.7099301190524 15.943295268522752
716 3628.9447841459287 15.954848617376983
717 3633.7928072328573 15.96554157698458
718 3638.640830319786 15.976227379748641
719 3644.4031810829542 15.988917163078503
720 3649.4973693134857 16.00012840569637
721 3654.1343937058973 16.010327675974747
722 3659.2285819364283 16.021523936351013
723 3664.1821043706154 16.03240383601048
724 3669.7334564392672 16.044586731031234
725 3674.7924782207124 16.055682077142862
726 3679.1130045713485 16.065153283770858
727 3683.9961941073634 16.075849801249802
728 3688.879383643378 16.086539206231805
729 3694.219737017513 16.098220215060955
730 3699.6304232898196 16.110046283860477
731 3704.724611520351 16.121173289159582
732 3710.1704642417444 16.13305918767189
733 3714.877821532328 16.14332768554243
734 3719.4093465774813 16.15320686369316
735 3724.5738677061845 16.164457171486298
736 3729.6680559367164 16.175546748094803
737 3735.149075107196 16.187469119411322
738 3740.2432633377266 16.198542941971073
739 3744.9506206283104 16.208769954958246
740 3749.763477266153 16.219219264116305
741 3754.295002311306 16.229052244538018
742 3759.8815208290434 16.241163773661274
743 3765.643871592212 16.253646713314627
744 3770.49189467914 16.2641432274882
745 3775.445417113326 16.274860934647194
746 3780.012108607566 16.284736258805392
747 3784.543633652719 16.29452970285777
748 3789.637821883251 16.30553081590108
749 3795.083674604644 16.31728242453724
750 3800.4943608769513 16.328949840624823
751 3805.623715556569 16.340003464103354
752 3810.893736032531 16.35135214437352
753 3815.8120920176325 16.36193714414283
754 3820.5897822063885 16.372213162407903
755 3825.85980268235 16.383539531423647
756 3830.989157361968 16.394556349196815
757 3836.0833455924994 16.40549038700079
758 3841.036868026686 16.41611581208631
759 3845.4980601736665 16.42568034687537
760 3850.5570819551117 16.436518440668348
761 3855.756769532902 16.44765015059186
762 3860.991623559779 16.45884946952188
763 3866.2968104848273 16.47019134561169
764 3871.004167775411 16.48024978484666
765 3876.2390218022874 16.49142696539795
766 3881.1222113383023 16.501847174069464
767 3886.1812331197475 16.512635275722868
768 3891.90841743383 16.524838309318515
769 3897.1081050116204 16.535910563829084
770 3902.448458385755 16.54727435664008
771 3907.2613150235975 16.55751003981706
772 3911.9686723141813 16.567515466373315
773 3916.922194748368 16.578037044426402
774 3921.5240526916937 16.587806430670764
775 3927.21607055669 16.599879705082
776 3932.4860910326524 16.611050838691455
777 3936.6659515869433 16.61990792998651
778 3941.5139746738723 16.630173271623946
779 3946.502663557145 16.64072954892222
780 3951.56168533859 16.651427671916785
781 3956.444874874605 16.661747816911813
782 3961.328064410619 16.67206157365235
783 3967.1959145210453 16.684444490268753
784 3972.6066007933528 16.695855327726964
785 3977.1029593894195 16.70533372862001
786 3981.423485740055 16.71443681532035
787 3986.060510132467 16.72420046957843
788 3991.717361548377 16.736101458528374
789 3997.2335471679426 16.747698626394403
790 4001.8354051112683 16.75736910184774
791 4006.8592604436276 16.767919055445777
792 4012.1292809195897 16.77897831193486
793 4016.87180465926 16.788925414109727
794 4021.614328398929 16.798866626314364
795 4026.7085166294614 16.809537675964922
796 4032.1895357999406 16.821010694122364
797 4037.1782246832136 16.83144728322305
798 4041.709749728366 16.84092280329019
799 4046.557772815295 16.85105350740382
800 4051.511295249482 16.861398157544397
801 4057.0274808690474 16.87290920610963
802 4062.4733335904407 16.884265918642456
803 4067.286190228283 16.894297431268203
804 4072.23971266247 16.904615618641273
805 4077.26356799483 16.915073734643627
806 4082.2874233271887 16.925525388679993
807 4087.9794411921844 16.93735793223494
808 4093.77695840444 16.9494011056816
809 4098.589815042282 16.959394090768836
810 4103.15650653652 16.96887104384822
811 4108.110028970708 16.979143913065982
812 4112.8525527103775 16.988973818002208
813 4117.806075144565 16.999234538843787
814 4123.462926560474 17.010943112894346
815 4128.908779281868 17.02220773354443
816 4134.038133961485 17.0328114659092
817 4138.569659006639 17.042175027022548
818 4143.136350500878 17.051605972119365
819 4148.547036773185 17.06277126975411
820 4153.992889494578 17.074001696666148
821 4159.262909970539 17.08486282298331
822 4164.110933057468 17.09484896461985
823 4168.923789695311 17.10475697599614
824 4174.228976620359 17.115670840156113
825 4179.252831952719 17.12600007424356
826 4184.593185326854 17.136972573997856
827 4189.8983722519015 17.147865934355686
828 4195.062893380606 17.158464085406568
829 4200.332913856569 17.169271781662317
830 4205.180936943497 17.179208857092135
831 4210.556456766718 17.190219334634445
832 4215.615478548163 17.2005756986661
833 4220.358002287833 17.210279130034518
834 4225.803855009227 17.221413364399393
835 4230.722210994327 17.23146390841725
836 4235.7108998776 17.241652046808735
837 4240.629255862701 17.251690800115686
838 4245.1959473569395 17.26100727186979
839 4250.817632323765 17.27246680022189
840 4256.193152146985 17.283417867482523
841 4260.865342988483 17.292931788265626
842 4265.748532524497 17.30286931797433
843 4270.666888509598 17.312872574892644
844 4275.725910291044 17.323155612854514
845 4280.538766928886 17.332933117966416
846 4285.2461242194695 17.342491184422535
847 4290.586477593604 17.35332679749729
848 4296.102663213171 17.364511746407242
849 4301.30235079096 17.37504892703755
850 4306.361372572405 17.38529518902833
851 4310.822564719386 17.394326813980165
852 4315.635421357228 17.40406433555891
853 4321.116440527708 17.41514568668228
854 4326.175462309153 17.425368371459793
855 4330.988318946995 17.435088556293472
856 4335.4846775430615 17.4441652946186
857 4340.5436993245075 17.454370983185814
858 4345.673054004125 17.46471232880597
859 4350.450744192882 17.474339857470692
860 4355.826264016103 17.485164490837246
861 4360.885285797547 17.495346263059172
862 4365.838808231734 17.505310176691918
863 4371.07366225861 17.515833259263168
864 4375.992018243711 17.525714961903326
865 4381.367538066931 17.536507883359477
866 4387.305721075531 17.54842176074243
867 4392.9977389405285 17.559834575948866
868 4397.740262680197 17.56933959210898
869 4401.9201232344885 17.577713825707956
870 4406.768146321417 17.587420128645693
871 4412.284331940983 17.59845629684232
872 4417.870850458721 17.609626003944886
873 4422.683707096563 17.619244537821032
874 4427.531730183491 17.628927974398874
875 4432.6259184140235 17.639096872502538
876 4437.403608602779 17.648629272665072
877 4442.427463935139 17.65864676124393
878 4447.556818614757 17.668868547466726
879 4453.037837785237 17.67978392514326
880 4458.413357608456 17.690482849741574
881 4463.015215551782 17.699638227716097
882 4467.828072189624 17.709207872650694
883 4473.027759767414 17.719540075932755
884 4478.26261379429 17.729936009097813
885 4483.74363296477 17.7408138138812
886 4488.94332054256 17.751127620650795
887 4493.756177180402 17.760669522553364
888 4498.709699614589 17.770484670014234
889 4503.733554946949 17.78043350544725
890 4509.284907015601 17.79141945574583
891 4514.343928797046 17.801426062060145
892 4519.22711833306 17.811079884282254
893 4524.356473012678 17.82121423903411
894 4528.88799805783 17.830163773000383
895 4534.298684330138 17.840841834048767
896 4539.709370602446 17.85151350790947
897 4544.381561443943 17.860724822208866
898 4549.546082572647 17.870900224728995
899 4554.956768844954 17.88155395981424
900 4560.4377880154325 17.892339587372106
901 4565.215478204189 17.901737140185162
902 4569.676670351169 17.91050834393548
903 4575.017023725305 17.92100051886464
904 4580.216711303095 17.931210684808214
905 4585.45156532997 17.941483968922316
906 4590.264421967812 17.950924686261175
907 4595.112445054741 17.960429297063804
908 4600.698963572479 17.97137402932148
909 4605.406320863063 17.980592718585417
910 4610.113678153647 17.989806683828572
911 4615.770529569557 18.000870956846267
912 4621.005383596434 18.011104507751533
913 4625.95890603062 18.02078325453704
914 4630.736596219376 18.030113860800885
915 4635.26812126453 18.03895975526048
916 4640.643641087751 18.049445777340484
917 4645.808162216454 18.059514847766675
918 4651.078182692417 18.069783625685833
919 4656.277870270207 18.079909770375995
920 4660.809395315359 18.088731313262425
921 4666.149748689494 18.099120171499077
922 4671.314269818198 18.109161621950246
923 4676.478790946902 18.119197507546147
924 4681.643312075605 18.12922783752848
925 4686.491335162535 18.13863901807477
926 4691.620689842151 18.14859046144611
927 4696.855543869027 18.15874076364903
928 4702.406895937679 18.169497976831092
929 4707.430751270038 18.179228447997712
930 4712.419440153311 18.188885722897567
931 4717.478461934757 18.198673782265836
932 4722.396817919857 18.20818490659907
933 4727.49100615039 18.2180304792776
934 4732.198363440973 18.22712441812378
935 4737.046386527901 18.23648507790827
936 4742.281240554777 18.246586485720755
937 4747.480928132567 18.25661456586957
938 4752.75094860853 18.266772543312616
939 4757.563805246372 18.2760452295852
940 4762.341495435127 18.28524558107672
941 4767.752181707435 18.29565804052468
942 4772.670537692536 18.305118773047813
943 4777.940558168497 18.315249849177224
944 4783.280911542632 18.325510292942745
945 4788.199267527733 18.33495562188038
946 4793.504454452781 18.345137632544606
947 4798.352477539709 18.35443810635486
948 4802.954335483035 18.363262458916164
949 4808.154023060825 18.37322685760107
950 4813.353710638615 18.383185855196775
951 4818.3775659709745 18.392803277943447
952 4823.260755506989 18.40214686449428
953 4827.8274470012275 18.41088117932334
954 4832.8161358845 18.420417006009938
955 4837.699325420515 18.429746592847923
956 4843.0748452437365 18.440010392996978
957 4848.591030863302 18.450536592311185
958 4853.614886195661 18.460118926448832
959 4859.095905366141 18.47056671222432
960 4864.154927147586 18.480205579577085
961 4868.862284438169 18.489170567478368
962 4873.534475279667 18.498064356167163
963 4878.734162857458 18.5079561797281
964 4884.391014273367 18.518710879384766
965 4889.098371563951 18.527657235714397
966 4893.6298966091035 18.536265693569003
967 4898.970249983238 18.546403864942317
968 4903.78310662108 18.555536812667846
969 4909.053127097043 18.56553123798698
970 4914.287981123919 18.57545371001168
971 4918.573341025469 18.58357420528331
972 4923.456530561484 18.592821922574334
973 4928.1990543011525 18.6017991176316
974 4933.258076082599 18.61137001957198
975 4938.668762354906 18.62160012407506
976 4943.7629505854375 18.63122723096731
977 4949.173636857744 18.641446438178217
978 4954.408490884622 18.65132852350158
979 4959.186181073377 18.660343845117783
980 4964.17486995665 18.669752255832503
981 4968.917393696321 18.678692477320833
982 4974.081914825025 18.68842252117264
983 4979.527767546418 18.698676607281193
984 4984.79778802238 18.70859456522814
985 4989.997475600169 18.718375133326006
986 4994.704832890753 18.72722610644176
987 4999.799021121285 18.736798941995914
988 5005.104208046334 18.746762699022483
989 5010.479727869554 18.756853027912427
990 5015.503583201914 18.76627895308838
991 5020.492272085187 18.77563428013194
992 5025.727126112063 18.785445776062428
993 5030.434483402646 18.79426516294952
994 5035.177007142317 18.803146183110343
995 5040.552526965537 18.813206271145383
996 5046.103879034189 18.82358947728419
997 5051.549731755583 18.83376997159985
998 5056.292255495253 18.84263237213143
999 5060.683114744061 18.850834583556978
1000 5065.882802321851 18.860541389961774
1001 5071.223155695986 18.870505345152402
1002 5076.809674213724 18.88092253965278
1003 5081.9038624442555 18.89041748875217
1004 5086.5057203875795 18.898991582472917
1005 5091.635075067198 18.908542861459487
1006 5096.377598806868 18.91737023245592
1007 5101.753118630089 18.927369609352915
1008 5107.163804902396 18.937429009889012
1009 5112.04699443841 18.946504012769097
1010 5117.176349118028 18.956031351924477
1011 5121.496875468663 18.96405409409894
1012 5126.344898555592 18.97305118126544
1013 5131.579752582468 18.982760639881494
1014 5136.498108567569 18.991879097935684
1015 5141.838461941704 19.0017741837327
1016 5146.721651477717 19.010818470830237
1017 5151.604841013732 19.01985845720598
1018 5156.488030549747 19.028894148989302
1019 5161.125054942158 19.03747083587393
1020 5166.570907663551 19.04753701559765
1021 5171.489263648653 19.056624478646132
1022 5176.442786082839 19.06577247420072
