1 14.627859237536656 0.6773612329934388
2 19.66652937185134 0.6773612329934388
3 24.63465940796635 0.8997886276624991
4 29.567519394981524 1.076072932589667
5 34.32402913649752 1.2222138006087313
6 39.22161907441286 1.3563303445152264
7 44.43663945422672 1.4858832413922143
8 49.51057963764125 1.6019095479269838
9 54.83141016475462 1.7151661906410425
10 59.905350348169144 1.8166067968075823
11 64.45023979508612 1.9028941525980265
12 69.62999012580015 1.9966810478547121
13 74.7392003583145 2.085063153067216
14 79.46044005073068 2.163532763259643
15 84.81654062694388 2.249231609284243
16 90.1726412031571 2.331782933016893
17 95.03496109197258 2.404277255858028
18 100.1794413735868 2.4786670250720704
19 105.50027190070016 2.5533254949101374
20 110.57421208411468 2.6225438558101373
21 115.82450251302838 2.692292932051034
22 120.79263254914338 2.7566723719877055
23 125.4786021924597 2.8160504752529953
24 130.164571835776 2.874202148747529
25 135.30905211739022 2.9367122926851947
26 140.70042274270324 3.000822530114172
27 145.38639238601957 3.055459633170289
28 150.24871227483507 3.1111366164571526
29 155.3226524582496 3.168191319814803
30 160.14970229796526 3.2215346905706594
31 165.1531023831801 3.2759082785977958
32 170.22704256659463 3.3301411745562643
33 175.30098275000913 3.3835049039663554
34 180.58654322802263 3.438211503705937
35 185.83683365693634 3.491704927473152
36 190.7696936439515 3.541230955800772
37 195.7025536309667 3.5900738243249273
38 200.91757401078053 3.640995340247011
39 206.09732434149458 3.690877418524067
40 210.9596442303101 3.737099623357427
41 216.49209505202248 3.7890001547952923
42 221.8834656773355 3.838903351254267
43 226.35781502605283 3.879838777140292
44 231.36121511126768 3.9251035940261327
45 236.3293451473827 3.969538960426668
46 241.08585488889867 4.0116222624384195
47 246.12452502321335 4.055723168123527
48 251.4100855012269 4.101473311568101
49 256.55456578284105 4.145518595260286
50 261.55796586805593 4.18791281080256
51 266.42028575687146 4.228705616049849
52 271.3531457438866 4.269691390369204
53 276.60343617280034 4.31288413075489
54 281.5362961598155 4.353077406513549
55 286.18699575403195 4.390636931820257
56 291.4372861829457 4.432651308572383
57 296.9344669555582 4.476216957297979
58 301.72624674617407 4.513854208952179
59 306.5180265367899 4.5511802195198365
60 311.6625068184041 4.590913034320303
61 316.91279724731777 4.631110821932088
62 321.81038718523314 4.668298713029282
63 326.7432471722484 4.705457071938094
64 331.9229975029624 4.7441601265896
65 336.9616676372771 4.781509442287554
66 341.85925757519243 4.817536504868374
67 346.54522721850884 4.851757999780253
68 351.3722770582245 4.8867581495334935
69 356.41094719253914 4.923025741553096
70 361.4496173268538 4.959028099532891
71 366.24139711746966 4.993027264378808
72 371.03317690808547 5.026796478245708
73 376.03657699330034 5.061815101417557
74 380.96943698031555 5.096104934429842
75 386.04337716373004 5.13113541971069
76 391.01150719984514 5.165205903922704
77 395.7327468922613 5.19737796348671
78 400.8419571247756 5.231968161290135
79 406.0217074554896 5.266803574429572
80 411.51888822810207 5.303521520370936
81 416.8397187552155 5.338822096569251
82 421.6314985458312 5.370417390640082
83 426.670168680146 5.403439662812181
84 431.7793789126603 5.4367189862147765
85 436.92385919427454 5.470023257099703
86 441.8919892303895 5.501995616839404
87 446.9659294138041 5.534457603090788
88 452.1809497936179 5.5676240860897614
89 457.00799963333355 5.598150363075932
90 461.62342917845024 5.627184846337062
91 466.4857490672657 5.657609634039169
92 471.3127989069814 5.687652968911969
93 476.0693086484974 5.717103279889165
94 481.0727087337122 5.747917814318054
95 486.1466489171267 5.778998563146061
96 491.32639924784075 5.810555347272296
97 496.7883099713535 5.843644934148649
98 502.0386004002673 5.875277957060893
99 507.1125405836818 5.905688466674739
100 512.1864807670964 5.935943181846035
101 516.9782605577122 5.964376164275503
102 521.8405804465276 5.993089395737819
103 526.9850607281419 6.0233181555890365
104 532.0237308624565 6.052779431253953
105 537.4151014877696 6.08414296434949
106 543.0533624567814 6.116769412603761
107 547.8098721982974 6.1441632192765905
108 552.6016519889133 6.1716369980730885
109 557.5697820250283 6.199992304067237
110 562.4673719629437 6.227819040366163
111 567.4707720481586 6.256118548012234
112 572.4389020842735 6.284092664919183
113 577.512842267688 6.312534024778043
114 582.3398921074038 6.339474373919403
115 587.6254525854174 6.368840416169357
116 592.7699328670316 6.397293907956371
117 597.6675228049469 6.424266088342703
118 602.635652841062 6.451511149206706
119 607.392162582578 6.477489461703874
120 612.5366428641921 6.505467763706785
121 617.9985535877049 6.5350396706764275
122 623.1077638202192 6.5625830770155655
123 627.7584634144357 6.5875569373400005
124 632.7265934505508 6.614129401304812
125 638.0121539285643 6.642281283283341
126 643.0508240628791 6.669008763393447
127 648.3363845408925 6.696929952991151
128 654.0099155590043 6.726769743667358
129 659.0485856933188 6.753162845976766
130 664.0167157294338 6.779086203817545
131 669.2670061583476 6.806373095497618
132 673.9882458507637 6.8308198907988436
133 678.4273251503813 6.853727629847596
134 683.7128856283947 6.880899311368232
135 689.1747963519076 6.90886445125929
136 694.248736535322 6.934743917302479
137 699.640107160635 6.96213544580944
138 704.60823719675 6.987283542286272
139 709.4000169873658 7.011454404841973
140 714.54449726898 7.037310137355133
141 719.4420872068953 7.061838244988035
142 724.5160273903098 7.087159134030017
143 730.0484782120222 7.114663250583657
144 735.0518782972371 7.139448329979075
145 739.9847382842523 7.1638003767708645
146 745.1644886149663 7.1892812498255205
147 750.2384287983809 7.214154841821888
148 755.2770989326956 7.238771119585464
149 760.3510391161101 7.263475236719265
150 765.3897092504246 7.287924927878744
151 770.3578392865397 7.311952618070276
152 775.1848891262555 7.335223283070877
153 780.3999095060694 7.360279724039198
154 785.5443897876835 7.38491426586971
155 790.4419797255988 7.408291580607522
156 795.5864600072132 7.4327669976559685
157 800.1313494541301 7.454325666566225
158 805.2052896375446 7.478317747723574
159 810.8435506065564 7.50488566017091
160 815.917490789971 7.528716621372354
161 820.5681903841876 7.550495594654276
162 825.430510273003 7.5731975546146275
163 830.8571509474159 7.598451547597081
164 836.0721713272296 7.6226427782481
165 841.0050313142449 7.6454559253558765
166 846.0084313994598 7.668525646680376
167 851.1881817301738 7.692334798009321
168 856.0505016189894 7.714619376287621
169 860.8422814096052 7.7365181892027985
170 866.1278418876187 7.7605996289537575
171 871.5192125129315 7.785085957659663
172 876.7695029418454 7.808858324010888
173 881.8787131743599 7.831923229315424
174 886.4588726703766 7.8525445127297315
175 891.2506524609923 7.87405974674279
176 896.4304027917063 7.897249264531642
177 901.6101531224203 7.92037088759207
178 906.6488232567349 7.942798765987868
179 911.6522233419499 7.965007314762101
180 916.796703623564 7.987777076406001
181 921.6590235123795 8.009239670448409
182 926.3802632047956 8.030025265471076
183 931.2073130445114 8.051220732764948
184 936.4223334243253 8.074055504596286
185 941.7078939023388 8.097133147006602
186 947.1345345767517 8.12075796464299
187 952.3495549565655 8.143397750565178
188 957.2471448944808 8.164603624975577
189 961.8978444886973 8.18469071577721
190 967.0775948194114 8.207002568770163
191 972.2220751010254 8.229102761658982
192 977.6487157754384 8.252349785479467
193 983.110626498951 8.275681824151377
194 987.9729463877666 8.296399648698031
195 993.1174266693807 8.318262332305965
196 998.0150166072959 8.339023543444076
197 1002.8773364961116 8.359584387661982
198 1007.739656384927 8.38009478530937
199 1012.743056470142 8.401147415562034
200 1017.5701063098575 8.421408873912073
201 1022.5382363459726 8.442211129562763
202 1027.7532567257865 8.463991124741968
203 1032.2981461727034 8.482929426884033
204 1037.0546559142194 8.502703410071492
205 1042.340216392233 8.524620706441597
206 1047.2378063301483 8.544880550232822
207 1052.3117465135629 8.565818630489241
208 1057.703117138876 8.588009407171668
209 1062.91813751869 8.609420571749675
210 1067.6746472602058 8.628904692915134
211 1072.572237198121 8.648920257955162
212 1077.787257577935 8.670181003419975
213 1082.8964678104494 8.69096034840115
214 1088.1114881902631 8.71211850132208
215 1093.1501583245777 8.732513156076024
216 1098.2240985079923 8.753002411386063
217 1103.262768642307 8.773302026813658
218 1108.3367088257216 8.793696244832548
219 1113.5869992546352 8.814748924541554
220 1118.8020196344492 8.835610652711217
221 1123.4527192286655 8.854175589306392
222 1127.7859883809836 8.871439767686606
223 1132.6483082697991 8.890769428346388
224 1137.8985986987127 8.911592786048026
225 1143.2194292258262 8.932646127890754
226 1148.2933694092405 8.95267736706797
227 1153.3320395435555 8.972525245368411
228 1158.1590893832708 8.99149925220337
229 1163.2682996157853 9.011537712720854
230 1168.6949402901982 9.032771261786147
231 1173.9099606700122 9.053130600590446
232 1178.9839008534266 9.072895836723605
233 1184.0578410368414 9.092618107933818
234 1188.8143507783575 9.111068964444964
235 1193.853020912672 9.13057254036321
236 1199.4560118325842 9.1522095364141
237 1204.7063022614977 9.172439389538294
238 1209.6038921994132 9.191271391043134
239 1214.360401940929 9.20952460238607
240 1219.2227218297444 9.228146123587427
241 1224.2613919640592 9.247402776901419
242 1229.3706021965734 9.26688789527857
243 1234.3034621835886 9.28566231592781
244 1239.0247018760049 9.303596633069446
245 1243.7812116175207 9.321629896590373
246 1248.643531506336 9.340027912449447
247 1253.5411214442515 9.35852268439785
248 1259.2499225114632 9.380031725754701
249 1264.6060230876762 9.400168295869506
250 1268.8334820926948 9.416035169746943
251 1273.8721522270096 9.434908349203702
252 1279.0871726068233 9.454401755873885
253 1284.0905726920382 9.473067182740053
254 1289.3761331700518 9.4927443217311
255 1294.4148033043666 9.51146529183177
256 1299.2771231931824 9.5294968111673
257 1304.7390339166952 9.549709008484722
258 1310.1656745911082 9.569748526826281
259 1315.204344725423 9.588319149186482
260 1320.2430148597375 9.606853873491495
261 1324.9289845030542 9.624060424753726
262 1329.7560343427695 9.64175236058836
263 1334.794704477084 9.660184564638172
264 1339.762834513199 9.678324604877746
265 1344.625154402015 9.696045824649826
266 1349.734364634529 9.714631119045421
267 1354.5614144742449 9.732158409249514
268 1359.2826541666611 9.749271407040906
269 1364.2507842027758 9.767245993761687
270 1369.43053453349 9.785950304059599
271 1374.8571752079029 9.80550702786366
272 1380.1427356859167 9.824518358806966
273 1385.005055574732 9.841976349233036
274 1389.6910252180485 9.858772548930965
275 1394.9060455978624 9.877429482165498
276 1400.367956321375 9.896931132822877
277 1405.40662645569 9.91488895993299
278 1410.127866148106 9.931687105080403
279 1415.3781565770198 9.950332341663007
280 1421.0516875951319 9.970440015294882
281 1426.3372480731452 9.989137450633306
282 1431.164297912861 10.00618391452232
283 1435.9208076543766 10.022953165080215
284 1441.0652879359911 10.041057277375472
285 1445.998147923006 10.058386780658033
286 1450.7899277136219 10.075192613552835
287 1455.8638678970367 10.092956523877382
288 1461.2199684732498 10.111673462260562
289 1466.3997188039639 10.129741815972158
290 1471.297308741879 10.146797262550841
291 1476.7239494162923 10.165659811702767
292 1482.0447799434053 10.18412098656763
293 1486.695479537622 10.200231861531998
294 1491.3814491809383 10.216439093035538
295 1496.7022797080517 10.2348086744933
296 1501.9173000878657 10.252781359566812
297 1506.7090798784811 10.269269067365702
298 1511.924100258295 10.28718154702985
299 1517.0685805399094 10.304821457924191
300 1521.8603603305248 10.32122603427365
301 1526.6168700720411 10.337484242731133
302 1531.9024305500543 10.355518981575283
303 1537.011640782569 10.372922757023808
304 1542.2619312114828 10.390776269341329
305 1547.5122216403965 10.40859915818797
306 1552.0218410382136 10.423885762271597
307 1557.0957812216282 10.441056439727635
308 1562.2402615032422 10.458436817981996
309 1566.9615011956585 10.474363290488862
310 1571.6827408880745 10.490265583223332
311 1576.6156008750897 10.5068542099118
312 1581.5131908130052 10.52329847611459
313 1586.8340213401186 10.541133320434483
314 1592.3664721618309 10.55964489257639
315 1597.087711854247 10.575418947858944
316 1601.844221595763 10.59128696339025
317 1607.023971926477 10.608538475763316
318 1612.0273720116918 10.625176604602206
319 1617.0307720969067 10.641788720239724
320 1622.2457924767207 10.659075202371866
321 1627.601893052934 10.67679975387402
322 1632.4994829908496 10.692982671517743
323 1637.1501825850655 10.708327982152209
324 1642.5768232594785 10.726203097709062
325 1647.2980629518947 10.74173256782735
326 1652.0193026443108 10.757239619165418
327 1657.587023515123 10.775495383276334
328 1662.4846134530385 10.79153029852875
329 1667.2763932436542 10.807196109765814
330 1672.0681730342703 10.822839245124664
331 1676.824682775786 10.838345027907026
332 1681.828082861001 10.854630911790245
333 1686.7609428480162 10.870663531402933
334 1691.6585327859316 10.886558273486989
335 1696.9793633130446 10.903798966589878
336 1702.547084183857 10.921809760047736
337 1707.7621045636706 10.938653730613813
338 1712.4833442560869 10.9538820106705
339 1717.557284439501 10.970223165295232
340 1722.8781149666147 10.987332577025175
341 1728.0225952482285 11.0038501560273
342 1733.025995333444 11.019891448809167
343 1737.8530451731592 11.035345806413941
344 1742.9269853565736 11.05156650705352
345 1748.3888960800866 11.068999725924366
346 1753.7097266071999 11.085956692784439
347 1758.395696250516 11.10087084453217
348 1763.2580161393319 11.11632452671798
349 1768.5083065682456 11.132985939972988
350 1773.2648163097615 11.14806034957573
351 1777.8449758057786 11.162557207570933
352 1783.095266234692 11.179149715815521
353 1788.3455566636062 11.195717633315994
354 1793.0315263069224 11.210485762786329
355 1797.9643862939374 11.226010173673297
356 1803.0030564282522 11.24184511810133
357 1808.041726562567 11.2576577892269
358 1813.009856598682 11.27322758724623
359 1818.2601470275958 11.289657443437951
360 1823.3340872110105 11.305513273746724
361 1828.337487296225 11.32112713779413
362 1833.7993980197375 11.338145895285756
363 1838.9086082522522 11.354043574348378
364 1843.947278386567 11.369700203970375
365 1848.9154084226816 11.385116778613753
366 1853.812998360597 11.40029427215485
367 1859.0632887895106 11.416541264676056
368 1864.6662797094227 11.433853197048041
369 1869.810759991037 11.449726635592185
370 1874.8141600762517 11.465144103630992
371 1879.8175601614666 11.480540867235302
372 1884.3977196574833 11.494618412925728
373 1889.1189593498993 11.509111091834612
374 1893.9812792387152 11.524017337739378
375 1898.8788691766306 11.539012134042158
376 1904.2349697528434 11.555387048648681
377 1909.591070329057 11.571738791494695
378 1914.1712298250734 11.58570552504656
379 1919.3157101066877 11.601371195304363
380 1924.5307304865019 11.617229902813978
381 1929.1461600316184 11.631248962259965
382 1934.008479920434 11.645998879374876
383 1939.3293104475474 11.662116907327732
384 1944.7559511219604 11.678532248537861
385 1949.9357014526745 11.69417994264708
386 1955.1154517833886 11.709806726922508
387 1960.2246620159026 11.725200498383645
388 1965.439682395716 11.740891947841677
389 1970.5488926282308 11.75624501600362
390 1975.7286429589449 11.771789410585816
391 1981.049473486058 11.787735439386092
392 1986.1234136694723 11.802922179767528
393 1991.021003607388 11.817563091039647
394 1995.530623005205 11.831029344894711
395 1999.9344322557224 11.844165206996903
396 2005.3258028810353 11.86022370016133
397 2010.646633408149 11.876050988424014
398 2015.4736832478645 11.8903926177081
399 2020.6181635294786 11.90565738216041
400 2025.4452133691943 11.919963390253809
401 2030.3780733562096 11.934564952555764
402 2035.6636338342234 11.950189685349093
403 2040.737574017638 11.965170233160633
404 2045.7762441519526 11.980028211505832
405 2050.814914286267 11.994867785367124
406 2055.5714240277835 12.008860345868978
407 2060.539554063898 12.023457412121221
408 2065.6134942473127 12.03834678574189
409 2070.6874344307275 12.053217766491715
410 2075.761374614142 12.068070422364999
411 2080.6942346011574 12.082493000243876
412 2085.8739849318713 12.097618201605334
413 2090.912655066186 12.112313709270211
414 2095.6338947586023 12.126068161493832
415 2100.602024794717 12.140524304646103
416 2105.817045174531 12.155679635269275
417 2110.714635112446 12.169896171469768
418 2115.6474950994616 12.184198217615137
419 2120.8625154792753 12.199299291751691
420 2126.112805908189 12.214483540701087
421 2130.9045856988046 12.228326530516393
422 2135.4847451948217 12.241544166952238
423 2140.8055757219354 12.256879066598513
424 2146.1616762981484 12.27229616932896
425 2151.235616481563 12.286884001259866
426 2156.239016566778 12.301252283716932
427 2161.136606504693 12.315300774918386
428 2165.928386295309 12.329030568036513
429 2170.8612462823244 12.343148226014305
430 2176.076266662138 12.358055070801292
431 2181.150206845553 12.372541789205922
432 2186.541577470866 12.387915365099948
433 2192.2151084889774 12.404072213669508
434 2197.3243187214916 12.41860542200067
435 2202.2571787085067 12.432621365147648
436 2207.1194985973225 12.44642163376499
437 2211.52330784784 12.458908683200521
438 2216.2092774911566 12.4721811760823
439 2221.2832176745715 12.486535487544614
440 2226.498238054385 12.501271354758622
441 2231.7485284832983 12.516089263089844
442 2236.9635488631125 12.530790375919244
443 2241.9316788992273 12.544780140749326
444 2246.899808935342 12.558754321756878
445 2251.9384790696568 12.572910854460451
446 2256.7302588602724 12.586359637523582
447 2262.051089387386 12.601274927040569
448 2267.689350356398 12.617059967487782
449 2272.7280204907124 12.631151153522989
450 2277.449260183129 12.644341229520995
451 2282.3821201701444 12.658107224634566
452 2287.808760844557 12.673232548576756
453 2293.059051273471 12.687849628153296
454 2298.062451358686 12.701764344919376
455 2303.3480118366997 12.716446452642206
456 2308.3866819710142 12.730427629222792
457 2313.0726516143304 12.743417333493056
458 2318.0055116013455 12.757076417320413
459 2322.8678314901604 12.77052607348969
460 2327.589071182577 12.783572343406176
461 2332.8393616114904 12.798063400976872
462 2337.6311414021066 12.811275829764071
463 2342.5287313400217 12.824765643681426
464 2348.343342554533 12.840760336339432
465 2353.734713179846 12.855573996618764
466 2358.314872675863 12.868147366153831
467 2363.4593529574768 12.882253596913671
468 2368.74491343549 12.896730230730835
469 2373.6777734225057 12.910227109777273
470 2378.998603949619 12.924768658966645
471 2383.719843642035 12.937659392379512
472 2388.72324372725 12.951305719519604
473 2394.1498844016633 12.966089023310793
474 2398.9063941431787 12.979034562653995
475 2403.7334439828946 12.992158700622747
476 2409.442245050106 13.00766066761979
477 2414.7630755772193 13.022093414874638
478 2419.695935564235 13.035460493879865
479 2424.6993356494495 13.049004543440779
480 2429.6674656855644 13.06243931695939
481 2434.8472160162783 13.0764310865051
482 2440.1680465433915 13.090788013786463
483 2445.136176579507 13.10417994978716
484 2449.6810660264237 13.116420169321657
485 2454.613926013439 13.129691216474567
486 2459.793676344153 13.143611394546012
487 2465.2908571167654 13.158367722337498
488 2470.153177005581 13.171407616218575
489 2475.015496894396 13.18443461316821
490 2480.2305172742103 13.198391306235221
491 2485.445537654024 13.212333256321642
492 2490.8369082793374 13.226730769291986
493 2495.6992281681523 13.239703332010983
494 2500.5615480569686 13.252663196353781
495 2505.2827877493846 13.265235296119302
496 2510.568348227398 13.279294422914978
497 2516.488769589208 13.295022994662267
498 2521.703789969022 13.308863716794004
499 2526.636649956037 13.321943057001004
500 2531.710590139452 13.335382709418829
501 2536.3965597827682 13.347783700650792
502 2541.188339573384 13.36045251068362
503 2546.0506594621997 13.373295359280734
504 2551.0540595474145 13.386497602203312
505 2556.2338098781283 13.40015101051721
506 2560.955049570545 13.412584865345112
507 2565.99371970486 13.425841128586583
508 2571.2792801828728 13.439732248787493
509 2576.247410218988 13.45277682315465
510 2581.391890500602 13.466270654927085
511 2586.5011007331163 13.479658693645279
512 2591.71612111293 13.49331002759383
513 2597.213301885542 13.507684336190927
514 2602.181431921657 13.520663351355438
515 2607.0790218595725 13.533446083305625
516 2612.1529620429874 13.54667590527026
517 2617.085822030002 13.55952585691001
518 2621.9834119679167 13.572271987153277
519 2627.9038333297276 13.587661423195796
520 2633.5420942987394 13.602301841516555
521 2638.3691441384553 13.61482518842328
522 2643.0903838308714 13.627063167709478
523 2647.882163621487 13.63947257585929
524 2652.9208337558016 13.65250853827164
525 2657.888963791917 13.66535000364383
526 2662.927633926232 13.678361303973908
527 2667.8604939132465 13.69108766109662
528 2673.0402442439604 13.704437616870768
529 2678.466884918373 13.718409350746976
530 2683.5055550526877 13.731370374242495
531 2688.3326048924037 13.7437761142353
532 2693.4770851740177 13.756984516105561
533 2698.4099451610327 13.769638207235133
534 2703.5191553935474 13.78273156901657
535 2708.839985920661 13.796353516974854
536 2714.372436742373 13.810502487001875
537 2719.4816469748876 13.823557143112673
538 2724.2028866673036 13.835610494456711
539 2728.99466645792 13.847833019111475
540 2734.068606641334 13.860762768256421
541 2739.989028003145 13.875832248049884
542 2745.239318432059 13.889183760478712
543 2750.3837987136726 13.902254012586914
544 2755.3871987988878 13.914954398693672
545 2760.1437085404036 13.92701796997012
546 2765.3587289202173 13.940231222596994
547 2770.538479250931 13.953342810607735
548 2775.4007991397466 13.965640445989788
549 2780.1925789303623 13.977749269375924
550 2784.843278524579 13.989491927782955
551 2790.0230288552925 14.002557389576197
552 2795.4143994806054 14.016143200453092
553 2800.3825295167208 14.028651808000504
554 2805.315389503736 14.041060676882537
555 2809.8250089015532 14.052396339448812
556 2814.7225988394684 14.0646958129214
557 2819.8670791210825 14.07760311303569
558 2825.258449746396 14.091116569505223
559 2830.473470126209 14.104176090044469
560 2835.617950407823 14.117047293153252
561 2840.7271606403374 14.129818732826758
562 2845.7305607255526 14.142314757838525
563 2851.086661301765 14.155678561068092
564 2856.442761877979 14.169029759965511
565 2861.551972110493 14.181754386683076
566 2866.6259122939073 14.194379968032914
567 2871.5587722809223 14.206644081509026
568 2876.3858221206383 14.218635151879935
569 2881.495032353153 14.23131542506497
570 2886.03992180007 14.242587006210512
571 2890.514271148787 14.253675126991165
572 2895.6940214795013 14.26649864811535
573 2900.556341368316 14.278526575000813
574 2905.453931306231 14.29063142698946
575 2911.6212430117407 14.305856783474573
576 2917.047883686154 14.319241705804288
577 2921.6280431821706 14.330530935166225
578 2926.5609031691856 14.342678629375252
579 2931.493763156201 14.354816043660014
580 2936.7793236342145 14.367809038136969
581 2941.853263817629 14.380271268270976
582 2946.7861238046444 14.392376979875182
583 2952.106954331757 14.40542245102932
584 2957.3925148097715 14.418369842033847
585 2962.325374796786 14.430443592746983
586 2967.2935048329005 14.442593382698304
587 2972.155824721716 14.454474777531287
588 2977.2650349542305 14.466948338875913
589 2982.233164990345 14.479067496707547
590 2986.919134633662 14.490489753176227
591 2992.1341550134753 14.503189659192307
592 2996.925934804091 14.514850046120905
593 3001.611904447407 14.526244166131463
594 3006.6858446308215 14.538570588842552
595 3011.830324912435 14.55105755142564
596 3017.221695537748 14.564131715695709
597 3022.4719859666616 14.576852801220781
598 3027.3343058554774 14.588624851739297
599 3032.0908155969933 14.600131803615053
600 3037.1647557804076 14.612395897854027
601 3042.450316258421 14.625160060138578
602 3047.4184462945364 14.637148223584436
603 3052.4923864779507 14.649381328638777
604 3057.8837571032636 14.662367819663471
605 3062.8518871393785 14.674325586329727
606 3067.749477077294 14.686104209172207
607 3073.2819278990064 14.699396770643556
608 3078.6732985243193 14.712339113412206
609 3083.7825087568335 14.724594233236278
610 3088.644828645649 14.736248260998536
611 3093.4366084362646 14.747724379735871
612 3098.5810887178786 14.760034399648232
613 3103.3728685084943 14.771492038709985
614 3108.0941082009103 14.78277249757608
615 3113.4149387280236 14.795473753039147
616 3118.2772586168385 14.807071994597635
617 3123.069038407454 14.818493264298867
618 3128.213518689068 14.830744543758225
619 3133.322728921583 14.842901901839506
620 3138.114508712199 14.854295622428689
621 3142.659398159116 14.86509483119056
622 3147.76860839163 14.877224118957969
623 3153.336329262442 14.890429611551586
624 3158.6924298386557 14.903122586594991
625 3163.9427202675693 14.915554558493701
626 3169.122470598283 14.927809512392388
627 3173.8437102906996 14.938971935969754
628 3178.4591398358166 14.949876397847918
629 3183.603620117431 14.962020097870262
630 3188.9597206936437 14.974652390742804
631 3194.068930926158 14.986693009766881
632 3199.072331011373 14.998475144368207
633 3204.1462711947875 15.010413780070166
634 3209.2202113782023 15.022342927839508
635 3213.835640923319 15.033186915915334
636 3218.5216105666354 15.044188464704245
637 3223.5250106518506 15.055925605846213
638 3228.4578706388656 15.067488484500561
639 3233.8139712150783 15.08003242851495
640 3239.4875022331903 15.093307736679561
641 3244.6319825148043 15.105336127748183
642 3249.38849225632 15.116449753510272
643 3254.5329725379347 15.128459744750758
644 3259.783262966848 15.14070669436763
645 3264.8219331011624 15.152451169524719
646 3270.142763628276 15.164842805206046
647 3275.5694043026883 15.177470211684458
648 3280.819694731602 15.189677645786086
649 3285.6820146204177 15.200975115406935
650 3290.226904067335 15.211528205969481
651 3295.2655742016495 15.223218043533617
652 3300.6216747778626 15.235633771375346
653 3305.8014251085765 15.247631470702045
654 3310.910635341091 15.259456694514382
655 3316.1961958191046 15.271680049058496
656 3321.4112161989187 15.283730844411277
657 3326.2382660386343 15.294877510068822
658 3331.1711260256498 15.306259877245992
659 3336.245066209064 15.31795863104741
660 3341.177926196079 15.329323859983559
661 3345.9344359375955 15.340275213385436
662 3351.2905365138085 15.352596276751141
663 3356.6113670409213 15.364826497513453
664 3361.473686929737 15.375995277542811
665 3366.6887073095504 15.387964380600065
666 3371.762647492965 15.399601065329769
667 3376.7307775290797 15.410986805062617
668 3381.945797908894 15.42292875265303
669 3387.055008141408 15.434619673151262
670 3392.0231381775234 15.44597959953775
671 3397.061808311838 15.457492132597018
672 3402.3826388389516 15.469639423434446
673 3407.703469366065 15.481777183284084
674 3412.84794964768 15.493503988801214
675 3417.921889831094 15.505061465330877
676 3422.8547498181088 15.516289647511416
677 3427.3643692159258 15.526548308446637
678 3432.1208789574416 15.537360650788585
679 3437.5827896809546 15.549765550173419
680 3442.7625400116685 15.561521060495032
681 3447.3779695567855 15.571989581407662
682 3452.0992092492015 15.582690563214303
683 3456.9967991871176 15.59378307589093
684 3461.9649292232325 15.605027137190461
685 3467.003599357546 15.616422419760973
686 3472.25388978646 15.628286987022525
687 3477.539450264474 15.640222091063448
688 3482.966090938887 15.652465996696767
689 3488.3927316133 15.664700332202596
690 3493.537211894914 15.676290300828558
691 3498.611152078329 15.687713115318653
692 3503.4734719671437 15.698652179880549
693 3508.3005218068597 15.709504441212289
694 3513.3039218920744 15.720744863895732
695 3518.730562566487 15.732926104055263
696 3523.980852995401 15.744702879126933
697 3528.9137129824167 15.755760284218892
698 3533.811302920332 15.766731036039895
699 3538.3561923672487 15.776905699933934
700 3543.218512256064 15.787782964714689
701 3548.3982625867775 15.799361379239532
702 3553.3663926228924 15.810459238311648
703 3558.581413002706 15.822099681455418
704 3563.9022435298198 15.833967260029624
705 3568.7292933695353 15.84472684255839
706 3573.521073160152 15.855400666213509
707 3578.6655534417655 15.86685133806664
708 3583.986383968879 15.878685469713345
709 3589.166134299593 15.890197648140063
710 3594.310614581207 15.901623262896765
711 3599.70198520652 15.913587878361435
712 3604.775925389935 15.924840481305344
713 3609.63824527875 15.935616769718976
714 3614.6416453639645 15.94669781235551
715 3619.57450535098 15.957615251044418
716 3624.6837155834937 15.968914729742341
717 3629.792925816009 15.980206218669341
718 3635.007946195823 15.991723102742734
719 3640.505126968435 16.003853549074023
720 3645.4379869554505 16.014732024045564
721 3650.265036795166 16.025370239891213
722 3655.1273566839814 16.036078972177656
723 3660.0954867200967 16.04701312196219
724 3665.4515872963093 16.058791951791772
725 3670.4902574306243 16.069865468973116
726 3675.3173072703403 16.08046721070302
727 3680.179627159156 16.091139275726324
728 3685.32410744077 16.102422311222792
729 3690.715478066083 16.114237836652347
730 3695.648338053098 16.125041842983833
731 3700.3695777455146 16.13537604468513
732 3705.7609483708275 16.147167456573655
733 3710.8348885542414 16.158257395626567
734 3715.697208443057 16.168878116296383
735 3720.9827689210706 16.18041447085641
736 3726.268329399084 16.19194260605413
737 3731.8007802207967 16.203999936308673
738 3736.9099904533105 16.215127723249914
739 3741.6665001948268 16.225481216267646
740 3746.88152057464 16.23682412613537
741 3751.8849206598557 16.247699744588065
742 3756.7825105977704 16.258338550397497
743 3761.821180732085 16.26927624878574
744 3766.71877067 16.279900954500864
745 3771.6163606079153 16.290518730765225
746 3776.3728703494317 16.300824339141833
747 3781.199920189147 16.31127596661767
748 3786.097510127063 16.321873332684994
749 3790.783479770379 16.332006820991282
750 3795.998500150193 16.34327579784736
751 3801.495680922806 16.355145503171677
752 3806.8870515481194 16.36677858337276
753 3812.243152124332 16.378327448541707
754 3816.9643918167485 16.388501935109076
755 3821.7209015582644 16.398745967153108
756 3826.794841741679 16.409665885931673
757 3831.5513514831946 16.419896714232284
758 3836.37840132291 16.43027259754556
759 3841.8050419973233 16.44192818223021
760 3847.125872524436 16.45334869293769
761 3851.952922364152 16.463703493898166
762 3856.885782351167 16.474278318541792
763 3861.6775621417833 16.484544509559537
764 3866.2224515887 16.49427638877904
765 3871.0847714775155 16.5046808834876
766 3876.3350619064286 16.51590736296633
767 3881.5148122371434 16.52697567835555
768 3886.8003727151568 16.5382622419046
769 3892.0859331931706 16.549541108171514
770 3896.6308226400874 16.559234788867602
771 3901.5284125780036 16.5696735701672
772 3906.9197832033165 16.581156141509855
773 3911.9584533376315 16.591881033478163
774 3917.067663570145 16.602748849949784
775 3922.7411945882563 16.61480754518563
776 3927.744594673472 16.625435905587338
777 3932.3247541694886 16.635160140657018
778 3937.328154254704 16.645775505891557
779 3941.9435837998208 16.65556255428731
780 3946.946983885035 16.666164924391364
781 3952.3030844612485 16.67750647133793
782 3957.4122946937628 16.688318526650157
783 3962.345154680778 16.69875110984999
784 3967.4190948641926 16.70947497144676
785 3972.6341152440054 16.720489550997097
786 3977.4964351328213 16.73075336920996
787 3982.394025070737 16.741085201694208
788 3987.7148555978506 16.752301769970696
789 3992.3302851429676 16.762026619696126
790 3997.086794884483 16.772042511797657
791 4002.7250558534947 16.783905458917165
792 4007.6579158405098 16.794278663748877
793 4012.379155532926 16.804201305062673
794 4017.4883657654404 16.814931895386508
795 4022.5270358997554 16.825507774995945
796 4027.8831364759685 16.836741985935237
797 4033.5566674940796 16.848633211332096
798 4038.2073670882965 16.858376281539343
799 4043.351847369911 16.869146153499045
800 4048.6021377988245 16.88013023955787
801 4053.35864754034 16.890076095819772
802 4058.714748116554 16.901267388485632
803 4064.2119288891668 16.912745488610106
804 4068.968438630682 16.92267217612655
805 4073.5838681757987 16.932299176068383
806 4078.622538310113 16.94280179391379
807 4083.9433688372274 16.953884908469412
808 4089.087849118841 16.964594147452225
809 4093.738548713058 16.974270657313543
810 4098.883028994672 16.98496704282581
811 4103.568998637988 16.994705150680648
812 4108.466588575904 17.00487661194946
813 4113.716879004818 17.01577308099606
814 4118.685009040933 17.026078082707674
815 4123.688409126148 17.0364498697849
816 4128.938699555061 17.047326157553808
817 4134.365340229474 17.058560133902798
818 4139.756710854786 17.069713840870634
819 4145.2186215782995 17.081005921253492
820 4150.327831810814 17.091562726307778
821 4155.22542174873 17.101676580276205
822 4160.228821833944 17.112002546271523
823 4165.408572164657 17.12268554270835
824 4170.83521283907 17.133870109068557
825 4175.909153022485 17.144321803650396
826 4180.8067429604 17.15440455207282
827 4186.0217633402135 17.16513363011702
828 4191.025163425428 17.175421445397184
829 4195.958023412443 17.185558332762742
830 4200.785073252159 17.195472216033828
831 4206.176443877473 17.206537173400804
832 4211.567814502786 17.21759501982946
833 4216.394864342501 17.22749046699654
834 4221.010293887618 17.23694722384723
835 4226.013693972833 17.2471922029335
836 4231.334524499946 17.25807983950441
837 4236.302654536062 17.26824024274671
838 4241.270784572176 17.278394671257093
839 4246.732695295688 17.2895504594079
840 4252.229876068302 17.30077095720955
841 4257.056925908018 17.310618857725043
842 4261.989785895032 17.32067662128726
843 4266.957915931147 17.33080032640488
844 4271.926045967261 17.340918121259435
845 4276.682555708779 17.35059984284031
846 4281.685955793992 17.360777753130925
847 4287.3594868121045 17.37231028339795
848 4292.503967093718 17.382761739171297
849 4297.401557031634 17.392706261817104
850 4302.299146969549 17.40264510179146
851 4307.055656711064 17.412292501478735
852 4311.95324664898 17.422220168110233
853 4316.745026439596 17.431928096369038
854 4321.713156475711 17.441987228853503
855 4326.716556560927 17.452111842946803
856 4331.86103684254 17.46251553691127
857 4337.1818673696525 17.47326900550226
858 4342.044187258469 17.48309089420327
859 4347.012317294583 17.493120606383577
860 4352.192067625298 17.50357099566692
861 4357.124927612312 17.513517949918956
862 4362.163597746628 17.523672224225603
863 4367.519698322841 17.53445913156723
864 4373.016879095453 17.54552300907599
865 4378.267169524366 17.556083920349074
866 4382.917869118583 17.565434591216484
867 4387.780189007399 17.575204973331946
868 4393.52426012371 17.586738360171694
869 4398.774550552624 17.59727453628712
870 4403.566330343239 17.606885944889072
871 4408.922430919452 17.617621902255642
872 4414.172721348366 17.628139619573084
873 4419.176121433581 17.638157379227504
874 4424.144251469696 17.648098964730053
875 4428.724410965713 17.657260006111287
876 4433.6925410018275 17.66719084229085
877 4438.695941087043 17.677186471414533
878 4443.628801074058 17.687035786896075
879 4449.05544174847 17.697863702913466
880 4454.764242815682 17.709246962778444
881 4460.155613440996 17.7199911048485
882 4464.876853133412 17.729395658660486
883 4470.021333415026 17.739636735837426
884 4475.342163942139 17.750222319206348
885 4480.380834076454 17.760241260219793
886 4485.454774259868 17.770324555671543
887 4491.022495130681 17.78138159268763
888 4496.131705363195 17.791522826621303
889 4501.02929530111 17.80123899955397
890 4506.314855779125 17.811718132406334
891 4511.318255864338 17.82163270061214
892 4516.180575753155 17.831262703237126
893 4521.148705789269 17.84109668507975
894 4526.575346463681 17.85183115667195
895 4531.931447039895 17.8624198937554
896 4537.146467419709 17.87272395200089
897 4541.938247210325 17.88218731126871
898 4546.94164729554 17.892062830275748
899 4552.191937724454 17.90241931356931
900 4557.336418006067 17.912561468896705
901 4562.410358189482 17.92255906866238
902 4567.695918667496 17.932967308249456
903 4572.699318752711 17.94281487855178
904 4577.350018346927 17.95196411332042
905 4582.318148383042 17.961732011709028
906 4587.215738320957 17.971356161667572
907 4592.501298798971 17.981736156404878
908 4597.998479571583 17.9925249985646
909 4603.037149705898 18.002409090561585
910 4607.970009692914 18.012080569598723
911 4613.431920416427 18.022782224684466
912 4619.070181385438 18.03382243327032
913 4624.4262819616515 18.04430437476683
914 4629.323871899566 18.053884507171407
915 4634.186191788382 18.063390691523317
916 4639.260131971797 18.07330485736631
917 4644.051911762412 18.082663245168668
918 4648.949501700328 18.092223065926092
919 4653.952901785543 18.101984000502913
920 4659.238462263556 18.1122891337212
921 4664.241862348772 18.122039260269535
922 4669.068912188486 18.131441103077016
923 4674.3192026174 18.141660933626646
924 4679.604763095414 18.15194354166315
925 4684.537623082429 18.16153538998033
926 4689.435213020343 18.171053716022147
927 4694.861853694756 18.18159338095872
928 4700.32376441827 18.192195319510187
929 4705.574054847183 18.20238103929079
930 4710.542184883298 18.212014628646696
931 4715.545584968512 18.221711393864094
932 4720.478444955528 18.231266535900847
933 4725.270224746144 18.2405438809793
934 4730.485245125958 18.25063445684913
935 4735.806075653071 18.260923824913874
936 4740.809475738287 18.27059463253844
937 4745.777605774402 18.280192273634622
938 4750.428305368618 18.28917273473615
939 4755.043734913734 18.298080804506643
940 4760.011864949849 18.30766403621071
941 4765.0858051332625 18.317445991607354
942 4770.0186651202785 18.326951220463094
943 4775.092605303693 18.33672288687166
944 4780.4134358308065 18.346963974775267
945 4785.769536407019 18.35726711431217
946 4790.949286737732 18.36722583726452
947 4795.776336577448 18.376502237386685
948 4800.638656466264 18.385841616771454
949 4805.536246404179 18.395243879493947
950 4810.574916538494 18.40491169840328
951 4815.860477016507 18.415047312865457
952 4821.21657759272 18.425312381329626
953 4826.502138070734 18.435436779708542
954 4831.25864781225 18.444543986685513
955 4835.944617455566 18.453511876861512
956 4841.230177933579 18.463620812249165
957 4846.233578018795 18.47318550726311
958 4851.27224815311 18.48281255723052
959 4856.910509122122 18.493578141128875
960 4861.878639158236 18.503060119789595
961 4866.670418948853 18.512201256669112
962 4871.709089083168 18.52180802749515
963 4876.606679021083 18.531141304205693
964 4881.4337288607985 18.540335691676095
965 4886.366588847814 18.549726708008933
966 4891.4052589821285 18.55931405472148
967 4896.796629607441 18.569566364054246
968 4902.011649987255 18.579478247588447
969 4906.76815972877 18.58851488341009
970 4911.771559813986 18.598015347288914
971 4917.0218502429 18.60797892879069
972 4922.307410720912 18.618003994074385
973 4927.487161051627 18.62782332357273
974 4932.807991578741 18.6379044593543
975 4937.917201811255 18.647579890737436
976 4942.991141994668 18.65718362921169
977 4948.065082178084 18.666782426728343
978 4953.139022361497 18.676376290905672
979 4958.1071523976125 18.685765509981437
980 4963.181092581027 18.695349632641303
981 4968.325572862641 18.705061854611564
982 4973.1173526532575 18.71410432149287
983 4978.085482689373 18.723474621186803
984 4983.229962970987 18.733172261749203
985 4988.303903154401 18.742732142915003
986 4993.413113386916 18.752353487668568
987 4998.48705357033 18.761903595295575
988 5003.455183606446 18.77125003439231
989 5008.740744084458 18.78118794865556
990 5013.9204944151725 18.790922005415148
991 5019.241324942287 18.80091568715135
992 5024.703235665798 18.811168580076576
993 5030.059336242013 18.821217605738628
994 5035.415436818225 18.83126126888667
995 5040.630457198039 18.841035480585152
996 5045.669127332353 18.850474668310902
997 5050.35509697567 18.85924953261193
998 5055.2526869135845 18.868415894355774
999 5060.926217931697 18.87902748425952
1000 5065.964888066012 18.88844768612256
1001 5070.7919379057275 18.897468230294475
1002 5075.936418187342 18.907076627896032
1003 5080.410767536059 18.915430648268693
1004 5085.343627523073 18.924635531265693
1005 5090.629188001089 18.934492940142217
1006 5095.456237840803 18.943491558419105
1007 5100.494907975118 18.95287971955339
1008 5106.13316894413 18.96337844636814
1009 5111.348189323944 18.973084596442856
1010 5115.787268623561 18.98134402900333
1011 5120.684858561477 18.99045145794156
1012 5125.8646088921905 19.000078305820352
1013 5130.832738928306 19.009307640253855
1014 5136.224109553618 19.01931738336174
1015 5141.68602027713 19.029452603838415
1016 5146.548340165947 19.038471679156913
1017 5151.69282044756 19.048008950444228
1018 5156.978380925574 19.05780254607689
1019 5161.558540421591 19.066286259777126
1020 5166.420860310405 19.075287919611945
1021 5171.776960886619 19.08519787769042
1022 5176.780360971833 19.0944512180328
