1 14.627859237536656 0.6703840522947745
2 19.546951792941286 0.6703840522947745
3 24.149498955622356 0.8795008069588807
4 28.857561249211273 1.0512139917947962
5 33.60079525310281 1.1996058277868609
6 38.6254029394153 1.3389735676498735
7 43.82586917724088 1.4693593092657675
8 48.81530515325075 1.5844048580206962
9 53.945427970471094 1.6945669423655358
10 59.18106591859928 1.8000549395588588
11 64.69807754914842 1.904896647063088
12 70.42611944151326 2.007961472992317
13 76.11898962357549 2.1054009641015026
14 81.77668809533512 2.1979633900150324
15 87.78610367012091 2.2921853965518224
16 93.37345872127528 2.376445989192649
17 98.04634930456162 2.4446984738904787
18 102.85992672905837 2.5130662765991527
19 107.74384757416037 2.5805816766263905
20 112.59259670895977 2.645907664769991
21 117.19514387164084 2.706461575998955
22 121.65700419311142 2.7639002805065194
23 127.31470266487104 2.8350440216671866
24 132.479997192394 2.8984766811621197
25 136.9418575138646 2.9521818320465707
26 142.17749546199278 3.0139705095999214
27 147.870365644055 3.0797438489842097
28 153.17634701278843 3.139810668726808
29 158.27129811970616 3.1964285233801113
30 163.50693606783437 3.2535820211499398
31 168.63705888505467 3.3086272586056933
32 173.62649486106457 3.361299794838632
33 178.79178938858752 3.4149712703377104
34 184.06259904701838 3.4688821742623865
35 189.5796106775675 3.5244257673381756
36 194.8504203359983 3.5766872593449763
37 200.15640170473176 3.62853697945264
38 205.49755478376778 3.6799923328399915
39 210.8035361525012 3.730406469790622
40 215.86331554911632 3.7778568793790726
41 220.67689297361306 3.8224539347661577
42 225.73667237022818 3.8687755497864353
43 231.007482028659 3.91644469082722
44 235.82105945315578 3.959481089567952
45 240.74015200856041 4.002981923044043
46 246.18682021850432 4.05059866315547
47 251.42245816663248 4.095850362651087
48 256.2360355911292 4.1370208696073245
49 260.97926959502075 4.177193431130715
50 266.25007925345164 4.221381257688647
51 271.48571720157986 4.26482126073733
52 276.3344663363792 4.304663281464169
53 281.2183871814812 4.344424662247674
54 286.34850999870156 4.3858002706443795
55 291.51380452622453 4.427068610314734
56 296.9253010258658 4.469893470292363
57 302.4774843667176 4.513408377793381
58 307.71312231484575 4.554063663148293
59 312.8784168423687 4.593820666336177
60 318.5009436038257 4.636706164968078
61 323.8420966828618 4.677083174239989
62 328.83153265887165 4.714491382233339
63 333.50442324215805 4.749261424879139
64 338.70488947998354 4.787656070219118
65 343.9405274281117 4.826001586197225
66 349.0354785350294 4.863027408888974
67 354.1656013522497 4.9000259129563695
68 358.87366364583875 4.9337392649741565
69 363.7224127806381 4.968219873908204
70 369.0987375699768 5.00617076940185
71 374.2288603871971 5.042119012920263
72 378.9369226807859 5.074888503953149
73 383.60981326407233 5.107205538868437
74 388.423390688569 5.140282083561751
75 392.95559443064485 5.1712337593299385
76 397.87468698604954 5.204616448039645
77 403.03998151357246 5.239439362914179
78 408.45147801321366 5.2756739847135
79 414.5312370086048 5.316084557089392
80 420.3296223215749 5.354342280427733
81 425.74111882121616 5.389804487298618
82 430.8712416384366 5.423210375722375
83 435.9310210350517 5.455958298095659
84 440.9204570110615 5.488060032921696
85 445.8395495664661 5.519526854950853
86 450.8993289630812 5.551706663156809
87 455.74807809788064 5.582371579757875
88 460.6671706532853 5.613309739544006
89 465.8324651808082 5.645612340438309
90 470.39984063318667 5.67402603906329
91 475.1782463473808 5.703599641971245
92 480.589742847022 5.736903348603914
93 485.43849198182147 5.7665835303038415
94 490.1113825651078 5.79504449514101
95 495.31184880293347 5.826551919061999
96 500.37162819954847 5.8570451113800654
97 505.5017510167688 5.8878005914585465
98 510.6318738339892 5.918396250067929
99 515.4454512584858 5.946962725219961
100 520.2590286829826 5.975392634588385
101 525.4946666311109 6.006159987942819
102 531.0820216822653 6.038819375353901
103 536.5286898922093 6.070488011839672
104 541.8698429712451 6.101384077436448
105 547.4220263120969 6.133334754386733
106 552.6576642602251 6.163313708764169
107 557.3305548435115 6.1899508044356
108 562.0737888474031 6.216871741225485
109 567.1335682440182 6.245459504156924
110 572.1933476406333 6.2739170052910405
111 577.1124401960378 6.301460812133268
112 582.2425630132582 6.3300574037594455
113 587.3023424098733 6.358136276150883
114 592.3269500961858 6.385897977489982
115 596.9998406794721 6.4116104114023695
116 601.4968727112453 6.43625921356806
117 606.5214803975578 6.463685383513385
118 611.8274617662912 6.4925201268181825
119 616.9224128732089 6.520089099603353
120 621.9118488492188 6.5469751672936765
121 626.9716282458338 6.574127623675717
122 632.1369227733568 6.601730566966955
123 637.5835909833007 6.63071125389768
124 642.9247440623368 6.659008536642011
125 647.7383214868336 6.684410682581425
126 652.7277574628433 6.710638430715983
127 658.1744256727872 6.739150792313657
128 663.6914373033362 6.767908602522918
129 669.1381055132803 6.796180699911034
130 674.1275414892901 6.82197875108365
131 679.0818057549974 6.847498956277337
132 684.0008983104021 6.87274441062596
133 688.884819155504 6.897718130871275
134 694.3314873654479 6.925460321645762
135 699.3912667620631 6.951134500058668
136 703.8531270835338 6.9736992576487795
137 708.9129064801488 6.999196490122791
138 714.0430292973691 7.024953371758826
139 718.751091590958 7.048510414441447
140 723.6350124360599 7.072863546092874
141 728.5892767017673 7.097481709566559
142 733.3676824159613 7.121146256155545
143 738.6736637846949 7.147329071873823
144 744.1906754152438 7.174450941515642
145 749.3207982324642 7.19958086837374
146 754.5564361805924 7.225137046695055
147 760.0382761008389 7.251797342430087
148 765.7663179932038 7.279549624578801
149 771.0722993619371 7.305164720716431
150 776.0969070482497 7.329340193332875
151 781.2270298654701 7.353940850839317
152 786.21646584148 7.377788829455401
153 791.381760369003 7.402395590515724
154 796.441539765618 7.426421119873467
155 801.3606323210225 7.449704989278022
156 806.1390380352167 7.472254131866777
157 810.6360700669899 7.493414869592943
158 815.5551626223945 7.516491215015672
159 821.0018308323384 7.541957666226142
160 826.4133273319799 7.567174941447803
161 831.2620764667791 7.589701059674503
162 835.7942802088552 7.610697791285107
163 840.6430293436543 7.633095469796033
164 845.6324653196643 7.656073956370479
165 850.7977598471872 7.679789117668794
166 855.8575392438023 7.702949504123735
167 860.9173186404174 7.726040462895346
168 865.9770980370324 7.749062614633605
169 871.3534228263711 7.773448942549842
170 876.5187173538941 7.7968070983498725
171 881.3674664886935 7.818671658896266
172 886.7789629883347 7.842999277378263
173 891.5925404128315 7.8645781290094305
174 896.4412895476308 7.886254797306653
175 901.6769274957591 7.909592618543281
176 906.8070503129796 7.932393948824834
177 911.8668297095946 7.95481891249379
178 916.9617808165124 7.977335908697601
179 921.9160450822197 7.999170961804639
180 926.8351376376244 8.020792345756727
181 931.7190584827262 8.042201783896601
182 936.6029793278284 8.063554378316649
183 941.2758699111146 8.083932477498943
184 945.948760494401 8.104259336266011
185 951.6064589661605 8.128797526920057
186 956.5607232318678 8.150226813386485
187 960.9522401327332 8.169177401124722
188 966.0120195293484 8.190954131373395
189 971.4586877392921 8.21432984704184
190 976.7646691080256 8.237038527049453
191 981.9299636355486 8.259085673520207
192 987.5876621073083 8.283165216676146
193 993.2101888687653 8.307026047422097
194 998.2699682653804 8.328442346787618
195 1003.1187174001797 8.348914750104589
196 1008.3191836380053 8.370815018227013
197 1013.308619614015 8.39177371261693
198 1018.3332273003276 8.41282723681958
199 1023.6040369587586 8.434854881872996
200 1028.452786093558 8.455069630642047
201 1033.3367069386597 8.475382123430505
202 1038.3261429146696 8.496082868743631
203 1043.0693769185614 8.515716493523845
204 1047.7774392121503 8.535160021064508
205 1052.696531767555 8.555426953855022
206 1057.4045940611438 8.57478043741371
207 1062.1478280650354 8.594234278594453
208 1067.2076074616502 8.61493662231963
209 1072.3377302788708 8.635875831357378
210 1077.291994544578 8.65604986414732
211 1082.351773941193 8.676604717389223
212 1087.2356947862952 8.696399778125476
213 1092.3658176035156 8.717143308964202
214 1098.0586877855778 8.740102482902442
215 1103.399840864614 8.761589717062952
216 1108.5299636818343 8.78217927044203
217 1114.1173187329885 8.804547369715614
218 1119.7398454944455 8.826998931197496
219 1124.6589380498501 8.846597306814237
220 1129.6132023155574 8.866291884712307
221 1134.356436319449 8.885107487837745
222 1139.0293269027352 8.903605458415313
223 1144.2297931405608 8.924144593404115
224 1148.9730271444523 8.942838476093536
225 1153.8217762792517 8.961907474988106
226 1158.776040544959 8.981349200773236
227 1163.4489311282452 8.9996493573318
228 1168.7549124969787 9.020381223375058
229 1174.0608938657122 9.041065549763031
230 1179.0151581314196 9.06033741927387
231 1183.969422397127 9.079568383303068
232 1188.9940300834394 9.099030613196193
233 1194.0889811903571 9.118722628170502
234 1199.430134269393 9.139319740988089
235 1204.4547419557055 9.15865499955203
236 1209.4441779317153 9.177814738553675
237 1214.8556744313566 9.198548501287654
238 1220.056140669182 9.21843051150261
239 1225.326950327613 9.238537538868675
240 1230.5977599860437 9.258600899637539
241 1235.8333979341721 9.27848755358551
242 1241.174551013208 9.298730786540014
243 1246.5157040922443 9.318930045828914
244 1251.5754834888592 9.338025881859021
245 1256.3187174927507 9.355892830499075
246 1261.1674666275499 9.374121624799452
247 1266.2624177344678 9.393236955712336
248 1271.2870254207803 9.412050604356354
249 1275.9950877143694 9.429646110330367
250 1280.738321718261 9.447339787029135
251 1285.798101114876 9.466176589457845
252 1290.4709916981622 9.483541232656307
253 1294.8625085990277 9.499832451832779
254 1300.1333182574585 9.519345112694388
255 1305.4041279158894 9.538817858427842
256 1310.0066750785707 9.55579159610192
257 1315.312656447304 9.575319414423035
258 1320.759324657248 9.595323191115877
259 1326.1356494465867 9.615028039422626
260 1331.7933479183462 9.635719695128646
261 1336.9234707355665 9.65444521508764
262 1341.8777350012738 9.672495039394489
263 1347.1837163700075 9.691787716784019
264 1352.1731523460173 9.709895525781894
265 1357.1274166117246 9.727842463649461
266 1362.3630545598528 9.746771755861207
267 1367.071116853442 9.76376407170706
268 1371.849522567636 9.780979819623587
269 1376.8741302539486 9.79904905104004
270 1381.8635662299587 9.816959013823084
271 1386.6419719441526 9.834081638008126
272 1391.5258927892544 9.85155121502033
273 1396.5153287652643 9.86936590245605
274 1401.4695930309715 9.887023373722979
275 1406.5645441378895 9.905148936900028
276 1411.6594952448072 9.923241392397902
277 1416.7544463517252 9.94130092097741
278 1421.7087106174324 9.958830848920405
279 1426.7333183037447 9.976577967931366
280 1431.5820674385445 9.993674676061968
281 1436.5715034145544 10.011236462363472
282 1442.0885150451036 10.030617575997892
283 1447.7462135168635 10.050453661408755
284 1453.3335685680174 10.070004987461974
285 1458.5340348058432 10.088169656204736
286 1463.5938142024584 10.10581204968636
287 1468.8646238608892 10.124156851079967
288 1473.959574967807 10.141858617378608
289 1478.8434958129092 10.158798939542837
290 1484.008790340432 10.176683563937045
291 1488.9630546061392 10.193808720811312
292 1493.671116899728 10.210057072494386
293 1498.2033206418039 10.22567475126411
294 1502.8410395147876 10.241630978946747
295 1508.322879435034 10.260456347603279
296 1513.3826588316492 10.277803006104392
297 1518.020377704633 10.293678430112818
298 1523.2208439424583 10.31144908281231
299 1528.1047647875605 10.328111243910515
300 1533.0238573429651 10.344866149166066
301 1538.1891518704883 10.362429643216482
302 1543.2137595568008 10.379486701345904
303 1548.3087106637188 10.396753745907604
304 1553.7553788736623 10.415179965165427
305 1559.2723905042112 10.433810768714622
306 1564.0859679287084 10.450041083157648
307 1569.0754039047183 10.466837182935269
308 1573.8538096189122 10.482898358660288
309 1578.5267002021983 10.49858147973788
310 1584.114055253353 10.517299783408268
311 1589.3848649117836 10.534928072643066
312 1594.1632706259777 10.550885596938736
313 1599.328565153501 10.56810670584561
314 1604.4235162604184 10.585066065725156
315 1609.2722653952178 10.60118150002701
316 1614.0858428197146 10.617155959994768
317 1618.5477031411851 10.63194296340409
318 1623.2557654347743 10.647522733677611
319 1628.0693428592713 10.66342777189957
320 1633.0939505455838 10.680004116072421
321 1638.2592450731067 10.697017359328422
322 1642.7914488151825 10.711925087528446
323 1647.6753696602848 10.727965266534992
324 1652.8054924775047 10.744787439871471
325 1658.0411304256331 10.76192816326572
326 1663.6636571870902 10.780303963111965
327 1668.8992951352184 10.797388304602167
328 1674.0997613730442 10.81433126759212
329 1679.4057427417774 10.83159035531326
330 1684.6062089796028 10.848479902280141
331 1689.7363317968234 10.865115487569135
332 1694.936798034649 10.881953001326353
333 1699.996577431264 10.898310478890371
334 1704.6342963042478 10.913283295350354
335 1709.483045439047 10.928914761554404
336 1714.8593702283858 10.946219206750744
337 1719.7784627837907 10.962029406082161
338 1724.4161816567741 10.976915308505
339 1729.511132763692 10.993244014380771
340 1734.500568739702 11.009211412908389
341 1739.0679441920806 11.023809175034339
342 1743.459461092946 11.037827278453582
343 1748.554412199864 11.054066007519646
344 1753.8955652788998 11.071063104196776
345 1758.849829544607 11.0868068501751
346 1764.1909826236435 11.103753828845242
347 1769.2507620202587 11.119785036717724
348 1773.8533091829397 11.13434893268042
349 1778.9130885795546 11.150336153044789
350 1783.937696265867 11.16618969920816
351 1788.9623039521794 11.182020768694148
352 1794.620002423939 11.199817780469203
353 1800.0314989235806 11.216814586639222
354 1805.3726520026164 11.233565437097354
355 1810.5379465301394 11.249741547964467
356 1815.2108371134257 11.264357060422515
357 1820.0947579585277 11.279611680543374
358 1824.943507093327 11.294736174191907
359 1829.862599648732 11.310059196227506
360 1835.0278941762547 11.326126058305203
361 1840.0173301522645 11.34162481582836
362 1844.6902207355508 11.356122073652887
363 1849.6796567115605 11.371579948542768
364 1854.6339209772677 11.386908202057409
365 1859.1661247193438 11.400913871139014
366 1864.0148738541427 11.415877656924968
367 1869.250511802271 11.43201221750357
368 1874.76752343282 11.44898846150667
369 1880.1790199324614 11.465615899158715
370 1885.0277690672608 11.480495352021611
371 1889.8413464917576 11.495247931651031
372 1895.1824995707939 11.51159363288303
373 1900.769854621948 11.528667295746613
374 1906.0054925700763 11.54464422489016
375 1910.6080397327573 11.558672811839596
376 1915.456788867557 11.573432626144612
377 1920.692426815685 11.58934784253112
378 1925.681862791695 11.604495051038384
379 1930.847157319218 11.620154812050657
380 1936.1531386879512 11.636218746487994
381 1941.0370595330535 11.650986498802519
382 1945.7099501163395 11.665099291646479
383 1950.6993860923496 11.680148263543783
384 1956.0757108816886 11.69634133031701
385 1961.029975147396 11.711244527857158
386 1965.7380374409845 11.725390295353415
387 1970.7274734169946 11.740361985593191
388 1975.646565972399 11.755104139493314
389 1980.4601433968958 11.769512513807458
390 1985.0978622698794 11.783378369676148
391 1989.9466114046788 11.797857067438155
392 1994.936047380689 11.812736912252555
393 2000.277200459725 11.828643891697808
394 2005.7590403799713 11.84494726323214
395 2010.7133046456786 11.85966371971537
396 2015.8434274628992 11.874882816801666
397 2021.747327906777 11.892371102764026
398 2027.2291678270235 11.90858722930674
399 2032.1834320927308 11.923225137268437
400 2037.2783831996485 11.93825958603754
401 2042.2678191756586 11.95296464974321
402 2047.1517400207606 11.96734154259712
403 2052.0356608658626 11.981701184570191
404 2057.0250968418727 11.996352997920841
405 2061.873845976672 12.010574958405325
406 2066.30053458784 12.02354553496127
407 2071.2547988535475 12.038043657807087
408 2076.4904368016755 12.053345418204096
409 2081.26884251587 12.067295188005799
410 2086.0824199403664 12.081331244395438
411 2090.8256539442577 12.095146461383612
412 2095.744746499662 12.109456705397298
413 2101.2265864199094 12.125382511576381
414 2106.110507265011 12.139555211423616
415 2111.029599820415 12.15381316742912
416 2116.441096320057 12.169477624947659
417 2121.676734268185 12.184614328216297
418 2126.9827156369183 12.199935048493842
419 2132.3590404262573 12.215439093392655
420 2137.876052056806 12.231328042978307
421 2142.900659743119 12.245782203181319
422 2147.854924008826 12.260017522162629
423 2153.0553902466518 12.274941800619489
424 2158.2206847741745 12.289747299071912
425 2163.210120750184 12.30403229227878
426 2167.918183043773 12.3174973041013
427 2172.73176046827 12.331248570963131
428 2177.6508530236747 12.345285136296022
429 2182.8513192615 12.360106458332485
430 2187.6297249756944 12.37371039927954
431 2192.408130689889 12.387299400158412
432 2197.8196271895295 12.402668970205294
433 2202.773891455237 12.416724425567141
434 2207.2357517767073 12.42937069841836
435 2212.154844332112 12.443296578329717
436 2217.355310569938 12.458001296401163
437 2222.6612919386716 12.47298621666951
438 2227.896929886799 12.487755035413683
439 2232.816022442204 12.501615879640157
440 2238.051660390332 12.516350916514888
441 2243.3928134693683 12.53136477897954
442 2248.7691382587072 12.54645927266996
443 2253.93443278623 12.560944739438021
444 2259.1700707343584 12.575610259963048
445 2264.05399157946 12.589276114600388
446 2268.480680190628 12.601651062041904
447 2273.927348400572 12.61685756213493
448 2279.409188320819 12.632143685667609
449 2284.187594035013 12.645454973201968
450 2289.106686590417 12.659143148604077
451 2294.201637697335 12.673304601660801
452 2299.437275645463 12.687840249220862
453 2304.0749945184466 12.700703570276344
454 2308.396167998707 12.712678131873343
455 2313.350432264414 12.726391207274476
456 2318.4805550816345 12.740575007770708
457 2323.5403344782494 12.754549059055268
458 2328.6001138748647 12.768507816932395
459 2333.202661037546 12.78119316663878
460 2338.2272687238583 12.795026175656643
461 2343.568421802894 12.809713415773382
462 2348.8040597510226 12.824094449804894
463 2354.145212830059 12.838748436511347
464 2359.6973961709105 12.853963161803277
465 2365.1088926705515 12.868775393188118
466 2370.2038437774695 12.882706407814752
467 2375.5449968565053 12.897293799416104
468 2380.6047762531202 12.911098230579501
469 2385.523868808525 12.92450506972102
470 2390.3374462330216 12.937611169747752
471 2395.397225629637 12.951372628057532
472 2400.4218333159492 12.965024065677728
473 2405.165067319841 12.977898609139991
474 2410.048988164943 12.991141288904439
475 2414.7922221688345 13.003989975149656
476 2419.816829855147 13.017586233499571
477 2424.841437541459 13.03116830600397
478 2429.549499835048 13.043882727413115
479 2434.43342068015 13.057058485189769
480 2439.7042303385815 13.071262029633923
481 2445.1860702588274 13.086017362035719
482 2450.316193076048 13.099811783668448
483 2455.305629052058 13.11321435582948
484 2460.2950650280677 13.126603243654696
485 2465.530702976196 13.140637479955004
486 2471.188401447956 13.155785161813984
487 2476.353695975479 13.16960043776024
488 2481.1321016896727 13.182369023592875
489 2486.2622245068933 13.196062725003223
490 2491.322003903508 13.209554936235948
491 2496.4169550104257 13.223126932880243
492 2501.617421248252 13.236965379116308
493 2506.571685513959 13.250135860582944
494 2511.5962932002712 13.263479799687222
495 2516.5505574659787 13.276623978733953
496 2521.6103368625936 13.290034403413312
497 2526.845974810722 13.303896237838808
498 2531.9760976279426 13.317464979312696
499 2536.8951901833475 13.33046312971876
500 2541.5329090563305 13.342706930869486
501 2546.3464864808275 13.35540264183039
502 2551.5117810083507 13.369011638556525
503 2556.641903825571 13.382514358665874
504 2561.49065296037 13.395264690951317
505 2566.4449172260775 13.408279681474037
506 2571.7860703051133 13.422295890611831
507 2576.986536542939 13.435929202701098
508 2582.2573462013697 13.449732647962918
509 2587.598499280406 13.463705703118492
510 2592.9396523594423 13.477664271627013
511 2598.069775176662 13.491058245620682
512 2602.672322339343 13.503064817981135
513 2607.7672734462603 13.516342099407932
514 2613.1084265252966 13.530246365337662
515 2617.886832239491 13.54267492376079
516 2622.9114399258033 13.555730897427264
517 2627.971219322418 13.568865477064774
518 2632.71445332631 13.581167608869102
519 2637.4225156198986 13.59336760362564
520 2642.236093044395 13.605829423068503
521 2647.4013875719183 13.619188182710682
522 2652.2501367067175 13.631717145570288
523 2656.7471687384905 13.643327927359639
524 2661.8069481351054 13.656378257235247
525 2666.796384111115 13.669235131457839
526 2671.85616350773 13.682260750705536
527 2677.3731751382797 13.696448178300065
528 2682.6088130864077 13.709899101165234
529 2687.7037641933257 13.722976267332047
530 2692.8690587208484 13.73622109971328
531 2698.1046966689773 13.749633113777273
532 2703.4458497480127 13.763301701335562
533 2708.92768966826 13.777315887869346
534 2714.198499326691 13.790777637095758
535 2719.2582787233064 13.803688565272564
536 2724.423573250829 13.816856027095536
537 2729.518524357747 13.829832057661203
538 2734.261758361638 13.841902254698542
539 2739.2511943376485 13.854586966164751
540 2744.0296000518424 13.866724825529225
541 2748.8783491866416 13.879030332400644
542 2754.149158845072 13.892393520534199
543 2759.033079690174 13.904765277002717
544 2763.7411419837626 13.91668159424668
545 2768.871264800983 13.929653440185897
546 2773.8958724872955 13.9423470418896
547 2778.709449911793 13.954497214834548
548 2783.8747444393157 13.96752250706169
549 2788.8641804153253 13.980093238589951
550 2793.8887881016385 13.992741083593067
551 2799.1947694703717 14.006084102723642
552 2804.465579128803 14.019326184030788
553 2809.7715604975365 14.032643924590475
554 2814.7609964735457 14.045156371103154
555 2819.785604159858 14.05774567850565
556 2824.880555266776 14.070499558692706
557 2829.7996478221808 14.082802690116155
558 2834.6835686672825 14.09500731776691
559 2839.919206615411 14.108078251525788
560 2845.3658748253547 14.121662692647575
561 2850.355310801365 14.134096334018245
562 2855.3447467773744 14.146519047232136
563 2860.228667622476 14.158668752141265
564 2864.6553562336444 14.169673151935282
565 2869.644792209655 14.18206470183623
566 2875.0914604195987 14.195578341892544
567 2879.83469442349 14.207337813479475
568 2884.788958689197 14.21960954535342
569 2889.461849272483 14.231175310247524
570 2894.2050832763744 14.242905391685847
571 2899.1945192523845 14.255233283636834
572 2903.937753256276 14.26694358495969
573 2909.2085629147073 14.279943768030245
574 2914.2331706010195 14.292326265899149
575 2919.5743236800554 14.305476330741891
576 2925.4430524136305 14.319910177235426
577 2930.8193772029695 14.333121242109401
578 2936.0198434407953 14.345888996708036
579 2941.3258248095294 14.35890385670032
580 2946.280089075236 14.37104616379565
581 2951.0584947894304 14.382748180576339
582 2956.04793076544 14.3949563111621
583 2960.967023320845 14.406982368901431
584 2965.6047421938288 14.418312036022737
585 2970.594178169838 14.43049007977594
586 2975.61878585615 14.442743507219003
587 2980.080646177621 14.45361721208715
588 2984.9645670227233 14.465508984916562
589 2990.0946898399434 14.477989106251611
590 2994.90826726444 14.489690129298065
591 2999.862531530148 14.501722929330162
592 3005.0629977679737 14.514342371734283
593 3010.2282922954964 14.526865696025789
594 3015.6397887951375 14.539973800034822
595 3020.7699116123576 14.552390060527435
596 3025.4779739059463 14.563776490348975
597 3030.5025815922595 14.575917869336612
598 3035.597532699177 14.588218739903565
599 3041.009029198818 14.601271765110116
600 3046.6315559602745 14.614821001449094
601 3051.8320221981003 14.627342871118406
602 3057.0324884359256 14.639854030492225
603 3062.443984935567 14.652861058149965
604 3067.433420911577 14.664844327978436
605 3072.141483205166 14.67614351084593
606 3077.0254040502687 14.687855120135989
607 3082.2610419983957 14.700398929735794
608 3087.285649684708 14.712427561968898
609 3092.064055398903 14.723858263040578
610 3097.053491374913 14.735783797426654
611 3101.867068799409 14.747280278303503
612 3106.4344442517877 14.758181066794727
613 3111.283193386587 14.769743869852553
614 3116.4836596244127 14.78213450574402
615 3121.5434390210276 14.794180298925793
616 3126.638390127946 14.806299841174074
617 3131.4871392627447 14.817825095725082
618 3136.300716687242 14.829257973676144
619 3141.114294111738 14.840682044036086
620 3146.4906189010776 14.853429926757393
621 3152.1834890831396 14.866915770653648
622 3157.102581638544 14.878560357416351
623 3162.3382195866725 14.890943521904632
624 3167.8904029275245 14.904063423158352
625 3172.7743237726263 14.91559607259082
626 3177.7637597486355 14.927368427659317
627 3182.6476805937377 14.938883085901711
628 3187.5316014388395 14.950388875658051
629 3192.8375828075737 14.962877944883955
630 3197.7918470732807 14.974530519167441
631 3202.710939628685 14.986091486676848
632 3207.5245170531816 14.9973960916349
633 3212.4436096085874 15.008939446441808
634 3217.7495909773197 15.021379835655965
635 3222.5983401121193 15.03274019424936
636 3227.2008872748006 15.04351636552008
637 3231.9792929889936 15.054695680205455
638 3236.7225269928854 15.065784589894806
639 3241.887821520409 15.077849905592029
640 3246.842085786116 15.089413694757788
641 3251.761178341521 15.10088671002849
642 3257.13750313086 15.113415116578786
643 3262.4786562098966 15.125851362635363
644 3267.9956678404446 15.138685969895139
645 3273.5478511812967 15.151591350220382
646 3278.7131457088203 15.163588391621648
647 3283.843268526041 15.175494432754453
648 3288.797532791748 15.18698387286112
649 3293.8924838986654 15.198790196070574
650 3299.0226067158856 15.21066868326996
651 3304.0472144021983 15.222294106507547
652 3309.0366503782084 15.233829454192007
653 3313.744712671797 15.24470691835405
654 3318.8396637787155 15.256468572252853
655 3324.1456451474487 15.268707285040001
656 3328.88887915134 15.27964088065386
657 3333.6672848655344 15.290647560704386
658 3338.6215491312414 15.302050539115903
659 3343.399954845436 15.31304111160104
660 3348.4597342420507 15.32466959698641
661 3353.5898570592713 15.336450587565498
662 3358.790323297097 15.348383732162128
663 3364.0963046658308 15.360549210552133
664 3369.08574064184 15.371980810038352
665 3374.251035169363 15.383805981961583
666 3379.2404711453732 15.395220312325208
667 3384.265078831685 15.406706479252325
668 3389.7820904622345 15.419307312210801
669 3394.9825567000603 15.431176382676025
670 3400.3940531997014 15.443516947528067
671 3405.805549699343 15.45584765918437
672 3410.970844226866 15.4676087140309
673 3415.925108492573 15.478881329293372
674 3420.668342496465 15.489666571358535
675 3425.3764047900536 15.500364501487246
676 3430.4361841866685 15.511852560225746
677 3435.531135293586 15.523411806681198
678 3440.063339035661 15.533688319740966
679 3445.0879467219734 15.54507217376818
680 3450.2180695391944 15.556686255616917
681 3454.9964752533883 15.567497057639885
682 3459.810052677885 15.578379765622739
683 3464.72914523329 15.589492932726683
684 3469.6130660783915 15.600518888123405
685 3474.6376737647047 15.61185401070289
686 3479.8381400025305 15.623576806108161
687 3485.2144647918685 15.635686402370636
688 3490.7314764224184 15.648102847432973
689 3495.967114370546 15.659877502302248
690 3501.0620654774643 15.671327565230055
691 3505.945986322566 15.682295984195022
692 3510.9002505882736 15.693414389860532
693 3515.8545148539806 15.704524923978568
694 3520.879122540294 15.715785031638378
695 3526.5016493017506 15.728374197814105
696 3531.6317721189703 15.739853025822795
697 3536.2343192816516 15.750145401435924
698 3541.2589269679647 15.761372917331093
699 3545.966989261553 15.771886552542844
700 3550.8860818169574 15.782863466552987
701 3555.6996592414544 15.793597775243944
702 3560.2318629835304 15.803698598152211
703 3565.6081877728684 15.815670281026827
704 3570.843825720997 15.827320275442316
705 3575.6925748557965 15.83810255940326
706 3580.6116674112013 15.849033612802621
707 3585.3549014150926 15.859567136125197
708 3590.3443373911023 15.870639297761636
709 3595.6151470495333 15.88232685979417
710 3600.534239604938 15.893227496607178
711 3605.699534132461 15.904665124590338
712 3611.286889183615 15.917027183891614
713 3616.628042262651 15.928836031902971
714 3621.86368021078 15.940403319694349
715 3627.0289747383026 15.951807122109155
716 3632.1239258452206 15.963047789523138
717 3637.254048662441 15.974357987056573
718 3642.313828059056 15.985505411773946
719 3647.3384357453688 15.996567736319532
720 3652.6795888244046 16.008317909798166
721 3657.598681379809 16.019132812943898
722 3662.2715719630955 16.02940021234196
723 3667.261007939105 16.040355143880763
724 3672.109757073905 16.050994321928187
725 3676.8529910777957 16.061395394176866
726 3681.4907099507795 16.071558822913456
727 3686.620832767999 16.082792710422083
728 3691.6454404543115 16.09378816311469
729 3696.6700481406237 16.104776108720525
730 3701.835342668147 16.116063600596302
731 3706.8599503544597 16.127036369130874
732 3712.236275143799 16.138768202938753
733 3717.401569671322 16.150031937263677
734 3722.391005647332 16.1609050968388
735 3727.7673304366704 16.172612361827863
736 3733.319513777523 16.184693329035326
737 3738.41446488444 16.195772362704652
738 3743.7204462531736 16.207301789151778
739 3749.06159933221 16.21889929197257
740 3753.875176756706 16.22934520322634
741 3758.5832390502947 16.239555871777696
742 3763.1506145026733 16.249455612605875
743 3767.8938485065655 16.2597297330418
744 3772.9536279031804 16.27068164407317
745 3777.8023770379796 16.281170312466124
746 3782.4049242006604 16.291120699184525
747 3787.359188466368 16.301823870701735
748 3792.5596547041937 16.313050851273708
749 3797.162201866875 16.322981803828366
750 3801.8350924501615 16.333058196700478
751 3807.3521040807104 16.344944891536546
752 3812.3767117670227 16.355764108722383
753 3817.0496023503088 16.365820317627342
754 3822.2500685881346 16.377003426565096
755 3827.380191405355 16.388027935104436
756 3832.6158293534836 16.399271333356115
757 3838.062497563427 16.41095931134969
758 3843.3333072218584 16.42226233746308
759 3848.4634300390785 16.43325648337836
760 3853.8749265387196 16.44484508299866
761 3858.8643625147292 16.455523442851
762 3863.431737967108 16.465293333909294
763 3868.5970324946315 16.476333847010004
764 3873.7623270221543 16.487366967001652
765 3878.540732736348 16.49756790828586
766 3883.530168712358 16.50821216434103
767 3888.7658066604868 16.51937376313549
768 3894.0014446086147 16.530527825494303
769 3898.779850322809 16.54070214874108
770 3903.312054064885 16.55034701353465
771 3908.266318330592 16.560882649919293
772 3913.044724044786 16.57103833585343
773 3917.8231297589805 16.5811878016097
774 3922.8829091555954 16.59192752767039
775 3927.731658290395 16.60221324595655
776 3932.721094266405 16.612790453099944
777 3937.78087366302 16.623509762075663
778 3942.8406530596353 16.63422216339077
779 3947.654230484132 16.644407423016844
780 3953.030555273471 16.65577483998554
781 3958.969627427652 16.668321995683666
782 3964.2404370860827 16.679450617855352
783 3969.5112467445138 16.690571819897563
784 3974.7468846926417 16.701611549141923
785 3979.912179220165 16.712495947789503
786 3984.9016151961746 16.723003401879524
787 3989.7503643309747 16.733208549469012
788 3994.6342851760764 16.74348135959732
789 3999.4830343108756 16.753674033474915
790 4004.331783445675 16.76386051005795
791 4009.2860477113827 16.774262042685
792 4014.3458271079976 16.78487823154755
793 4018.983545980981 16.794603842846666
794 4023.8322951157807 16.804765509191395
795 4028.7162159608824 16.814994602974714
796 4033.3187631235637 16.82462927942066
797 4038.5544010716912 16.835581102332377
798 4043.6493521786088 16.846232080879048
799 4048.884990126737 16.85716986881578
800 4054.2261432057735 16.868320572736824
801 4059.356266022993 16.87902418129244
802 4064.7677625226347 16.890306938240734
803 4069.6868550780396 16.9005574536923
804 4074.95766473647 16.911533254180053
805 4080.1933026845977 16.92242883484844
806 4084.9717083987925 16.932367674204226
807 4090.4183766087363 16.943687919345532
808 4095.72435797747 16.954708760939255
809 4100.362076850453 16.96433700910683
810 4105.175654274951 16.974324188046165
811 4110.059575120052 16.984451163344936
812 4115.013839385759 16.99471768509355
813 4120.143962202979 17.005341736174252
814 4124.852024496568 17.015086739454897
815 4129.735945341671 17.025189468265364
816 4135.112270131009 17.036302811562457
817 4140.136877817321 17.0466832422045
818 4144.7042532697 17.056114515138393
819 4149.588174114802 17.066192956622594
820 4154.753468642325 17.07684498082489
821 4159.602217777124 17.086838797152417
822 4164.626825463436 17.09718854527486
823 4170.003150252775 17.10825511878973
824 4175.344303331813 17.119242277860923
825 4180.896486672664 17.130655670962334
826 4186.272811462002 17.141700638326146
827 4191.332590858618 17.152089404652923
828 4196.216511703719 17.162111485023253
829 4201.698351623966 17.173352322028386
830 4206.722959310278 17.18364996295381
831 4211.360678183261 17.193150003405542
832 4216.877689813811 17.204442463798877
833 4221.972640920728 17.21486522630349
834 4226.680703214318 17.22449168907161
835 4231.56462405942 17.234471666577335
836 4236.729918586942 17.245019747524402
837 4241.613839432044 17.254987851970995
838 4246.427416856542 17.264806898833367
839 4251.381681122248 17.274906805247504
840 4256.12491512614 17.284571398085102
841 4261.008835971243 17.294516706015855
842 4265.787241685436 17.304241834838873
843 4270.776677661446 17.314390184265267
844 4275.941972188969 17.324889607712688
845 4280.966579875282 17.335097230538857
846 4285.92084414099 17.345156207662654
847 4291.332340640631 17.356135947368774
848 4297.165897663903 17.367963477616183
849 4302.542222453242 17.37885762691917
850 4307.63717356016 17.389175848393563
851 4312.76729637738 17.39955904769981
852 4317.932590904903 17.410007108581034
853 4322.675824908794 17.419596746376108
854 4327.559745753897 17.429465008585808
855 4332.6546968608145 17.439753288253375
856 4337.433102575009 17.449397472092574
857 4342.246679999506 17.45910718282605
858 4346.884398872488 17.468457419351303
859 4351.62763287638 17.47801498732635
860 4356.617068852391 17.48806249621719
861 4361.395474566584 17.497680053524938
862 4366.209051991082 17.50736298640837
863 4371.4095182289075 17.517817366975912
864 4376.504469335825 17.528053787353297
865 4381.493905311834 17.538072629190008
866 4386.588856418753 17.548297234101405
867 4391.54312068446 17.558234071009345
868 4396.708415211983 17.568587767911314
869 4402.084740001323 17.579357588254478
870 4407.285206239148 17.58976917928661
871 4412.380157346066 17.599963751389044
872 4417.650967004497 17.610503650148445
873 4422.886604952625 17.620967041430042
874 4427.594667246214 17.63037176755691
875 4432.619274932526 17.640402623950298
876 4437.679054329141 17.650497865677576
877 4442.774005436058 17.660657382326285
878 4448.044815094489 17.67116108063076
879 4453.245281332314 17.68151861414794
880 4458.234717308324 17.69145054756262
881 4463.013123022519 17.70095759728213
882 4468.002558998529 17.710878629677683
883 4472.605106161209 17.720026205596984
884 4477.559370426916 17.72986679597527
885 4482.795008375045 17.740259785761268
886 4487.784444351055 17.75015885113967
887 4492.492506644643 17.75949516252632
888 4497.341255779443 17.76910504241968
889 4502.612065437875 17.779544672747612
890 4507.882875096305 17.789978176825045
891 4513.3295433062485 17.8007530398478
892 4518.389322702864 17.81075739425101
893 4523.554617230387 17.8209643797219
894 4529.247487412449 17.832206127283712
895 4534.694155622392 17.842955490043522
896 4539.894621860219 17.853213357391297
897 4545.059916387741 17.86339608391934
898 4550.225210915264 17.873573009262433
899 4555.109131760366 17.883190761063712
900 4559.957880895166 17.89273420630126
901 4564.947316871176 17.90254896241697
902 4569.690550875067 17.9118749056946
903 4574.468956589262 17.921265022904446
904 4579.4935642755745 17.931133151420827
905 4584.55334367219 17.941064802993132
906 4589.296577676081 17.95037073574566
907 4593.793609707854 17.959189685154243
908 4598.642358842652 17.96869276625596
909 4603.737309949571 17.978672475956802
910 4608.972947897699 17.9889217203533
911 4614.38444439734 17.999508765972674
912 4619.936627738191 18.010364331831276
913 4625.242609106926 18.020732843738482
914 4630.091358241724 18.030203487652145
915 4635.256652769248 18.04028631348719
916 4640.703320979192 18.050911764404944
917 4645.833443796412 18.06091453648932
918 4651.033910034238 18.071048681779157
919 4656.339891402971 18.08138239514133
920 4661.470014220192 18.09136831992996
921 4666.459450196202 18.101075373075464
922 4671.343371041304 18.110572308486525
923 4676.156948465801 18.119927726766914
924 4680.794667338784 18.128937139654322
925 4685.819275025096 18.138692287106657
926 4691.019741262922 18.14878300193166
927 4695.762975266814 18.157982479799855
928 4700.857926373731 18.16785821186267
929 4706.128736032162 18.178068840446976
930 4710.83679832575 18.187185487456077
931 4715.439345488431 18.19609361503186
932 4720.217751202626 18.205337135876654
933 4725.453389150754 18.21545884391062
934 4730.759370519488 18.225710678991266
935 4735.713634785195 18.23527838093728
936 4740.808585892113 18.245112274247752
937 4745.938708709333 18.255008635110105
938 4750.892972975041 18.26456098963035
939 4756.198954343773 18.27478527928636
940 4761.434592291901 18.284868543888784
941 4766.2481697163985 18.294134829218656
942 4771.096918851198 18.303464009044294
943 4776.297385089023 18.313463934909763
944 4781.814396719573 18.32406599927545
945 4786.979691247096 18.333987215340052
946 4791.863612092197 18.34336356537187
947 4796.782704647602 18.35280252901402
948 4801.525938651494 18.36189979153842
949 4806.128485814174 18.370723198784763
950 4811.258608631395 18.380551928992972
951 4816.248044607404 18.390106339790446
952 4821.026450321599 18.39925239167959
953 4825.769684325491 18.40832669903058
954 4830.442574908777 18.41726220009192
955 4835.2913240435755 18.426529041783304
956 4839.893871206256 18.43532151657664
957 4845.164680864687 18.445384088742557
958 4850.505833943723 18.455575231884346
959 4855.741471891852 18.46555977497067
960 4861.539857204822 18.47661018804225
961 4866.986525414765 18.48698486218362
962 4872.222163362893 18.496952450549212
963 4877.528144731627 18.507048355099013
964 4882.69343925915 18.516871530699316
965 4887.612531814555 18.526222093616227
966 4892.742654631775 18.535968370442166
967 4897.767262318088 18.54550941610495
968 4902.756698294098 18.55497888646686
969 4907.49993229799 18.56397707288893
970 4912.137651170973 18.572771084386606
971 4916.986400305773 18.581960373808144
972 4921.694462599361 18.59087896041712
973 4926.578383444465 18.60012581140353
974 4931.567819420474 18.60956749025709
975 4936.451740265576 18.618805059766682
976 4941.722549924006 18.628768521168457
977 4946.817501030923 18.638394804405877
978 4952.053138979052 18.648281463667804
979 4957.675665740509 18.658892177564343
980 4963.08716224015 18.669099294001843
981 4968.041426505858 18.678439879317608
982 4973.312236164289 18.688371547220637
983 4978.44235898151 18.698033304468257
984 4984.064885742966 18.708615801303953
985 4989.4763822426075 18.71879580411433
986 4994.782363611341 18.728772122491716
987 5000.229031821285 18.73900719008246
988 5005.183296086992 18.748312946661216
989 5009.996873511489 18.757350288041277
990 5014.388390412354 18.76559224031272
991 5018.990937575035 18.774225923365126
992 5024.015545261348 18.78364594785474
993 5029.638072022805 18.794180238577994
994 5035.506800756381 18.80516911050868
995 5040.179691339667 18.81391613576297
996 5045.591187839308 18.824039192448858
997 5051.28405802137 18.834682250079737
998 5055.499716370722 18.842562120656925
999 5059.187799065535 18.84945430520453
1000 5065.584103453651 18.861394792401654
1001 5072.191438103581 18.873720990206095
1002 5076.407096452933 18.881584568713844
1003 5080.587583091982 18.889379384628505
1004 5085.928736171018 18.899331112368344
1005 5091.586434642778 18.909866375496705
1006 5095.872436412736 18.917845711002883
1007 5100.088094762088 18.925690955805468
1008 5105.534762972032 18.93581958639225
1009 5111.895895649844 18.94764036023556
1010 5118.081169776142 18.95912752584366
1011 5122.9299189109415 18.96812964216429
1012 5128.939334485727 18.979278515008694
1013 5135.617012556263 18.991658475457136
1014 5139.023721568655 18.99797566043002
1015 5141.973198347113 19.00344451568805
1016 5148.93225010007 19.016329165910445
1017 5155.645099880908 19.02875003101359
1018 5159.157324024208 19.035249869227403
1019 5162.880578429324 19.042137275408756
1020 5167.940357825938 19.051489762922152
1021 5172.964965512251 19.060772761342403
1022 5176.617876496763 19.067521194279543
