1 14.627859237536658 0.6813586005253015
2 19.757912214568435 0.6813586005253015
3 24.676937799929238 0.9003409900371693
4 29.384935993619067 1.0687067266064803
5 34.409475274815364 1.2230782953942454
6 39.434014556011654 1.3600393251060972
7 44.810266156659566 1.492726942925735
8 50.503058844813935 1.6214273855018921
9 55.4572556621199 1.7256491976644308
10 60.48179494331619 1.825281239308192
11 65.43599176062214 1.9184603174198944
12 70.56604473765393 2.0103976054563537
13 75.8016114105212 2.1000783718408416
14 81.00200685144331 2.185517278039604
15 85.95620366874927 2.2639178782707714
16 91.29728403745204 2.345501415207911
17 96.74387810199026 2.4258713303202706
18 101.48704752762525 2.493761398276858
19 106.08953202547961 2.5579179008227246
20 111.0085576108404 2.6247491962434517
21 116.34963797954315 2.695433373758092
22 121.6907183482459 2.7643107281123824
23 126.75042886138733 2.828015962090887
24 131.66945444674815 2.8886049639353866
25 136.65882249599926 2.948788065583831
26 141.78887547303103 3.0094118359306408
27 146.77824352228217 3.06722545899334
28 151.83795403542365 3.1247611903280768
29 156.9680070124554 3.182034104011196
30 161.67600520614525 3.233707038097787
31 166.87640064706736 3.2898355297763935
32 172.63953579911205 3.350934036283671
33 178.08612986365029 3.40767277449756
34 182.86447052123043 3.4566894522694525
35 187.71315364270092 3.5057264957546304
36 192.98389154751337 3.5582612228444046
37 197.97325959676454 3.6072891966205916
38 203.1033125737963 3.657012973803269
39 208.26853678277325 3.7064034405590967
40 213.29307606396952 3.7538264362326155
41 218.52864273683682 3.8026100969213106
42 223.7290381777589 3.8504545386153906
43 228.61289253117454 3.8948543591079363
44 233.5670893484805 3.939381787235973
45 238.90816971718326 3.986826005081582
46 243.75685283865374 4.0294165692318185
47 248.5703647281791 4.0712578094358
48 253.7707601691012 4.115980655400114
49 258.7249569864072 4.1581408276503025
50 263.7846674995486 4.200761314673327
51 269.12574786825144 4.245285426451826
52 274.25580084528315 4.287616691654474
53 278.963799038973 4.326104143881292
54 283.91799585627894 4.36623584459787
55 288.97770636942045 4.4068442145071245
56 293.82638949089096 4.445412492057409
57 298.88610000403236 4.485304081645268
58 304.50855022829643 4.529216011951366
59 309.9199730608895 4.571082855771822
60 314.69831371846965 4.607739869579235
61 319.5118256079949 4.644373904866202
62 324.78256351280737 4.684155594679179
63 329.87744525789407 4.722292679044891
64 334.9019845390904 4.759604457907351
65 340.1375512119576 4.798173113965415
66 344.91589186953775 4.833108054136547
67 349.69423252711783 4.867792281346704
68 354.8594567360947 4.905006041582561
69 359.9895097131266 4.9416892668875105
70 365.4361037776648 4.980338104285567
71 370.67167045053213 5.017210207759666
72 375.30932618033165 5.049650520162207
73 380.4393791573634 5.085290445813714
74 385.4990896705049 5.1201991561430376
75 390.4181152558657 5.153911500443057
76 395.3371408412265 5.187404756738238
77 400.4320225863131 5.221867733065174
78 405.7027604911255 5.25728135908564
79 410.5162723806509 5.2894186401797905
80 415.61115412573747 5.323221211116267
81 420.88189203054986 5.357964980236456
82 425.58989022423975 5.388813310794231
83 430.403402113765 5.420170768627605
84 435.6741400185774 5.4542970058521085
85 440.76902176366406 5.487083955931784
86 445.6528761170797 5.518331329683116
87 450.7477578621663 5.550740056565336
88 455.9833245350336 5.583846864967554
89 461.1133775120654 5.616097787068685
90 465.92688940159064 5.646193108317307
91 471.0217711466773 5.677872059830739
92 476.29250905148973 5.710458457494345
93 481.42256202852144 5.741998287815705
94 486.55261500555326 5.773365818981878
95 491.5068118228592 5.803498192188284
96 496.6720360318361 5.834747110231561
97 501.94277393664856 5.86646217982505
98 506.5100872025577 5.893810529022645
99 511.1477429323572 5.921450384740621
100 516.277795909389 5.95187224337474
101 521.5133625822563 5.982759717496909
102 526.6434155592881 6.01287139225624
103 531.4569274488134 6.040990369327331
104 536.340781802229 6.069386704356857
105 541.2598073875897 6.097853665254284
106 546.3546891326763 6.127197877843658
107 551.4847421097081 6.156603152450353
108 556.5796238547948 6.185668669445393
109 561.6745055998815 6.214598249247898
110 566.8045585769132 6.243591910276075
111 571.8994403219997 6.272254335839831
112 577.1701782268121 6.301767936097273
113 582.6167722913505 6.3321208092511325
114 587.7819965003273 6.360773264043775
115 592.5603371579075 6.387167192735218
116 597.5497052071586 6.414609665911914
117 602.6094157203 6.442319275408058
118 607.7394686973319 6.470292589118671
119 612.8695216743636 6.498145484006478
120 617.4016637083276 6.522656264506141
121 622.4613742214691 6.5499087951806505
122 627.8024545901719 6.578552876915495
123 633.0731924949843 6.606698314690571
124 638.3087591678516 6.634537908338777
125 642.9112436657058 6.658918180380194
126 647.9357829469021 6.685430261558969
127 653.2768633156048 6.7134961466702805
128 658.3014025968009 6.739793539903672
129 663.466626805778 6.766719998208152
130 668.3856523911387 6.79226500439886
131 673.4453629042803 6.818440024687839
132 678.7161008090927 6.84559924602859
133 684.0220099458503 6.872831129549335
134 688.9410355312111 6.8979831901167845
135 693.7545474207363 6.922507808130359
136 699.0252853255488 6.949260321831952
137 704.1905095345256 6.975378240225457
138 709.2150488157218 7.00069196889717
139 714.2044168649732 7.025738428196628
140 719.4048123058952 7.051748511268307
141 724.3941803551463 7.076614267022913
142 729.1373497807813 7.100173496788523
143 734.267402757813 7.12556469530717
144 739.9601954459674 7.153633011786883
145 745.1254196549444 7.179007441210096
146 749.9741027764147 7.2027469853213
147 755.2448406812273 7.228462409220733
148 760.3045511943687 7.253063441181308
149 765.4346041714005 7.277921257083691
150 770.5646571484322 7.302694459363643
151 775.4133402699026 7.326033214531968
152 780.5082220149893 7.35047598267094
153 785.8844736156371 7.37617949429945
154 791.3310676801754 7.402127988264672
155 796.390778193317 7.426153730898307
156 800.7470640675551 7.446780451507676
157 805.6660896529158 7.4700002308425795
158 811.5347385007962 7.497604060276368
159 817.0165037972796 7.523298179542884
160 821.6541595270792 7.544971014208071
161 826.3621577207689 7.566908733055578
162 831.562553161691 7.591064772423479
163 836.5870924428873 7.614331935783946
164 841.7523166518642 7.6381760520376965
165 846.6713422372252 7.660815737097029
166 851.2738267350794 7.681939587992545
167 856.6149071037821 7.706377136031907
168 861.8504737766494 7.730257382429409
169 866.945355521736 7.753425933740588
170 871.9698948029322 7.776207311998032
171 876.7482354605125 7.797811769371626
172 881.9838021333798 7.82141285359619
173 887.1841975743018 7.84478525079786
174 891.8921957679916 7.865886841309661
175 896.8815638172427 7.888186624208759
176 902.2929866498358 7.912299855905385
177 907.4933820907578 7.935404565269269
178 912.658606299735 7.9582867621190445
179 917.4017757253699 7.979243221533302
180 922.2504588468403 8.000608644471388
181 927.345340591927 8.022996522084938
182 932.4402223370136 8.04532210074797
183 937.3944191543195 8.066972548095606
184 942.3837872035707 8.08871797689755
185 947.6545251083832 8.11162518714639
186 952.5735506937438 8.132947038594253
187 957.3167201193789 8.153454588874887
188 962.1654032408493 8.17436468641142
189 967.2602849859359 8.19627796855663
190 972.4255091949128 8.218433860016741
191 977.4852197080543 8.240079829209987
192 982.7207863809216 8.262417698688584
193 987.7453256621177 8.283799410703576
194 992.5236663196978 8.304083387596245
195 998.0054316161813 8.32728946067041
196 1002.9596284334873 8.348208679036293
197 1007.7731403230126 8.368484355678094
198 1012.8680220680992 8.389890638299507
199 1017.7167051895697 8.410212911468463
200 1022.5653883110402 8.43048619652722
201 1027.484413896401 8.451003601091843
202 1032.614466873433 8.472347396570628
203 1037.639006154629 8.493200625049878
204 1042.6987166677704 8.514148068810602
205 1047.8287696448022 8.535333964183303
206 1053.3105349412856 8.557912989378993
207 1058.5109303822078 8.579279185253132
208 1063.3244422717332 8.599010036103557
209 1068.4193240168197 8.619843856614018
210 1073.5142057619064 8.64062744387253
211 1078.2222039555961 8.65978999704704
212 1083.3522569326278 8.680620446458063
213 1088.6581660693853 8.702111814585066
214 1093.6475341186365 8.722273926654589
215 1098.9182720234492 8.743521436958943
216 1103.7669551449196 8.76302364553273
217 1108.5804670344448 8.782341696532754
218 1114.027061098983 8.804146778489404
219 1119.2626277718502 8.825057004520389
220 1124.111310893321 8.844379425750544
221 1128.7137953911752 8.86268274860683
222 1133.7031634404264 8.882480392351596
223 1138.9739013452388 8.903345583962958
224 1144.2798104819963 8.924300604840017
225 1149.4450346909732 8.944653367189295
226 1154.4344027402246 8.964269980161701
227 1159.529284485311 8.984256830068082
228 1164.8351936220688 9.005023569469442
229 1169.8949041352103 9.02478309805747
230 1174.7787584886257 9.043815582579183
231 1180.0846676253832 9.064445873288518
232 1184.8630082829636 9.08298669057465
233 1189.8172051002696 9.10216928034744
234 1195.0176005411915 9.122260806008375
235 1200.3235096779492 9.14271408887491
236 1205.4183914230357 9.1623116855032
237 1209.985704688945 9.179846374913307
238 1215.2212713618121 9.199902722467126
239 1220.4216668027345 9.219781272220832
240 1225.8330896353273 9.240420309650878
241 1231.2796836998655 9.26114692257584
242 1235.88216819772 9.278628152768572
243 1241.1177348705874 9.298471435305837
244 1246.3884727753998 9.318405212275367
245 1251.2723271288153 9.336839188123513
246 1256.4375513377922 9.356294597676037
247 1260.9696933717562 9.37333444469412
248 1265.7832052612814 9.391397173721348
249 1271.5463404133263 9.412974130269697
250 1276.6412221584128 9.43201020400865
251 1281.1030217284865 9.448651673116357
252 1286.1979034735732 9.467616012031817
253 1291.1872715228244 9.486151241116639
254 1296.0711258762399 9.504259870924034
255 1301.0604939254913 9.522723775901222
256 1306.3664030622485 9.542318733420595
257 1311.812997126787 9.56239099978228
258 1316.5913377843672 9.57996815569322
259 1321.4400209058374 9.597770895249653
260 1326.007334171747 9.614511438570439
261 1331.031873452943 9.63289243434039
262 1336.26744012581 9.65200742267749
263 1340.8699246236645 9.668781999985052
264 1345.9999776006964 9.687443104645558
265 1351.3762292013444 9.706960423636543
266 1356.752480801992 9.726438578757772
267 1361.812191315134 9.744735394387634
268 1366.4850182768785 9.761604071292325
269 1371.720584949746 9.780467508279957
270 1376.9913228545583 9.79942086796368
271 1382.0158621357543 9.817455668178624
272 1387.321771272512 9.836463515650724
273 1392.2056256259275 9.853928395287133
274 1396.983966283508 9.870986427446095
275 1402.395389116101 9.890266621392946
276 1407.5254420931326 9.908510603756211
277 1412.6554950701643 9.926721056182604
278 1417.6448631194153 9.944400602616357
279 1422.282518849215 9.960806967923993
280 1427.4125718262467 9.978921985603103
281 1432.9295083546756 9.998365210348474
282 1438.2705887233783 10.017153268703387
283 1443.0841006129033 10.034057099258856
284 1448.0031261982645 10.051301718037239
285 1453.0276654794607 10.068885374071398
286 1458.052204760657 10.086438376620336
287 1463.3932851293598 10.105062684345295
288 1468.3826531786108 10.122430749212622
289 1473.2313363000812 10.139281067522017
290 1478.572416668784 10.157808488812863
291 1483.8783258055414 10.176180619145567
292 1488.6918376950666 10.192820721270728
293 1493.294322192921 10.208706692416015
294 1498.248519010227 10.22577775617698
295 1503.65994184282 10.244390245892546
296 1508.5437961962357 10.261160842461079
297 1513.6035067093771 10.27850584059474
298 1518.7687309183539 10.29618205398307
299 1523.6174140398243 10.312748478575838
300 1528.7474670168558 10.330246353542496
301 1533.8423487619427 10.347595094333503
302 1538.9372305070292 10.364914796932558
303 1543.7155711646094 10.381133222295652
304 1548.845624141641 10.398516024970117
305 1554.1163620464538 10.416344857411472
306 1559.21124379154 10.43355043596949
307 1564.4116392324622 10.451082781446862
308 1569.1899798900429 10.46716769408201
309 1573.8628068517876 10.482873922454369
310 1578.8170036690933 10.499499229059365
311 1584.0173991100153 10.516921634478132
312 1589.288137014828 10.534550077374748
313 1594.1016489043534 10.550624986000043
314 1598.8799895619334 10.56655837189136
315 1604.0803850028556 10.583870389952976
316 1609.1752667479423 10.600804070575027
317 1614.1646347971935 10.617361223994289
318 1619.048489150609 10.633543609046598
319 1623.8268298081896 10.649352934186881
320 1629.2382526407825 10.667226383099273
321 1634.6848467053208 10.685185704086603
322 1639.5335298267912 10.701149930003872
323 1644.2415280204807 10.716628667336323
324 1649.1253823738964 10.732661380957332
325 1654.2202641189833 10.749360670741753
326 1659.2096321682345 10.765689353113766
327 1664.5155413049918 10.78302582514863
328 1669.6104230500787 10.7996472376286
329 1674.3887637076587 10.815213760652075
330 1679.4836454527453 10.831785780747085
331 1684.4730135019968 10.847990395370573
332 1689.8140938706995 10.865309399517368
333 1695.1200030074567 10.882487171842458
334 1699.5466313455854 10.89680021683264
335 1704.4656569309464 10.912681582516516
336 1709.9474222274298 10.930350780054395
337 1715.042303972516 10.946748498363908
338 1720.0316720217672 10.962783182408105
339 1724.7748414474024 10.978005707083408
340 1729.6586958008184 10.993657245406288
341 1734.9294337056306 11.01052243521788
342 1739.9891442187723 11.02668874942609
343 1745.0488547319137 11.042831396748007
344 1750.0030515492194 11.058614906214428
345 1754.886905902635 11.074152516949825
346 1760.1224725755021 11.090783768720552
347 1765.674580335876 11.108392391358073
348 1770.7342908490175 11.124416479108717
349 1775.6533164343784 11.139973355286667
350 1780.5019995558487 11.155286757860688
351 1785.3506826773191 11.170579167782986
352 1790.9731329015833 11.188283332209643
353 1795.7163023272183 11.203199459175316
354 1800.2836155931275 11.217544391120835
355 1805.343326106269 11.233412778272246
356 1810.4030366194104 11.24925878124127
357 1815.4275759006068 11.264972684232498
358 1820.3114302540223 11.280226057186203
359 1825.3007983032737 11.29578737048817
360 1830.1494814247444 11.31088982409807
361 1835.2443631698306 11.326736649374434
362 1840.5502723065886 11.343215673800668
363 1845.7506677475105 11.35934410197583
364 1850.8103782606518 11.37501467723786
365 1855.5887189182317 11.389794868159642
366 1860.472573271648 11.404881299841483
367 1865.67296871257 11.420922645224854
368 1870.8030216896018 11.436725169851714
369 1875.757218506908 11.451965813678633
370 1880.3597030047624 11.46610740720135
371 1885.66561214152 11.48238641448514
372 1891.2528911338388 11.499502977021779
373 1896.1367454872545 11.51444566808368
374 1901.055771072615 11.529476284683634
375 1905.7989404982502 11.543951559121696
376 1910.647623619721 11.558729769873217
377 1915.9535327564786 11.5748785130138
378 1921.2594418932365 11.591004757530891
379 1926.3543236383227 11.606469135809585
380 1931.097493063958 11.620848506058687
381 1935.9110049534831 11.635422736766312
382 1941.1817428582958 11.651359016450424
383 1946.0655972117113 11.666107202273551
384 1951.2659926526333 11.681789839732385
385 1956.607073021336 11.697874447473911
386 1961.4909273747517 11.71256406230426
387 1966.480295424003 11.727551719418626
388 1971.5751771690893 11.74283627762201
389 1976.9866000016823 11.759047777539214
390 1981.975968050934 11.773976263459486
391 1986.578452548788 11.787731551419084
392 1991.4974781341489 11.80241413796992
393 1996.9089009667416 11.81854391520236
394 2002.2851525673898 11.834547183389319
395 2007.1690069208057 11.849067362479897
396 2011.7714914186602 11.862735579806197
397 2016.6905170040206 11.877325447769428
398 2021.9612549088336 11.892937587458926
399 2027.0913078858653 11.908113746589052
400 2032.5379019504032 11.92420428474079
401 2037.5624412315997 11.93902987153484
402 2042.2352681933444 11.9528021991264
403 2047.2949787064854 11.96769572188918
404 2052.319517987682 11.982467498011214
405 2057.3440572688783 11.997221086154314
406 2062.438939013965 12.012162515611518
407 2067.6745056868326 12.027496786002956
408 2072.558360040248 12.041784305576549
409 2077.5477280894993 12.056362705231091
410 2082.6777810665308 12.071333406985202
411 2087.2450943324397 12.08464787518848
412 2092.2344623816916 12.099174628269274
413 2097.786570142065 12.115317725970776
414 2102.916623119097 12.130215667651235
415 2107.6949637766766 12.144076760919722
416 2112.6139893620375 12.158329027088458
417 2117.497843715453 12.172462982308057
418 2122.7334103883204 12.187595566456455
419 2128.180004452859 12.203317602768378
420 2133.0286875743295 12.21729826138503
421 2137.9828843916353 12.231566342647458
422 2143.2184510645025 12.24662589574921
423 2148.805730056821 12.26267575928741
424 2153.9709542657984 12.277495646549335
425 2158.397582603927 12.290184183782035
426 2163.211094493452 12.30396560194225
427 2168.4466611663192 12.318936649306512
428 2173.893255230858 12.334491274152926
429 2178.882623280109 12.348724120742684
430 2183.766477633525 12.362640403042159
431 2188.5448182911045 12.376241188919575
432 2193.5693575723008 12.390525913595432
433 2198.980780404894 12.405891068637285
434 2204.040490918035 12.420241289410525
435 2209.346400054793 12.435271303242772
436 2214.195083176264 12.44899147235865
437 2218.7623964421728 12.46190245201586
438 2223.9276206511495 12.476485694985659
439 2229.268701019852 12.491547062969026
440 2234.2228978371577 12.505502245544337
441 2239.0715809586286 12.519145446352145
442 2244.1664627037153 12.533464693304733
443 2249.3316869126925 12.547964766922929
444 2254.461739889724 12.562349634302056
445 2259.4511079389745 12.576324612242898
446 2264.3349622923906 12.589989319980566
447 2269.2188166458063 12.603639212622003
448 2274.7357531742346 12.619038960503161
449 2280.006491079047 12.633734560835872
450 2285.1013728241337 12.64792407729646
451 2290.2665970331104 12.662293079797132
452 2294.939423994855 12.67527956996287
453 2299.8232783482713 12.688837712786635
454 2304.988502557248 12.70316043648427
455 2310.0833843023347 12.71727249006075
456 2315.213437279366 12.731466063614423
457 2319.886264241111 12.744382066895417
458 2324.45357750702 12.756994093896335
459 2329.7594866437776 12.771627813625841
460 2334.9598820847 12.785954544519434
461 2339.8437364381157 12.799395452099892
462 2344.8331044873667 12.813111892014872
463 2350.068671160234 12.827488725122386
464 2355.6207789206073 12.842716375790937
465 2360.9970305212555 12.857444951051125
466 2365.9512273385617 12.871003420722662
467 2370.9405953878127 12.88464363008585
468 2375.6837648134474 12.897598058343183
469 2380.95450271826 12.911976624109105
470 2386.4362680147437 12.926913366893915
471 2391.1442662084337 12.939729879882865
472 2395.957778097959 12.952820219042085
473 2400.806461219429 12.965992747199524
474 2405.901342964516 12.979819044648787
475 2411.2072521012733 12.994201827349862
476 2416.2317913824695 13.007807946732344
477 2421.1859881997757 13.02120985031796
478 2426.0346713212457 13.03431326382877
479 2431.1647242982776 13.048161970259736
480 2436.9982019142126 13.063889924785187
481 2442.1634261231898 13.077801900186696
482 2446.7307393890987 13.090092688183201
483 2451.544251278624 13.103032811060167
484 2456.6039617917654 13.116620347025485
485 2461.8043572326874 13.130570662874439
486 2466.6882115861035 13.143659165447692
487 2471.6775796353545 13.157016708795146
488 2476.526262756825 13.169985002615599
489 2481.761829429692 13.183972679164986
490 2487.173252262285 13.198414162178093
491 2491.9867641518103 13.211248187013796
492 2496.9057897371713 13.224350381576656
493 2501.7544728586417 13.237252709996579
494 2506.9548682995637 13.251076028498506
495 2512.3662911321567 13.265444459363666
496 2517.672200268915 13.279517890440806
497 2522.802253245946 13.29311114619325
498 2527.3695665118553 13.305203042033883
499 2532.5699619527777 13.318955837245037
500 2538.1572409450964 13.333714994009114
501 2543.1466089943474 13.346882331073461
502 2548.135977043599 13.360036690727254
503 2552.773632773398 13.372253081829745
504 2557.938856982375 13.385844577692062
505 2563.842677062201 13.401360837061494
506 2568.9023875753414 13.414646203512385
507 2573.7158994648667 13.427273551540583
508 2578.494240122447 13.439796994719833
509 2583.378094475863 13.452584643257165
510 2588.789517308456 13.46673807480538
511 2593.954741517433 13.480234306162329
512 2598.873767102794 13.493075309389893
513 2603.652107760374 13.505537735915816
514 2608.5711333457352 13.51835470359013
515 2613.9473849463834 13.53234793568281
516 2618.9367529956344 13.545322184076548
517 2623.5744087254343 13.557371617587346
518 2628.6692904705205 13.570595406567818
519 2633.869685911443 13.584079515870613
520 2638.8238827287487 13.596913424760782
521 2644.024278169671 13.610371460220177
522 2649.1543311467026 13.623634604160731
523 2654.1085279640088 13.636431285883786
524 2659.273752172986 13.64975973371887
525 2664.2631202222374 13.662622486415648
526 2669.2173170395426 13.67538268544083
527 2674.945280959643 13.69011901572397
528 2680.3918750241805 13.704117391762761
529 2685.2757293775962 13.716658624166923
530 2690.4761248185187 13.729999286841524
531 2695.4303216358244 13.742696926135467
532 2700.138319829515 13.754753322861374
533 2704.811146791259 13.766709305814725
534 2709.6598299127295 13.779103795400152
535 2714.9305678175424 13.792563433654133
536 2720.166134490409 13.805920349879687
537 2725.0499888438253 13.818369188581565
538 2730.0041856611306 13.830985699467869
539 2735.028724942327 13.843769424114779
540 2739.842236831852 13.85600570621084
541 2745.1481459686097 13.86947990476292
542 2750.3485414095326 13.882673713422731
543 2755.5137656185098 13.895765974100938
544 2760.608647363596 13.908668035379165
545 2765.6683578767365 13.921469283041274
546 2770.9742670134947 13.934880182360267
547 2775.998806294691 13.94756868224378
548 2781.093688039777 13.960422868140641
549 2785.696172537632 13.972025792028793
550 2790.580026891048 13.984326764554524
551 2795.8859360278047 13.997677441486898
552 2800.8049616131657 14.010044186644901
553 2805.8646721263067 14.022752889216374
554 2810.7485264797224 14.035009402089633
555 2815.737894528974 14.047519401474478
556 2821.290002289348 14.06142589678119
557 2826.349712802489 14.074088202471671
558 2831.128053460069 14.086036595236124
559 2835.97673658154 14.098150348749174
560 2841.2123032544073 14.11121801588316
561 2846.940267174507 14.125499671275973
562 2851.8241215279227 14.137667109107353
563 2856.496948489667 14.149299538350851
564 2861.415974075028 14.16153387814353
565 2866.6163695159507 14.174455840932408
566 2871.8167649568727 14.18736603430245
567 2876.911646701959 14.20000315150231
568 2882.0065284470456 14.212629032451112
569 2886.8903828004613 14.224721942406834
570 2891.8797508497123 14.237065243822126
571 2896.939461362854 14.249571475561346
572 2901.9991718759948 14.262066740743267
573 2906.74234130163 14.273771117601724
574 2911.4151682633747 14.285292718587215
575 2916.3341938487356 14.29741068905668
576 2921.88630160911 14.311074359649554
577 2927.332895673648 14.324465928960368
578 2932.3222637228982 14.33672335535578
579 2937.3819742360406 14.349142728688967
580 2942.1251436616753 14.36077613670492
581 2947.290367870652 14.373432917093128
582 2952.701790703246 14.386680458451517
583 2957.7615012163865 14.399056743199338
584 2962.7860404975827 14.411336563381097
585 2967.388524995438 14.422576732985634
586 2972.4482355085784 14.434922240841551
587 2977.8596583411727 14.448113402467348
588 2982.637998998752 14.45975273377576
589 2987.0997985688264 14.470613362027777
590 2991.983652922242 14.482490856134353
591 2997.3599045228902 14.495553392620662
592 3002.7713273554828 14.508689429088035
593 3007.93655156446 14.52121728793264
594 3012.8907483817657 14.533223658579612
595 3017.9152876629623 14.54539020994173
596 3022.7287995524885 14.557036739046882
597 3027.8588525295195 14.569438121096864
598 3033.481302753783 14.583016565257118
599 3038.6113557308154 14.595395872845424
600 3043.2841826925596 14.606663781408574
601 3048.3438932057015 14.618853830016795
602 3053.438774950788 14.631118269455461
603 3058.463314231984 14.643203483663127
604 3063.7340521367964 14.655869572663578
605 3068.442050330486 14.667175362014286
606 3072.8335074366696 14.677713956512912
607 3078.2449302692626 14.690687110568668
608 3083.7618667976913 14.70390120564546
609 3088.716063614997 14.715758527929387
610 3093.529575504522 14.727270328028156
611 3098.448601089883 14.739024922655158
612 3103.61382529886 14.751357166182126
613 3108.532850884221 14.763092582521592
614 3113.6629038612523 14.775321016567249
615 3118.7226143743947 14.78737203234224
616 3123.2899276403036 14.798242992585235
617 3128.3144669214994 14.810191832544525
618 3133.5852048263123 14.82271522979952
619 3138.7504290352895 14.834977902152517
620 3143.5639409248147 14.846397260609915
621 3148.025740494889 14.856975249733939
622 3152.979937312194 14.868710500852158
623 3158.6727300003486 14.88218213161196
624 3163.9786391371063 14.894728050439376
625 3168.6162948669053 14.90568669345603
626 3173.3946355244857 14.916968996242204
627 3178.559859733463 14.929154249604164
628 3183.900940102165 14.94174351732964
629 3188.8903081514163 14.953494967923712
630 3193.8093337367777 14.96507187124576
631 3198.2359620749057 14.975483432323621
632 3203.1901588922124 14.987125889200492
633 3208.707095420641 15.000078843242703
634 3213.5206073101667 15.011372607659482
635 3218.334119199692 15.022657881629385
636 3223.288316016997 15.034263806898757
637 3228.4535402259744 15.046354069642545
638 3233.618764434951 15.058434625241485
639 3238.889502339763 15.070751740694083
640 3244.230582708466 15.083222824012847
641 3249.2551219896627 15.094946081652381
642 3254.103805111133 15.106250808906813
643 3259.3042005520556 15.1183653252041
644 3264.610109688813 15.130715409537281
645 3269.282936650557 15.141584954767737
646 3274.2371334678633 15.153099792761648
647 3279.754069996292 15.165910991897148
648 3284.708266813598 15.177407374156205
649 3289.4866074711776 15.188487838901876
650 3294.6870029121 15.200536814113052
651 3299.7818846571868 15.21233229812585
652 3304.4898828508763 15.223224826486526
653 3309.6199358279077 15.23508394004659
654 3315.1368723563364 15.247826256388786
655 3320.40761026115 15.259990504976775
656 3325.4673207742903 15.271659068099476
657 3330.3863463596517 15.282994963294865
658 3335.5867418005737 15.294969488457053
659 3340.962993401222 15.307338710995246
660 3346.0227039143633 15.318971208714288
661 3351.012071963614 15.33043350044201
662 3355.89592631703 15.3416453366708
663 3360.7094382065548 15.352687839550605
664 3366.1560322710934 15.365171613789823
665 3371.1454003203444 15.376599466048077
666 3376.0292546737605 15.387777664886773
667 3381.0889651869015 15.399349400032195
668 3385.902477076427 15.410350554311345
669 3391.10287251735 15.422226195056922
670 3396.127411798546 15.433691951722716
671 3401.3629784714135 15.445629734540432
672 3406.5985451442807 15.457558297880315
673 3411.658255657422 15.46907783329867
674 3417.10484972196 15.48146775455027
675 3422.375587626773 15.493448567124814
676 3427.0132433565727 15.50398402376204
677 3431.4750429266464 15.51411365693928
678 3436.745780831459 15.526069278068803
679 3442.227546127942 15.538493365865063
680 3447.111400481358 15.549555183533412
681 3451.9249123708837 15.560450143496587
682 3456.773595492354 15.571416922099543
683 3461.798134773551 15.582772905071117
684 3467.52609869365 15.595707052982586
685 3472.5506379748467 15.607045362003062
686 3477.1531224727005 15.617424980048245
687 3482.3886891455677 15.629222426060869
688 3487.5187421225996 15.64077370802972
689 3492.859822491302 15.652790643044519
690 3498.1657316280603 15.664719391455987
691 3502.9792435175855 15.675534309092921
692 3507.65207047933 15.686026329621823
693 3512.535924832746 15.696984179717687
694 3517.5956353458873 15.708328135692575
695 3522.8663732507 15.720136051750732
696 3527.8909125318964 15.731384679510054
697 3532.2823696380797 15.741210811873994
698 3537.3420801512216 15.752522918699164
699 3542.999701607431 15.76516087178778
700 3548.235268280298 15.77684784578965
701 3553.0136089378784 15.787507598749604
702 3557.967805755184 15.798551660437766
703 3563.238543659996 15.81029219320386
704 3568.2630829411924 15.821476722596206
705 3573.6745057737858 15.833512764862636
706 3579.0507573744335 15.845461597421812
707 3583.688413104232 15.85576315862141
708 3588.1150414423605 15.86559022736136
709 3592.858210867996 15.876112479533841
710 3598.164120004754 15.887873556926532
711 3603.3293442137306 15.899314725311534
712 3607.9318287115843 15.909503663229781
713 3612.74534060111 15.920152294271997
714 3618.0512497378677 15.931880861056209
715 3623.4626725704607 15.943833559163354
716 3628.663068011383 15.95531213004119
717 3633.582093596744 15.966162642378123
718 3638.325263022379 15.976618657373553
719 3643.4553159994102 15.987918947306635
720 3648.972252527839 16.00006172333095
721 3654.2781616645966 16.011731756698754
722 3659.2323584819023 16.022621266054433
723 3663.9051854436475 16.032886152326398
724 3668.824211029008 16.043684200622092
725 3674.094948933821 16.05524547916515
726 3679.084316983072 16.06618249038366
727 3684.003342568433 16.076958175293665
728 3688.9223681537937 16.087726642567404
729 3693.806222507209 16.09841106602423
730 3699.3935014995286 16.110624128123376
731 3704.840095564067 16.12252103798282
732 3709.5832649897015 16.132875714529774
733 3714.1154070236653 16.142763977524172
734 3718.9289189131905 16.153258838282266
735 3724.5513691374554 16.16550698476967
736 3730.068305665884 16.177516464506866
737 3734.811475091519 16.187835962835077
738 3739.554644517154 16.198148886830324
739 3744.4384988705688 16.208760522774117
740 3749.8499217031626 16.22050919287231
741 3755.3316869996456 16.232401773295773
742 3759.969342729445 16.24245792472994
743 3764.677340923135 16.252660077838808
744 3769.4908528126607 16.263084020820507
745 3774.585734557747 16.27410938821735
746 3779.786129998669 16.285355169120507
747 3784.70515558403 16.295985927222425
748 3789.41315377772 16.3061545898898
749 3794.085980739465 16.316241100431924
750 3799.2160337164964 16.327306336010658
751 3804.6626277810337 16.339045474337272
752 3809.7575095261213 16.350019618454834
753 3814.6765351114814 16.360608359095007
754 3819.7714168565676 16.371568049245802
755 3824.760784905819 16.38229388117377
756 3829.9611803467415 16.39346544858284
757 3835.091233323773 16.404478594468927
758 3839.904745213298 16.414806127971215
759 3844.7534283347695 16.42520248010619
760 3850.024166239581 16.436495404417837
761 3855.2949041443944 16.447780575093127
762 3860.354614657535 16.458607059125455
763 3865.519838866512 16.46965175406928
764 3870.227837060202 16.47971325810829
765 3875.2172051094535 16.49036874928901
766 3880.3824293184307 16.501392185544542
767 3885.723509687133 16.512782829987767
768 3890.9942475919456 16.52401589981385
769 3895.6670745536903 16.533969505092863
770 3900.8322987626675 16.54496389143728
771 3905.7864955799732 16.555502666965683
772 3910.564836237553 16.56566137488289
773 3916.0466015340367 16.577306344546074
774 3920.9304558874524 16.587675423809262
775 3925.5329403853075 16.597441792079266
776 3930.9795344498452 16.608990001321178
777 3936.3557860504934 16.620381332096095
778 3941.3451540997435 16.63094669711697
779 3946.0531522934343 16.640910678550576
780 3950.761150487124 16.65086869747796
781 3955.9615459280453 16.661860189828367
782 3961.1971126009125 16.672918629359298
783 3966.1864806501635 16.683450723375362
784 3971.562732250811 16.694791247559678
785 3976.6576139958984 16.705531697943407
786 3981.64698204515 16.716043243813694
787 3986.882548718017 16.72706586239495
788 3991.8015743033775 16.73741607061047
789 3996.439230033177 16.74716897949192
790 4001.182399458812 16.757137674075555
791 4006.3124524358436 16.767911962150567
792 4011.7238752684366 16.779269124781525
793 4016.8890994774133 16.790102886387253
794 4021.5267552072132 16.79982520868584
795 4026.2347534009023 16.809689087295723
796 4031.5406625376604 16.82079742193051
797 4036.952085370253 16.83211890110804
798 4041.9062821875586 16.842477997253937
799 4046.860479004865 16.85283072587295
800 4051.814675822171 16.863177098692635
801 4056.9095575672577 16.873810369127316
802 4062.3561516317955 16.88516956372651
803 4067.275177217157 16.895422917217175
804 4072.0886891066816 16.90545053567397
805 4077.2890845476036 16.91627661215243
806 4082.3136238288 16.92673036554981
807 4087.443676805832 16.937396771952166
808 4092.714414710644 16.948348417397426
809 4097.563097832114 16.958417684769504
810 4102.165582329969 16.967970663780527
811 4107.330806538946 16.97868401910288
812 4112.496030747922 16.98939061868207
813 4117.696426188845 17.000163240360322
814 4122.896821629767 17.01092903999174
815 4127.569648591512 17.02059790200315
816 4133.086585119941 17.032004457092764
817 4138.533179184479 17.043258216930095
818 4143.38186230595 17.053271443994564
819 4148.758113906597 17.064366196928084
820 4153.536454564177 17.074222147267523
821 4158.455480149538 17.08436203930577
822 4164.253786533527 17.096304905555776
823 4169.3838395105595 17.106865579826135
824 4174.338036327866 17.117058402458778
825 4179.151548217391 17.126956256605453
826 4183.613347787465 17.136126533351636
827 4188.848914460332 17.146879109706436
828 4194.189994829035 17.15784123752389
829 4198.897993022724 17.167499413171043
830 4203.78184737614 17.177512230411782
831 4209.087756512898 17.188382853660826
832 4214.56952180938 17.199606215773144
833 4220.016115873918 17.210750384576198
834 4224.899970227334 17.220738054012315
835 4229.537625957133 17.2302173878287
836 4234.351137846659 17.24005027528419
837 4239.797731911197 17.25116831744604
838 4245.244325975736 17.26227919885962
839 4250.304036488877 17.272595161690827
840 4255.152719610347 17.282475514615097
841 4259.895889035983 17.292135614594756
842 4265.2017981727395 17.302934225489373
843 4270.155994990046 17.31301161550341
844 4274.863993183735 17.322583276396994
845 4279.853361232987 17.332720611195644
846 4284.526188194731 17.342210064573834
847 4289.796926099543 17.352906228951053
848 4295.489718787697 17.36445068613134
849 4300.408744373059 17.37442119861604
850 4305.222256262584 17.384172521273786
851 4310.000596920164 17.393847259326776
852 4314.989964969414 17.40394308479682
853 4320.5069014978435 17.41509855796403
854 4325.5666120109845 17.42532405046989
855 4330.30978143662 17.434905003014794
856 4335.123293326145 17.44462251602603
857 4340.147832607341 17.45475984297157
858 4345.66476913577 17.46588285946538
859 4350.865164576693 17.476361768551904
860 4355.854532625943 17.486409954114656
861 4360.703215747413 17.496169562991934
862 4365.376042709157 17.50557041387127
863 4370.64678061397 17.516166823308325
864 4376.128545910454 17.527180293350316
865 4381.399283815266 17.5377636459889
866 4386.001768313121 17.54700121896569
867 4390.674595274866 17.556374851216386
868 4396.015675643569 17.567081449279257
869 4401.321584780326 17.5777111520154
870 4406.346124061522 17.587771768841474
871 4411.159635951047 17.597404867063474
872 4416.289688928079 17.607664995616513
873 4421.630769296781 17.618340424882458
874 4426.444281186306 17.627956818347936
875 4431.468820467504 17.637988775331216
876 4436.528530980644 17.64808512329294
877 4441.588241493786 17.658175698505133
878 4446.999664326379 17.668960631307424
879 4452.2352309992475 17.67938914178147
880 4457.154256584608 17.68918214000783
881 4462.178795865804 17.69917939429799
882 4467.168163915055 17.70910115306816
883 4472.263045660142 17.719226793542564
884 4477.674468492735 17.7299745897283
885 4482.7693502378215 17.740088316121987
886 4487.723547055127 17.749917516730953
887 4492.501887712707 17.759393009957613
888 4497.667111921684 17.769629221110783
889 4502.761993666772 17.779720390578447
890 4507.892046643802 17.78987537082991
891 4513.05727085278 17.800094052652746
892 4517.624584118688 17.80912609669503
893 4522.860150791556 17.819472578161037
894 4528.341916088039 17.830298702418695
895 4533.823681384522 17.84111825730423
896 4539.164761753225 17.851654080233086
897 4543.8375887149705 17.860867827133774
898 4549.178669083673 17.871392006990686
899 4554.519749452375 17.88190999297108
900 4559.614631197462 17.89193783546421
901 4564.603999246714 17.901752761284946
902 4569.276826208458 17.91094073643852
903 4574.6530778091055 17.921504535739018
904 4579.888644481973 17.93178617596036
905 4584.596642675663 17.94102771943447
906 4589.621181956859 17.950884715765035
907 4594.716063701946 17.960874048611423
908 4599.670260519251 17.97058248852907
909 4604.659628568503 17.98035448468926
910 4609.89519524137 17.990602492160576
911 4615.165933146182 18.000913385100667
912 4620.4014998190505 18.01114969494578
913 4625.672237723862 18.021448831897715
914 4630.591263309223 18.03105605217118
915 4635.545460126528 18.040726724372366
916 4640.7810267993955 18.05094045692169
917 4645.664881152812 18.060463496379338
918 4650.724591665953 18.070323798547005
919 4655.96015833882 18.080520811640998
920 4660.984697620017 18.090301801499994
921 4665.9740656692675 18.100009162633352
922 4670.717235094903 18.109233166748865
923 4675.425233288593 18.11838420104922
924 4680.731142425349 18.128690651972224
925 4686.107394025998 18.139127639310736
926 4690.956077147467 18.14853624424878
927 4695.910273964773 18.158144348907356
928 4701.216183101532 18.168428245003234
929 4706.73311962996 18.179114603813492
930 4711.968686302827 18.18925062817141
931 4716.606342032626 18.198225477264554
932 4721.173655298536 18.20706001984014
933 4726.479564435293 18.21731630246718
934 4731.820644803996 18.227634679061477
935 4736.774841621302 18.237201111471823
936 4741.623524742773 18.246559146147916
937 4746.401865400352 18.255776863920453
938 4751.496747145438 18.265599454073495
939 4756.767485050251 18.275755198721942
940 4761.545825707832 18.284958198338632
941 4766.605536220972 18.2946975048858
942 4771.700417966059 18.304499209393068
943 4776.408416159748 18.313552672155787
944 4781.855010224287 18.32401938163
945 4787.1257481291 18.33414276603392
946 4792.220629874187 18.34392339377568
947 4797.315511619274 18.35369880945275
948 4801.882824885181 18.362458550880596
949 4806.8370217024885 18.37195477949345
950 4812.1781020711915 18.38218635388458
951 4816.991613960716 18.39140335622686
952 4821.8754683141315 18.400750194928218
953 4827.040692523109 18.41062981838953
954 4832.627971515428 18.421309976675207
955 4837.969051884131 18.43151415337172
956 4842.360508990314 18.439901514787895
957 4847.17402087984 18.44908968316781
958 4852.374416320761 18.459010448621154
959 4857.715496689464 18.46919379592659
960 4862.775207202606 18.478836000997923
961 4867.870088947693 18.488540084689586
962 4872.929799460833 18.498172205476333
963 4877.708140118413 18.50726460541471
964 4882.873364327391 18.517087399168886
965 4887.686876216915 18.52623728691153
966 4892.465216874495 18.535315919679654
967 4897.5952698515275 18.545057152374593
968 4902.479124204944 18.554326587336934
969 4907.609177181976 18.56405784444953
970 4912.879915086787 18.574050401542202
971 4917.798940672148 18.58337194038965
972 4922.753137489454 18.59275533808278
973 4927.742505538705 18.602200501012327
974 4932.6263598921205 18.611441475731574
975 4937.8267553330425 18.621275746020128
976 4943.273349397581 18.631569585835887
977 4948.2627174468325 18.64099508207388
978 4953.287256728028 18.650482141196054
979 4958.593165864786 18.66049470933577
980 4963.7232188418175 18.670170629634264
981 4968.571901963288 18.679311754806793
982 4973.490927548649 18.68858079119692
983 4978.40995313401 18.69784523267122
984 4983.293807487425 18.707038960499442
985 4988.494202928348 18.716823001630914
986 4994.046310688721 18.72726248521782
987 4999.211534897699 18.73696994617512
988 5003.884361859443 18.745748555390083
989 5008.733044980913 18.754852843877888
990 5014.390666437123 18.765468931117084
991 5019.837260501661 18.775683716638607
992 5024.615601159242 18.784641792129737
993 5029.534626744602 18.793858880348612
994 5034.5239947938535 18.803203025881412
995 5040.040931322282 18.81352882681156
996 5045.0654706034775 18.822928926350443
997 5049.562441405497 18.831339021665837
998 5054.692494382528 18.84092720360185
999 5059.82254735956 18.850510508575994
1000 5064.811915408812 18.859826585946955
1001 5069.977139617788 18.869465848974485
1002 5075.17753505871 18.879165713302864
1003 5080.166903107962 18.888467657499586
1004 5084.5231889822 18.896586736932942
1005 5089.5477282633965 18.905945539845405
1006 5095.240520951551 18.916542226208243
1007 5100.651943784143 18.926610118754333
1008 5105.711654297285 18.936019409253298
1009 5110.419652490975 18.94477107902786
1010 5115.690390395788 18.954562930960254
1011 5121.101813228382 18.96461063916544
1012 5126.056010045687 18.97380549816223
1013 5131.186063022718 18.983321722622758
1014 5135.823718752518 18.991921328068095
1015 5140.707573105934 19.000972766051902
1016 5146.330023330199 19.011386352245303
1017 5151.354562611395 19.020688670064224
1018 5156.3087594287 19.029856433259134
1019 5161.087100086281 19.03869491592932
1020 5166.006125671641 19.047789070064386
1021 5170.995493720892 19.057008707447288
1022 5175.984861770143 19.066223886595353
