1 14.627859237536656 0.5382179973621256
2 19.922814303348662 0.5382179973621256
3 25.217769369160674 0.6901566672640308
4 30.07253324288182 0.8046442538202466
5 34.8392588781848 0.9030438707357351
6 39.71163039958958 0.9936017516209545
7 45.0065854654016 1.0834583764541792
8 50.38957876963177 1.1677413920739184
9 55.52606500629107 1.2428503710512027
10 60.36322123232859 1.309653823017807
11 64.95387039079522 1.3700468635318919
12 70.05514133208726 1.434170623498177
13 75.54378052241924 1.5001012077998503
14 80.71548205444581 1.5596797224846364
15 85.57024592816697 1.6136099239180142
16 90.70673216482625 1.6687702276305385
17 95.75518016306738 1.7212643219784542
18 100.94448934277756 1.7736031483161712
19 106.08097557943685 1.823931252480864
20 111.04138533925982 1.8712513766719776
21 116.03701039445006 1.9177273874680247
22 120.61005190523306 1.9593094564819133
23 125.6584999034742 2.004208157789335
24 130.91823967391892 2.0499384955178566
25 136.05472591057824 2.0936343810382443
26 141.56097274859385 2.1394820018679086
27 146.66224368988588 2.1811006866599008
28 151.41136167750525 2.219147585020389
29 156.30134084659366 2.257651937515297
30 161.49065002630388 2.297805373082686
31 166.92646627358496 2.339125394963548
32 172.15099074866242 2.3781642062717756
33 177.0233622700672 2.414005219618034
34 181.9309490868393 2.4495749683816097
35 187.0674353234986 2.486257149166422
36 192.25674450320878 2.522774637850601
37 197.72777604585713 2.5607089001301473
38 202.86426228251648 2.5958210950034917
39 207.29644261183043 2.6257459707230684
40 212.04556059944971 2.6574344209259353
41 217.5341997897817 2.6935879339385567
42 222.98762368474644 2.7290353785117913
43 228.1769328644566 2.7623452642220667
44 233.17255791964686 2.7940379340156145
45 237.8160300211644 2.823179665623208
46 242.7412244856201 2.85376239520408
47 248.33550956205386 2.8881029094721944
48 253.61285698018224 2.920129444026814
49 258.6613049784234 2.950442808014115
50 263.78018356739904 2.9808639336453613
51 268.3532250781821 3.00778406879919
52 273.15516600885235 3.0357933030457547
53 278.1507910640425 3.0646594585313416
54 283.2872773007019 3.09405796371448
55 288.77591649103385 3.125164465938139
56 293.7187186031732 3.1529175982839877
57 298.1861142278544 3.1777955006733793
58 302.9176245677901 3.2039319568835425
59 308.3710484627548 3.2337900555925434
60 313.89490294845405 3.2637549688992347
61 318.83770506059335 3.290339334995845
62 323.4459618667437 3.314934127560188
63 328.00139572984307 3.3390692453382624
64 332.92659019429874 3.3649665390693544
65 338.3800140892635 3.3934080138359444
66 343.7630073934937 3.4212506271274563
67 348.35365655196034 3.4448209134508616
68 353.31406631178334 3.470107725513545
69 358.5385907868608 3.4965418637988135
70 363.7983305573055 3.5229536614827017
71 368.8996014985975 3.548382655518701
72 373.5606812477987 3.5714611822291964
73 378.7852057228761 3.597150588284964
74 383.8688690164846 3.6219731176965593
75 388.56516406105305 3.644755806433178
76 393.34949734403966 3.6678196253782307
77 398.41555298996445 3.6920831052826366
78 403.8337615895619 3.717856328396148
79 408.8117789970684 3.741381060254294
80 413.4904663939532 3.7633585801418756
81 418.3276226199908 3.7859455746286845
82 423.3936782659155 3.8094567520913385
83 428.89992510393114 3.8348453764011934
84 434.1772725220595 3.859022753894593
85 439.1376822818825 3.8816121800093017
86 443.95723086023645 3.903435557147794
87 448.90003297237575 3.9256904604428717
88 454.036519209035 3.9486836638646485
89 459.47233545631616 3.97287059417586
90 464.9257593512809 3.9969887287027555
91 469.5516238051148 4.0173367156031485
92 474.3183494404177 4.03819639737848
93 479.59569685854615 4.06116334293157
94 484.7321830952054 4.083393782631122
95 489.88627697954837 4.105579365766029
96 495.0931938069423 4.127871031018141
97 500.0536035667653 4.148996957053492
98 504.87315214511915 4.16942103684052
99 509.93920779104394 4.190781387098598
100 514.9524404939178 4.211812592093113
101 520.0713190828933 4.233178751063979
102 525.0493364904 4.253854592942012
103 529.8336697733866 4.273632508028174
104 534.7764718855259 4.293969172698104
105 539.9129581221852 4.315000387270089
106 545.3311667217826 4.337073479251052
107 550.4852606061256 4.3579678187196516
108 555.3224168321631 4.377487818408996
109 560.0539271720987 4.396498076942465
110 564.9262986935036 4.415988173547303
111 570.0803925778464 4.436510869307425
112 575.5690317681784 4.458260529603486
113 580.8463791863069 4.479074067705393
114 585.6659277646608 4.497999615028894
115 590.6439451721674 4.517463568888446
116 595.7804314088266 4.537459000618488
117 601.0401711792714 4.557842875522413
118 606.2823033020327 4.5780682733106115
119 611.3131436525902 4.597395550751444
120 616.132692230944 4.615835989599101
121 621.1107096384505 4.634805113735914
122 626.3704494088954 4.654762715538706
123 631.6301891793402 4.67463511235112
124 636.6786371775812 4.693630814957205
125 641.6742622327714 4.712352580724834
126 646.6874949356454 4.731065791291225
127 651.7183352862029 4.749770547774075
128 656.9780750566475 4.76924708441057
129 662.396283656245 4.789227053966071
130 667.8144922558425 4.809124015527396
131 672.792509663349 4.827333669444925
132 677.5768429463357 4.8447710236850146
133 682.6076832968932 4.863038454188278
134 687.7617771812361 4.88168210266576
135 693.0743398947318 4.900824198304362
136 698.2460414267584 4.919387667766465
137 703.2416664819486 4.937253451436431
138 708.2020762417715 4.954929681099551
139 713.0040171724418 4.971981910560068
140 718.2109339998356 4.990404937382489
141 723.5234967133312 5.009131572463426
142 728.3078299963178 5.025938223459503
143 733.250632108457 5.043242158417313
144 738.5103718789019 5.061589568909595
145 743.5940351725102 5.079260366885329
146 748.8361672952713 5.097417317794854
147 754.2367682471852 5.116055245550304
148 759.1619627116406 5.132994998966523
149 763.9462959946273 5.14939739923
150 769.0123516405522 5.166707890639885
151 773.9023308096404 5.183362489163304
152 778.8627405694635 5.200202226354814
153 784.3161644644283 5.218651294567896
154 789.6463348256076 5.236620958596056
155 794.5891369377468 5.253230958792306
156 799.391077868417 5.269317933158825
157 804.3690952759237 5.285942493079492
158 809.6992656371029 5.303684169504792
159 815.3639813042712 5.322473542567607
160 820.5356828362978 5.339571313731033
161 825.091116699397 5.354588403371446
162 829.9282729254346 5.370487227509532
163 835.064759162094 5.387317527944906
164 840.3773218755896 5.404669075725248
165 845.3729469307799 5.420935752805872
166 849.9988113846136 5.435956201553245
167 854.8711829060185 5.451731471152632
168 859.849200313525 5.467801440523448
169 865.3202318561733 5.485407076126056
170 870.826478694189 5.503069062411004
171 875.593204329492 5.5183154098812235
172 880.1838534879585 5.532959446359697
173 885.2323014861996 5.54901766338429
174 890.4216106659097 5.565475207936151
175 895.5933121979366 5.581828687199127
176 901.3812813988903 5.600072387417226
177 906.7818823508039 5.61704270128693
178 911.3901391569542 5.6314850651247506
179 916.2272953829918 5.6466043008206395
180 921.0820592567129 5.661737920451908
181 926.1833301980048 5.677595727851243
182 931.8832611605403 5.695260503911908
183 936.914101511098 5.7108080813834805
184 941.5047506695645 5.7249597565854815
185 946.6060216108567 5.740642924233739
186 951.7072925521485 5.756283362777276
187 956.9846399702769 5.772418531842354
188 962.1387338546199 5.788133796944429
189 966.9758900806572 5.802844900792487
190 971.7074004205931 5.817199041024213
191 976.4389107605288 5.831517848993745
192 981.9979805415953 5.848293675383076
193 987.5394426749782 5.864968656813504
194 992.4118141963829 5.879592975177419
195 997.319401013155 5.894286206075703
196 1002.4382796021307 5.909572480872011
197 1007.3986893619536 5.9243483529920935
198 1012.5879985416638 5.939766044988742
199 1017.7068771306393 5.954935574525278
200 1022.5616410043606 5.96928754932979
201 1027.8037731271215 5.98474488042109
202 1032.9754746591482 5.9999557070709795
203 1037.988707362022 6.014664177098808
204 1042.9667247695286 6.029233925028116
205 1048.0327804154535 6.044025030946986
206 1053.2749125382147 6.059291708760728
207 1058.2353222980373 6.073703360617546
208 1063.2485550009114 6.088233667430886
209 1068.4906871236726 6.103389765235521
210 1073.6095657126484 6.118153614770326
211 1078.7460519493075 6.1329324747616925
212 1083.7240693568142 6.1472219172095
213 1088.3323261629646 6.160421465294656
214 1092.9405829691148 6.173592791940968
215 1098.1827150918757 6.188539843763492
216 1103.7241772252587 6.204300430324712
217 1108.7374099281324 6.2185255894134155
218 1113.715427335639 6.232618796751789
219 1118.7814829815636 6.246928358611734
220 1123.636246855285 6.2606109979349815
221 1128.9312019210968 6.275498998497962
222 1133.979649919338 6.289661713767983
223 1138.8520214407429 6.303300776735127
224 1144.4110912218093 6.318824192235663
225 1149.6004004015194 6.333281648086067
226 1154.4375566275571 6.346729277770308
227 1159.4683969781147 6.360684653422363
228 1164.4288067379375 6.3744149348158325
229 1169.5829006222807 6.388649536934737
230 1174.701779211256 6.402755651539569
231 1179.609366028028 6.416250950414934
232 1184.5169528448002 6.4297179241456
233 1189.723869672194 6.443974697668683
234 1195.1772935671588 6.458872041115524
235 1200.4722486329708 6.473304075677915
236 1205.186151325223 6.486126836403528
237 1209.812015779057 6.498685769220593
238 1214.7724255388798 6.512125093085253
239 1219.8384811848046 6.525821793459762
240 1225.2742974320856 6.540485315386779
241 1230.6748983839993 6.55502144348575
242 1235.406408723935 6.567731866085707
243 1240.1203114161874 6.580370623796457
244 1245.3976588343157 6.594489752868979
245 1250.5517527186587 6.6082503164806985
246 1255.7058466030016 6.621982285527539
247 1260.7190793058755 6.6353120549302425
248 1265.2921208166583 6.647449231089856
249 1270.2349229287977 6.660541849003246
250 1275.565093289977 6.674630735256884
251 1280.5959336405347 6.687901927137675
252 1285.4506975142556 6.700684169310532
253 1290.428714921762 6.713765329253253
254 1295.3715170339017 6.726728873582576
255 1300.3143191460408 6.739667482976883
256 1305.415590087333 6.752994502450564
257 1310.7105451531452 6.766799270172865
258 1315.9878925712735 6.780530209134286
259 1321.0715558648822 6.79373143622121
260 1325.785458557134 6.80595052209653
261 1330.6402224308551 6.818511469453064
262 1336.040823382769 6.832456119349095
263 1341.4062090393152 6.846281798872362
264 1346.3666187991385 6.859040091039806
265 1351.3446362066452 6.871819812096764
266 1356.2346153757333 6.88435064452635
267 1361.1950251355565 6.897038516472902
268 1366.2258654861137 6.909882562872302
269 1371.274313484355 6.92274756337226
270 1376.463622664065 6.935946300814161
271 1381.2655635947353 6.948138388235578
272 1386.3668345360275 6.961066299864156
273 1391.644181954156 6.97441478442995
274 1396.7102376000807 6.987205338136186
275 1401.8467238367398 7.00014967863818
276 1406.7367030058283 7.0124511969926
277 1411.5562515841823 7.024554635207281
278 1416.7807760592598 7.037650545575632
279 1421.9700852389701 7.050634188726718
280 1426.96571029416 7.06311114744701
281 1432.225450064605 7.076223327230913
282 1437.3091133582136 7.088873922377559
283 1442.0054084027818 7.10054146601345
284 1446.8601722765031 7.11258217951915
285 1451.9790508654785 7.12525524370593
286 1457.2916135789742 7.138383567668331
287 1462.7098221785716 7.151747896943729
288 1468.1280307781687 7.165087299099773
289 1473.0004022995736 7.177062923792136
290 1477.9079891163453 7.189104849524062
291 1483.3790206589938 7.202504198907065
292 1488.3218227711334 7.214589605631102
293 1493.158978997171 7.2263973921313935
294 1497.9961352232085 7.238185916396901
295 1502.921329687664 7.250169083836528
296 1508.110638867374 7.262772817995899
297 1513.2119098086664 7.27514164637718
298 1518.559687817529 7.288085054599587
299 1523.6609587588212 7.300410997478803
300 1528.4276843941243 7.311910597742349
301 1533.6169935738344 7.324408088779459
302 1538.7534798104937 7.336757522028197
303 1543.6434589795824 7.348495574190822
304 1548.8151605116088 7.360888832674305
305 1553.9164314529007 7.373093067093406
306 1558.7007647358876 7.38452146667624
307 1563.6787821433938 7.396393300199528
308 1568.7272301416351 7.408413503897197
309 1573.7580704921925 7.420372455591587
310 1579.0882408533716 7.433021263888231
311 1584.189511794664 7.445107257685828
312 1588.903414486916 7.456258965471352
313 1593.687747769903 7.467560088539847
314 1598.5072963482567 7.478927042615298
315 1603.6613902325998 7.491063132382191
316 1608.8859147076773 7.503344869587468
317 1613.670247990664 7.514575180790057
318 1618.5074042167016 7.525912319384869
319 1623.2741298520045 7.53706787128366
320 1628.5162619747657 7.5493158321452665
321 1633.7936093928943 7.561625955285661
322 1638.9653109249207 7.573670463568966
323 1644.1017971615802 7.585614106767912
324 1648.9213457399342 7.596804420913144
325 1653.84654020439 7.608222774965126
326 1658.6660887827438 7.619379884630191
327 1663.6617138379338 7.630926971492739
328 1668.6749465408077 7.642497178325774
329 1673.670571595998 7.654009389768579
330 1678.8070578326574 7.665827862972463
331 1683.6089987633277 7.676860868807002
332 1688.4813702847327 7.688039347413035
333 1693.8819712366462 7.700409532689737
334 1699.2825721885604 7.712759877949454
335 1704.3134125391175 7.724247644261727
336 1709.2562146512566 7.7355179601814195
337 1714.251839706447 7.74689194001294
338 1719.3355030000557 7.758449048666566
339 1724.6128504181838 7.770427864340916
340 1729.7845519502105 7.782149214581594
341 1734.5512775855136 7.792937973273004
342 1739.1947496870312 7.803433712344232
343 1744.1375517991708 7.814589825791046
344 1749.2564303881463 7.826126191986838
345 1754.7978925215293 7.838594874387982
346 1760.057632291974 7.850411906418556
347 1764.7715349842263 7.860988664421542
348 1769.6086912102635 7.871826908252429
349 1774.516278027036 7.882807570838302
350 1779.8112330928477 7.894636965152365
351 1785.2294416924453 7.906723141341928
352 1790.172243804585 7.917733720973346
353 1795.2030841551423 7.9289245179415335
354 1800.2867474487507 7.940216679772162
355 1805.1591189701555 7.951024910669246
356 1810.1899593207127 7.962168917139279
357 1815.326445557372 7.973530645273665
358 1820.392501203297 7.984720897008363
359 1825.3000880200689 7.995546518437666
360 1830.2252824845243 8.006396225043654
361 1835.2385151873982 8.017424598264416
362 1840.5334702532105 8.029055660632812
363 1845.9164635574407 8.04086268423941
364 1850.7536197834784 8.051458799380201
365 1855.3618765896285 8.06154105173193
366 1860.2342481110331 8.072186837351452
367 1865.3355190523255 8.08331722166968
368 1870.9121964810754 8.095466376623929
369 1876.277582137622 8.10713844101534
370 1880.9386618868234 8.117266116616644
371 1885.6173492837083 8.127419318127409
372 1890.7186202250002 8.138474165450315
373 1895.9431447000777 8.14978031116981
374 1901.2380997658895 8.161222747420606
375 1906.4098012979161 8.172383614105664
376 1911.282172819321 8.182885196827193
377 1916.2601902268275 8.193600350510627
378 1921.4318917588541 8.204717174100216
379 1926.5683779955134 8.215743483887167
380 1931.8457254136417 8.227056493497843
381 1936.9117810595667 8.23790236645281
382 1941.6961143425535 8.248132595623698
383 1946.6213088070092 8.258650476856538
384 1951.6169338621992 8.26930494762594
385 1956.9823195187457 8.28073198235343
386 1962.5589969474959 8.29259191763817
387 1967.660267888788 8.30342686374183
388 1972.3565629333566 8.313390000759096
389 1977.2289344547614 8.323713685193177
390 1982.2069518622677 8.334247780844196
391 1987.554729871131 8.345548745333206
392 1992.9201155276778 8.356871526323276
393 1997.9333482305515 8.36743798207879
394 2002.8233273996398 8.377732070841104
395 2007.6076606826264 8.387791757463992
396 2012.585678090133 8.398245479028052
397 2017.7397719744758 8.409054897584413
398 2022.9819040972368 8.420034543143586
399 2028.1007826862126 8.430742478291974
400 2033.1668383321373 8.441326648535789
401 2038.1624633873275 8.451750836674531
402 2043.2285190332523 8.462308730909811
403 2048.3650052699118 8.472999831422857
404 2053.1493385528984 8.482946543452522
405 2057.986494778936 8.492991119175631
406 2062.8060433572896 8.502987368166867
407 2067.713630174062 8.513153969510006
408 2072.674039933885 8.523417566299583
409 2077.93377970433 8.53428640866716
410 2083.211127122458 8.545177707884818
411 2087.9426374623936 8.554931782286241
412 2092.550894268544 8.564421354079538
413 2097.3000122561634 8.574189695182111
414 2102.5773596742924 8.585030371707354
415 2108.013175921573 8.596181975966623
416 2113.1496621582323 8.606706783084503
417 2117.9516030889026 8.616535128709687
418 2122.6478981334712 8.626136635104958
419 2127.7139537793964 8.636481349456135
420 2133.1145547313095 8.64749490102605
421 2138.339079206387 8.658136372332123
422 2143.211450727792 8.668049472069901
423 2148.0486069538297 8.677879795294144
424 2153.0266243613364 8.687984478635341
425 2158.321579427148 8.69871898118873
426 2163.4756733114914 8.709155473308902
427 2168.2247912991106 8.718761658459298
428 2173.220416354301 8.728854533956222
429 2178.321687295593 8.739148610934574
430 2183.4053505892016 8.749395142209394
431 2188.3833679967083 8.759417327308455
432 2193.5550695287347 8.769816937487281
433 2198.990885776016 8.78073386442355
434 2204.0921567173077 8.790967191775094
435 2208.858882352611 8.800519304230491
436 2213.7312538740157 8.810272199681709
437 2218.8501324629915 8.820506406098792
438 2224.2507334149054 8.831290461976536
439 2229.51047318535 8.841780856787532
440 2234.2067682299185 8.851138025286144
441 2239.043924455956 8.860765228465842
442 2244.1628030449315 8.870941182396308
443 2249.563403996845 8.88166400092363
444 2254.82314376729 8.892094968057831
445 2259.713122936378 8.901782360169461
446 2264.3742026855793 8.911006940520707
447 2269.0000671394137 8.920152469726311
448 2274.400668091327 8.930816202729307
449 2279.9949531677607 8.941848615043376
450 2284.8321093937984 8.951378259557362
451 2289.4755814953155 8.960517183363152
452 2294.48881419819 8.970372615995858
453 2299.6429080825324 8.980493417089157
454 2304.86743255761 8.990740758859115
455 2309.8806652604835 9.000563097355222
456 2314.8762903156744 9.010340320288728
457 2319.8543077231807 9.020072574367406
458 2324.8499327783707 9.029828673059264
459 2329.8983807766117 9.039677132414248
460 2334.841182888751 9.04930931622406
461 2339.92484618236 9.059205043005552
462 2345.061332419019 9.069192527302338
463 2350.338679837147 9.079442199356036
464 2355.3871278353886 9.089236901134058
465 2360.3123222998443 9.098782546518496
466 2365.6777079563903 9.109169099076475
467 2371.1839547944064 9.119815787088083
468 2376.355656326433 9.129804882554074
469 2381.0519513710015 9.138867151716346
470 2385.959538187773 9.148327122599996
471 2391.0432014813814 9.158115857130023
472 2396.1972953657246 9.168029406431332
473 2401.4042121931184 9.178033586629796
474 2406.470267839043 9.187756928070552
475 2411.307424065081 9.197031774471121
476 2416.1445802911176 9.206297276970503
477 2421.5099659476646 9.216562667214637
478 2426.6112368889562 9.226312609473307
479 2431.800546068667 9.236220094244574
480 2437.236362315948 9.24658638147738
481 2442.1791644280875 9.2560032493798
482 2447.0339283018084 9.265243240323827
483 2452.117591595417 9.274908582454279
484 2457.236470184392 9.284630646419357
485 2462.5314252502044 9.294676102646827
486 2467.6855191345476 9.30444415307477
487 2472.328991236065 9.313236625650473
488 2477.078109223685 9.322220349472058
489 2482.126557221926 9.33176023253924
490 2487.2806511062686 9.34148950554322
491 2492.4171373429276 9.351175501948058
492 2497.359939455067 9.360487151352752
493 2502.2499186241553 9.369690281834544
494 2507.2279360316625 9.379049660650004
495 2512.628536983576 9.389192217688745
496 2518.3460755937954 9.399917527176768
497 2523.5882077165566 9.40974106736566
498 2528.1964645227067 9.418369406936115
499 2533.1040513394787 9.427548918509455
500 2538.1877146330876 9.437048030046602
501 2543.218554983645 9.446439131036756
502 2548.495902401773 9.45627991392773
503 2553.5091351046467 9.465619181385607
504 2558.2582530922664 9.47445841648844
505 2563.3419163858744 9.483910543456549
506 2568.6368714516866 9.493745141353376
507 2573.7381423929787 9.503210708913194
508 2578.857020981954 9.512699448923415
509 2583.8350383894604 9.52191826078034
510 2588.58415637708 9.530705281548457
511 2593.720642613739 9.540199172438438
512 2598.839521202715 9.549651159981735
513 2603.817538610222 9.558834334623377
514 2609.1653166190845 9.56868912782733
515 2614.178549321958 9.577918787579222
516 2618.7868061281083 9.586395758161947
517 2623.69439294488 9.595414527652467
518 2629.1302091921616 9.605393174580609
519 2634.6892789732283 9.61558716504992
520 2639.8785881529384 9.625093962672459
521 2644.4868449590886 9.633529421811932
522 2649.1479247082893 9.642053963087955
523 2654.1787650588476 9.651245586041014
524 2659.5265430677105 9.661006114805142
525 2664.927144019624 9.670852967244938
526 2670.010807313232 9.68011332705294
527 2675.1825088452592 9.689524819498379
528 2680.3718180249693 9.69895914463383
529 2685.5083042616284 9.708288498769264
530 2690.591967555237 9.717513184238715
531 2695.7284537918963 9.726824742530969
532 2700.8297247331884 9.736063708755413
533 2705.7901344930115 9.745039406891312
534 2710.7329366051513 9.75397506067506
535 2715.7285616603413 9.762997803042833
536 2720.9530861354183 9.772424646977232
537 2726.142395315129 9.781779017256993
538 2731.2260586087373 9.7909344627041
539 2735.975176596356 9.799480264367105
540 2740.882763413128 9.808303103855376
541 2746.0896802405214 9.817654867493255
542 2751.543104135487 9.827439403859158
543 2757.0493509735024 9.837308755517178
544 2761.904114847223 9.846003234877179
545 2766.49476400569 9.854218131000566
546 2771.1910590502584 9.862614795101354
547 2776.2042917531317 9.87156964585745
548 2781.7281462388305 9.881426296156816
549 2787.075924247694 9.89095968218482
550 2791.930688121415 9.89960704192053
551 2796.979136119656 9.908591038988966
552 2802.009976470214 9.917535637087896
553 2807.1640703545568 9.926690800940749
554 2812.529456011103 9.936211959505584
555 2817.31378929409 9.94469527034404
556 2822.1685531678118 9.953295945054588
557 2827.287431756787 9.962356006356405
558 2832.2126262212428 9.971065819724494
559 2837.419543048637 9.980265071699904
560 2842.679282819082 9.989548958639215
561 2847.6044772835376 9.99823508330057
562 2852.3888105665246 10.006665813182915
563 2857.278789735612 10.015275181620744
564 2862.203984200068 10.02393901355555
565 2867.49893926588 10.033244288871147
566 2873.234085523783 10.043312702275953
567 2878.1944952836056 10.052014053741562
568 2882.609067965236 10.059752542861446
569 2887.499047134325 10.068316517197504
570 2892.6707486663513 10.077365463927524
571 2898.1769955043665 10.086990284936858
572 2903.3839123317607 10.096083910533112
573 2908.13303031938 10.10437163445996
574 2912.8469330116322 10.112591250960596
575 2917.7193045330373 10.12107988395288
576 2923.049474894216 10.130357138179678
577 2928.3620376077124 10.139595328131513
578 2933.340055015219 10.148244674706097
579 2938.1419959458894 10.156581410691093
580 2943.014367467294 10.1650333083737
581 2948.045207817852 10.173752449087932
582 2953.181694054511 10.182646806276948
583 2958.5118644156896 10.191868018724259
584 2963.4370588801453 10.200381860253415
585 2967.9924927432453 10.20825084184786
586 2972.86486426465 10.216659995244944
587 2977.719628138371 10.225031912335304
588 2982.6448226028265 10.233518162986172
589 2988.0278159070567 10.242784382062423
590 2993.217125086766 10.251709572506577
591 2998.1247119035384 10.260143541120742
592 3003.22598284483 10.268902689841461
593 3008.0455314231845 10.277171716296383
594 3013.16441001216 10.285946505489315
595 3018.494580373339 10.295075193678779
596 3023.560636019264 10.303744469633546
597 3028.327361654567 10.311895361802861
598 3033.09408728987 10.320039816301039
599 3038.4770805941007 10.329228418197207
600 3043.965719784432 10.338588780468552
601 3048.8380913058368 10.346892005814164
602 3053.4815634073548 10.35479935236078
603 3058.459580814861 10.363269087845083
604 3063.279129393215 10.371462877525744
605 3068.2571468007222 10.379919016029405
606 3073.516886571166 10.388845762402363
607 3078.7766263416115 10.397764844938658
608 3083.965935521321 10.40655711713741
609 3088.9263452811447 10.41495499429372
610 3093.8867550409673 10.423346105454044
611 3098.98802598226 10.431968222877005
612 3104.194942809653 10.44076138618399
613 3109.2786061032616 10.449339463992366
614 3114.2742311584525 10.457762277451923
615 3119.146602679857 10.465970956392306
616 3124.0013665535776 10.474143602695365
617 3129.137852790237 10.482783089234635
618 3134.203908436162 10.491297257629649
619 3139.164318195985 10.499627357619305
620 3144.054297365073 10.507832836305138
621 3148.8210230003765 10.515825539300275
622 3153.728609817148 10.524047847590706
623 3158.9003113491754 10.532705269847142
624 3164.248089358038 10.541649685399909
625 3169.402183242381 10.550263277959715
626 3174.2041241730512 10.558282588023513
627 3178.882811569936 10.566090420456302
628 3184.0545131019626 10.574713422894526
629 3189.4198987585096 10.58365162990004
630 3194.380308518332 10.591909097231062
631 3199.323110630471 10.600130884400086
632 3204.3363433333448 10.608463198921633
633 3209.226322502434 10.616584559534171
634 3213.95783284237 10.62443708861693
635 3218.9886731929273 10.632779513605792
636 3224.33645120179 10.641639815986123
637 3229.191215075511 10.649677653479381
638 3234.134017187651 10.657854876354085
639 3239.2000728335756 10.666229297058464
640 3244.2837361271836 10.674626191485395
641 3249.8075906128824 10.683741980285335
642 3255.102545678695 10.692473068191275
643 3260.2038166199873 10.700878341660898
644 3264.882504016872 10.708582205302681
645 3269.6140143568073 10.716367322370248
646 3275.067438251772 10.725332010118592
647 3280.591292737471 10.734404738998792
648 3285.6749560310795 10.742748345333116
649 3290.5297199048005 10.750710588653867
650 3295.437306721573 10.758753389048985
651 3300.256855299926 10.766646205721733
652 3305.4989874226876 10.775223800753512
653 3310.9348036699685 10.784110813466297
654 3315.912821077475 10.79224363126384
655 3321.260599086339 10.800973122121043
656 3326.414692970681 10.8093800714636
657 3331.3927103781875 10.817493891321996
658 3336.828526625469 10.826346205880562
659 3341.806544032975 10.834447319961395
660 3346.643700259013 10.842313628573086
661 3351.744971200305 10.85060283068979
662 3356.846242141597 10.858885705191156
663 3361.8242595491033 10.86696256172069
664 3366.502946945988 10.874548766847159
665 3371.516179648862 10.882670975408523
666 3376.723096476256 10.891100260263611
667 3381.5954679976608 10.898982571206588
668 3386.4678395190654 10.906859185659993
669 3391.481072221939 10.91495735091429
670 3396.7408119923844 10.923446867538402
671 3402.2118435350326 10.932270105781233
672 3407.506798600844 10.940802862607596
673 3412.0798401116267 10.948167997069513
674 3416.8465657469296 10.955839463469903
675 3422.088697869691 10.96426904934694
676 3427.22518410635 10.972522630303692
677 3432.308847399958 10.980685305710404
678 3437.093180682945 10.988362284654874
679 3441.912729261299 10.996090292992088
680 3446.855531373438 11.004010095144464
681 3451.851156428628 11.012008662909299
682 3457.1285038467568 11.020451549104513
683 3462.4234589125685 11.02891608268213
684 3467.5599451492285 11.037121320566515
685 3472.361886079899 11.0447871423219
686 3477.21664995362 11.052531799051115
687 3482.5644279624826 11.061055869909632
688 3487.7537371421927 11.069321307960276
689 3492.7669698450663 11.077300704383061
690 3497.956279024777 11.085554030219985
691 3502.758219955447 11.093186383146268
692 3507.436907352332 11.100617987117642
693 3512.66143182741 11.108909805851724
694 3517.9916021885892 11.117362763005483
695 3523.304164902085 11.125781432126884
696 3528.17653642349 11.133497594368544
697 3532.8376161726906 11.140874480488243
698 3537.9917100570333 11.149025129336083
699 3543.251449827478 11.15733654732276
700 3548.4407590071883 11.165530712501992
701 3553.4892070054298 11.173496896017607
702 3558.2207173453658 11.180958305331202
703 3563.1811271051884 11.1887749609363
704 3568.4232592279495 11.197029184726542
705 3573.6829989983944 11.205304996262914
706 3578.872308178104 11.21346410886822
707 3583.674249108775 11.221009459722016
708 3588.5994435732305 11.228743014205264
709 3593.507030390003 11.236443654664146
710 3598.819593103499 11.244773171373469
711 3604.237801703096 11.253261824818722
712 3608.9693120430316 11.26067038138325
713 3613.753645326018 11.268156608511587
714 3618.5555862566885 11.275665360777543
715 3623.5159960165115 11.28341640768251
716 3628.7933434346396 11.291656361372741
717 3634.0002602620334 11.299780559968609
718 3639.154354146376 11.307816670251501
719 3644.2908403830356 11.315819675749394
720 3649.1632119044402 11.323406340073996
721 3653.929937539743 11.330823756448401
722 3659.2777155486056 11.339138626364953
723 3664.6783165005195 11.34752936773858
724 3669.8852333279133 11.355613592924186
725 3674.86325073542 11.363337389659728
726 3679.682799313774 11.370810554399714
727 3684.8897161411683 11.378878239271344
728 3690.131848263929 11.386994661512128
729 3695.3035497959554 11.39499647320669
730 3700.316782498829 11.402747971469639
731 3705.2771922586526 11.410412692000904
732 3710.3784631999442 11.418289485330407
733 3715.4093035505016 11.426052315029146
734 3720.5105744917932 11.433918334272573
735 3725.699883671504 11.441914426197021
736 3730.8539775558465 11.449850779856863
737 3735.9728561448223 11.457727519387701
738 3741.091734733798 11.465598847686925
739 3746.157790379723 11.473383711359242
740 3751.206238377964 11.48113629313638
741 3756.184255785471 11.48877570244139
742 3761.021412011509 11.496194293431662
743 3765.9994294190155 11.503823703089552
744 3771.1359156556746 11.511690443971483
745 3776.1843636539156 11.519417245299964
746 3781.285634595208 11.527219553749545
747 3786.4045131841835 11.535043461898674
748 3791.18884646717 11.542351735399187
749 3795.7266726825856 11.549279574079907
750 3800.370144784103 11.556364226171201
751 3805.54184631613 11.564248844218834
752 3811.136131392564 11.572771057030268
753 3816.3078329245905 11.580644504582839
754 3820.8808744353737 11.587602959850637
755 3825.753245956778 11.595011796608489
756 3830.731263364284 11.602576227843723
757 3835.8149266578926 11.610295949433935
758 3841.250742905174 11.618544233863282
759 3846.158329721946 11.625986686712503
760 3850.7841941757797 11.632997972525077
761 3855.77981923097 11.640564352587067
762 3860.7754442861597 11.648125817687104
763 3865.753461693667 11.65565577838086
764 3870.8371249872753 11.663340367777183
765 3875.8327500424652 11.670887076506608
766 3880.828375097656 11.6784289084841
767 3886.0000766296816 11.686231170638562
768 3891.1013475709738 11.693922179604066
769 3896.1321879215316 11.7015021547497
770 3901.4975735780786 11.709580288138083
771 3906.4051603948506 11.716964916296824
772 3910.907771314899 11.723736683723732
773 3915.8153581316706 11.731112400564074
774 3921.0574902544317 11.73898528799704
775 3926.651775330866 11.747380737816911
776 3931.8058692152085 11.75511086054934
777 3936.1852266014716 11.761676152392852
778 3940.758268112255 11.768527568365602
779 3945.718677872078 11.775954213069172
780 3950.925594699472 11.783744521518472
781 3956.167726822233 11.791582268108014
782 3961.1809595251066 11.799073228945629
783 3966.3878763525004 11.806848283184484
784 3971.577185532211 11.814591979570752
785 3976.572810587401 11.82204213584462
786 3981.797335062479 11.829828301387751
787 3987.0922901282906 11.837714105898954
788 3991.947054002012 11.844940329222261
789 3996.8018178757334 11.852162146742382
790 4001.797442930924 11.859588701579037
791 4006.616991509278 11.866749352852711
792 4011.7886930413038 11.874427877018642
793 4017.2773322316366 11.882571088062335
794 4022.0968808099897 11.88971789806907
795 4026.669922320773 11.896495572616272
796 4031.6303320805964 11.903842380097231
797 4036.6787800788375 11.911314797438978
798 4042.0441657353845 11.9192507336002
799 4047.5504125733996 11.927389335696231
800 4052.6516835146917 11.934924940455712
801 4057.436016797679 11.941988496481358
802 4062.2379577283496 11.949073822869634
803 4067.321621021958 11.956569831473658
804 4072.598968440086 11.964346187279796
805 4077.5593781999087 11.971651356015885
806 4082.396534425947 11.978770900276874
807 4087.35694418577 11.98606727756191
808 4092.176492764124 11.993152413567065
809 4097.2953713531 12.000672557927533
810 4102.625541714278 12.00849780664956
811 4107.585951474102 12.015776132785916
812 4112.581576529292 12.023101625253602
813 4117.61241687985 12.030474197892277
814 4122.625649582723 12.037816500620613
815 4127.973427591586 12.045643357282335
816 4133.655750906438 12.053953823987813
817 4138.933098324566 12.061667394892009
818 4143.787862198287 12.068759525934635
819 4148.536980185907 12.075693449802023
820 4153.444567002679 12.082854324164062
821 4158.845167954592 12.090728951669456
822 4164.3161994972415 12.098700954257925
823 4169.417470438533 12.106129924529686
824 4174.148980778469 12.113016861617622
825 4178.880491118405 12.119899885315572
826 4184.034585002748 12.127392562898494
827 4189.576047136131 12.13544267039834
828 4194.782963963524 12.143002352245503
829 4199.7609813710305 12.150225622846436
830 4204.738998778536 12.157444601786525
831 4209.9283079582465 12.164965125601856
832 4215.4697700916295 12.172990386055043
833 4220.764725157441 12.180654028075544
834 4225.707527269581 12.18780410878348
835 4230.509468200251 12.194746613537104
836 4235.276193835554 12.201634350595914
837 4239.954881232438 12.208391228591097
838 4245.003329230679 12.21567735264115
839 4250.38632253491 12.223441049437916
840 4255.487593476202 12.230794252954936
841 4260.324749702239 12.237763036986724
842 4264.968221803757 12.244449338255627
843 4269.8405933251615 12.25146096616479
844 4274.959471914137 12.258822652808263
845 4280.307249923001 12.266508493505038
846 4285.4261285119765 12.273861154859812
847 4290.280892385697 12.280830745459104
848 4295.206086850152 12.287897305174152
849 4300.201711905343 12.295060666806583
850 4305.619920504941 12.302824668454644
851 4310.932483218436 12.310432668835588
852 4315.804854739839 12.317406736090408
853 4320.342680955256 12.323898887887392
854 4325.003760704458 12.330563624792509
855 4330.245892827218 12.338054009534847
856 4335.6464937791325 12.345765861459013
857 4340.536472948221 12.352745078436273
858 4345.320806231208 12.35956985046862
859 4350.2460006956635 12.36659141689841
860 4355.188802807802 12.373634054509285
861 4360.55418846435 12.38127366475889
862 4365.725889996375 12.388633288815164
863 4370.721515051566 12.3957384363614
864 4375.875608935908 12.403064481298992
865 4380.836018695731 12.410111402730477
866 4385.814036103238 12.417179292722453
867 4390.968129987581 12.424492695164199
868 4396.210262110341 12.43192648664443
869 4401.2763177562665 12.439106600609835
870 4406.254335163773 12.446158024899466
871 4411.23235257128 12.453205456435851
872 4416.386446455623 12.460497714167639
873 4421.575755635333 12.467835439497028
874 4426.923533644196 12.475392512246026
875 4432.2184887100075 12.482870501102248
876 4436.897176106892 12.489475229647827
877 4441.716724685247 12.496274946750964
878 4446.853210921906 12.503517290380943
879 4452.3594577599215 12.51127583205272
880 4457.988958131722 12.519202916725776
881 4462.914152596178 12.526135000631589
882 4467.434371163909 12.532494288533329
883 4472.236312094579 12.539245952863984
884 4477.584090103443 12.546760014228454
885 4482.843829873887 12.554146101997485
886 4488.085961996649 12.561503165920929
887 4493.310486471726 12.568831256965396
888 4498.130035050081 12.57558806572796
889 4503.248913639056 12.582760119561406
890 4508.526261057184 12.590149712398004
891 4513.557101407742 12.597190421501596
892 4518.535118815248 12.604153405723281
893 4523.548351518121 12.61116171300122
894 4528.455938334894 12.618018706470782
895 4533.645247514604 12.625264881912283
896 4539.274747886406 12.633120440449233
897 4544.8338176674715 12.640873013889875
898 4550.005519199498 12.64808158403386
899 4554.86028307322 12.654845076341845
900 4559.538970470105 12.661360095618138
901 4564.393734343826 12.668116498546588
902 4569.899981181842 12.675774293336074
903 4575.5999121443765 12.683696341922722
904 4580.789221324087 12.690905017204445
905 4585.520731664023 12.697474784221647
906 4590.3226725946915 12.704138769323949
907 4595.230259411464 12.710945605879148
908 4600.3667456481235 12.71806570519581
909 4605.503231884784 12.72518182061605
910 4610.252349872403 12.731758251180029
911 4615.283190222961 12.738720693282616
912 4620.47249940267 12.74589824857659
913 4625.820277411533 12.753290553864678
914 4631.115232477345 12.760605689542269
915 4635.899565760332 12.76721243967374
916 4640.983229053941 12.774228367704938
917 4646.102107642916 12.781288957606076
918 4651.027302107373 12.788078972297424
919 4656.0581424579295 12.795010767353483
920 4661.335489876058 12.80227784774499
921 4666.63044494187 12.809565008365688
922 4671.4147782248565 12.816146519891536
923 4675.934996792588 12.8223619765393
924 4680.789760666309 12.829033588202883
925 4686.119931027489 12.836353864589043
926 4691.309240207199 12.843476857866452
927 4696.709841159112 12.850885407718762
928 4702.004796224925 12.858145020764212
929 4706.841952450962 12.864773976495918
930 4711.731931620051 12.871471778052085
931 4716.850810209026 12.8784790546375
932 4722.163372922521 12.885747181748336
933 4727.088567386977 12.892482182102395
934 4731.908115965331 12.899069456694809
935 4736.850918077471 12.905821527165301
936 4741.705681951191 12.9124500169751
937 4746.771737597115 12.919363076130498
938 4751.961046776825 12.92644032804411
939 4756.868633593597 12.933130165581098
940 4761.476890399748 12.939409229578688
941 4766.102754853581 12.945709196473647
942 4771.292064033292 12.952772053165432
943 4776.745487928257 12.960189890606273
944 4781.864366517233 12.967149225181243
945 4786.859991572423 12.973937553652194
946 4791.503463673941 12.980244646913894
947 4796.305404604611 12.986763533229981
948 4801.441890841271 12.993732495095143
949 4806.789668850133 13.000983883626564
950 4812.348738631201 13.008517226521654
951 4817.309148391023 13.015236337985991
952 4821.811759311071 13.021332954547699
953 4826.525662003322 13.027712293220006
954 4831.785401773767 13.03482585578236
955 4837.203610373366 13.04214948207749
956 4842.340096610024 13.049088864702913
957 4847.089214597645 13.055502135025947
958 4851.873547880631 13.06195972714081
959 4857.1685029464425 13.069102093339575
960 4862.692357432143 13.076548776320841
961 4867.969704850271 13.083659482486874
962 4872.912506962411 13.090316340565462
963 4877.784878483815 13.096875127465559
964 4882.745288243638 13.10354893169581
965 4887.776128594196 13.110313929892081
966 4892.965437773906 13.117288157310695
967 4897.978670476779 13.124022450391704
968 4902.851041998184 13.130564400921092
969 4907.635375281171 13.136985095619073
970 4912.525354450259 13.143544182197678
971 4917.450548914715 13.15014714949133
972 4922.604642799059 13.157053135024128
973 4928.146104932442 13.164473617647133
974 4933.1769452829985 13.17120732373093
975 4937.802809736832 13.177396470997582
976 4942.8160424397065 13.18410006144984
977 4948.005351619417 13.191035277487615
978 4953.4939908097485 13.19836618480712
979 4958.965022352397 13.205669545543069
980 4963.837393873801 13.212171068921053
981 4968.4456506799515 13.218317581488078
982 4973.194768667571 13.22464878489521
983 4978.507331381066 13.231726763919696
984 4983.819894094563 13.238800958781244
985 4988.956380331221 13.245637316199117
986 4993.899182443361 13.252212809742117
987 4998.930022793918 13.258901956409098
988 5004.066509030578 13.265727954987183
989 5009.449502334808 13.272877460482425
990 5014.779672695988 13.279953080139052
991 5019.845728341911 13.28667492876598
992 5025.228721646143 13.293813168837314
993 5030.312384939751 13.300551322350143
994 5035.255187051891 13.307099681030296
995 5040.4444962316 13.313970827010161
996 5045.528159525209 13.320698783960074
997 5050.470961637348 13.327237243157404
998 5055.413763749487 13.33377249610208
999 5060.391781156994 13.340351027512078
1000 5065.457836802919 13.347042458509163
1001 5070.752791868731 13.354032349890831
1002 5076.1533928206445 13.361157807828585
1003 5081.237056114253 13.367862015902782
1004 5085.7924899773525 13.373867429854275
1005 5090.400746783503 13.379939662119533
1006 5095.8189553831 13.387074489381211
1007 5101.6069245840545 13.394691584180464
1008 5106.813841411448 13.401540954510786
1009 5111.721428228219 13.407993745553753
1010 5116.52336915889 13.414304762271646
1011 5121.290094794193 13.4205666092148
1012 5126.444188678536 13.427333512538686
1013 5131.5630672675115 13.434050851641512
1014 5136.329792902815 13.440303498870753
1015 5141.325417958005 13.446852968620783
1016 5146.373865956246 13.453468383773584
1017 5151.457529249855 13.460126613955499
1018 5156.699661372616 13.466988746592756
1019 5161.818539961591 13.47368631549664
1020 5166.673303835313 13.480035574071692
1021 5171.404814175249 13.48622092427964
1022 5176.45326217349 13.492817037667407
