1 14.627859237536656 0.5769105430327752
2 17.891702955951644 0.5769105430327752
3 21.47188124908052 0.7647534148876955
4 25.40354240300263 0.9282121722907368
5 29.51094498732133 1.072689101342101
6 34.075275290671215 1.2132050246597723
7 39.940092178955986 1.372767534814448
8 45.137091631733654 1.500056565892576
9 49.912311651559484 1.608166362280591
10 55.42564567905104 1.7245623448473326
11 61.220165995177176 1.8389665429226527
12 68.6315074709521 1.9756359978572284
13 75.93740408848906 2.10168143018486
14 82.82152127307418 2.2138975639344514
15 90.37345589316638 2.330786410152128
16 96.55460735616506 2.4222771928060403
17 101.29467908991153 2.4901777733031514
18 106.17534396797532 2.558207791136656
19 111.61838142330822 2.631995768816807
20 117.20201202295846 2.705597820745236
21 121.5554526098324 2.761637062897875
22 125.1356309029613 2.806895309428412
23 128.258881477059 2.8457973990850225
24 131.3821320511567 2.88417482049666
25 135.0326069164442 2.9283831740679394
26 138.57763692349377 2.970686658174438
27 142.89592922428838 3.0214049904931333
28 148.19837353530403 3.0825281061005083
29 153.32507641592306 3.140496284519251
30 158.0299998635902 3.1927738180014145
31 163.47303731892313 3.2521960699429875
32 168.7754816299388 3.309058882171091
33 174.85118823469952 3.3730282807334975
34 182.19223313831577 3.4487269860937317
35 189.99020576096325 3.527355428499727
36 197.40154723673817 3.60049662810659
37 203.30151241110227 3.6576865701993073
38 208.8851430107525 3.7110010625662944
39 214.7851081851166 3.766513502322488
40 220.15784906829086 3.8163669870123402
41 225.0033656602753 3.860780741703452
42 229.81373396618045 3.904372944203749
43 234.2726194112924 3.9443529506201593
44 238.87209800072162 3.9851719569946016
45 242.38197972169186 4.016052281741231
46 245.18889572107565 4.040586622257858
47 248.45273943949067 4.068921850641953
48 252.10321430477816 4.100376646798292
49 256.6675446081281 4.139359028802696
50 261.7590992026678 4.182410758579484
51 267.0263952276041 4.226485579979608
52 271.80161524742994 4.266053176610545
53 275.7684246874313 4.298652179567899
54 280.4733481350985 4.336991849282167
55 286.0569787347487 4.382049308404886
56 293.36287535228564 4.440302172065128
57 301.72322055220224 4.506033148797252
58 308.8182274532633 4.5610785075289435
59 315.28056520489656 4.610646927830188
60 321.46171666789525 4.6575665966412565
61 326.6938644067522 4.696922013661067
62 331.3284912822607 4.731513767727278
63 336.6309355932764 4.770777079524421
64 341.8279350460541 4.808949255165047
65 346.6383033519592 4.844016214947513
66 351.09718879707117 4.876298309405419
67 354.888256806676 4.903583591354586
68 358.43328681372554 4.928963708964931
69 361.2753510991887 4.949224017016422
70 364.0119705264138 4.968655862992035
71 368.75204226016024 5.002109517864424
72 374.2653762876518 5.040735646828189
73 379.21633773787426 5.075174797900157
74 383.7103714690656 5.106237572313417
75 387.85292233946353 5.134707101703396
76 392.4875492149721 5.166368468475913
77 397.61425209559104 5.2011633833443245
78 403.90084841682767 5.243507839353931
79 411.8745624698719 5.296720398120389
80 420.0591662393918 5.350789130075569
81 427.2947662847701 5.39814134165012
82 433.2650280312929 5.436907818723695
83 438.6729172005464 5.471788596949584
84 443.9050649394035 5.5053265343640625
85 447.90702266548425 5.530849112861113
86 452.47135296883414 5.559810827083793
87 457.63320413553254 5.592379156062867
88 463.1465381630241 5.626954847665029
89 468.2732410436431 5.658918469623026
90 471.29104675950293 5.677662141436613
91 473.92222132849014 5.693957999006462
92 477.0806201886672 5.713451676265946
93 480.5202053374787 5.7346027632113845
94 484.9790907825907 5.761897340587332
95 489.9652005188924 5.792263386236204
96 495.2324965438287 5.824168244464324
97 500.3591994244477 5.855055347988291
98 504.642343439163 5.880740703304208
99 509.83934289194065 5.911750182114917
100 515.8447529245427 5.947377380377933
101 521.6041249545895 5.981346801960744
102 528.9451698582058 6.024359518430917
103 538.1139256379467 6.077646539474059
104 545.3495256833252 6.119376854605238
105 550.898007996896 6.1511917646258985
106 555.8138211610391 6.179245317124846
107 559.7806306010406 6.2017959934557885
108 564.8018886234216 6.230216570917742
109 569.858294931882 6.258705481220569
110 574.3171803769939 6.283723928714256
111 578.9166589664231 6.309426419259229
112 583.0592098368211 6.332488974757429
113 586.533943271712 6.351773470004936
114 589.340859271096 6.367314232590438
115 592.9561858503041 6.387267283549155
116 597.4853678675746 6.412169451222446
117 601.5927704518933 6.434671797577543
118 606.1571007552432 6.459582468415539
119 611.1080622054656 6.486492814633952
120 616.2347650860846 6.514240279762294
121 621.502061111021 6.542625392514207
122 626.9099502802745 6.5716398902542075
123 632.423284307766 6.6010883253956605
124 639.4479946366685 6.638413054744364
125 647.0702258289192 6.678674446296407
126 653.9894912995836 6.715016065003289
127 661.3656844892791 6.753540523256232
128 667.3007979497226 6.784384679549218
129 672.0760179695483 6.809104554050811
130 676.4294585564221 6.831565305809887
131 681.2046785762478 6.856115071630485
132 686.9640506062948 6.885602786694395
133 691.7744189121998 6.910139353736335
134 695.4951903496459 6.929064230838831
135 699.1808135010128 6.947759749595264
136 702.5149537915864 6.964631499283767
137 705.8842423682394 6.9816394283552
138 709.6050138056855 7.000371014067643
139 713.6772681039249 7.020812460244131
140 718.7336744123854 7.046105547182901
141 723.4737461461319 7.069735633381659
142 728.1435213077198 7.092938661916783
143 733.72715190737 7.120578396609761
144 739.381079079179 7.148456906974728
145 744.9998579649084 7.176054960453908
146 751.4270474304624 7.207490682109411
147 759.0844269087924 7.244760673130259
148 767.0581409618366 7.283366647741502
149 772.9229578501215 7.3116382567940335
150 777.9793641585817 7.335928692288147
151 783.3872533278355 7.36181727556078
152 788.7248459249303 7.3872806776984286
153 794.4139213828187 7.414323034757403
154 798.9079551140098 7.43562028208801
155 802.9450611261698 7.454702639454558
156 807.8960225763922 7.478032816906279
157 812.0385734467902 7.497501562927835
158 815.05637916265 7.511658860236351
159 818.4608160253823 7.527595022538352
160 822.2870323210665 7.545462508187592
161 826.816214338337 7.566553917217372
162 831.2399514973697 7.587098225920411
163 835.9448749450366 7.608886070220841
164 841.1418743978145 7.632877977921411
165 845.143832123895 7.65130693967385
166 849.4972727107692 7.671302209185285
167 856.1002036067197 7.701518599732979
168 862.6679862165907 7.731457113338107
169 869.6926965454933 7.763349142033478
170 876.647110302237 7.794793717525834
171 882.5822237626804 7.821532776867861
172 889.3257478029484 7.851800389281096
173 894.9093784025985 7.876777716405774
174 899.5088569920275 7.8972971655761315
175 904.7058564448052 7.920415488953449
176 910.0434490419003 7.944088602854647
177 915.2053002085985 7.9669160860532084
178 919.8399270841071 7.987358640626588
179 924.0879228127432 8.00605179482722
180 927.8086942501893 8.02239182342091
181 930.5101653913352 8.034240628627886
182 933.5279711071948 8.047453735508954
183 937.2135942585618 8.063556662426507
184 941.918517706229 8.084060476517912
185 947.2912585894031 8.107408143443811
186 951.9258854649117 8.127497335352247
187 956.103584621389 8.145565579845549
188 960.878804641215 8.16616605044607
189 965.900062663596 8.187770938390477
190 971.3079518328497 8.210974166319144
191 977.8054378705622 8.238761770148257
192 985.744003637527 8.272581049208664
193 994.2097936956817 8.308493304241484
194 1000.6018348751563 8.335511221265063
195 1006.4315034773617 8.360077797998533
196 1012.015134077012 8.383540936211846
197 1016.1225366613307 8.40076441167643
198 1020.4759772482047 8.418979890701667
199 1026.0244595617755 8.442132990930801
200 1031.186310728474 8.463617289833614
201 1035.8912341761413 8.483154211058915
202 1039.787747043984 8.49930377241479
203 1042.524366471209 8.510633779573483
204 1045.753061903545 8.523978020892063
205 1049.1223504801976 8.537880210415185
206 1053.0188633480407 8.55392645131912
207 1058.1104179425802 8.574842524427368
208 1062.991082820644 8.594845320231606
209 1067.6257096961526 8.613797780914409
210 1072.0494468551854 8.63184994761222
211 1077.1058531636456 8.652434876854924
212 1083.3221529127234 8.677670287080662
213 1088.6597455098185 8.699282948820207
214 1095.262676405769 8.725940349384471
215 1102.4631281650682 8.75491575098725
216 1109.7690247826051 8.784217497582764
217 1117.531849119173 8.815243884043477
218 1122.869441716268 8.836520070000255
219 1127.2228823031421 8.85383909087279
220 1132.3847334698405 8.874326725970562
221 1137.1599534896661 8.893239240410029
222 1141.6891355069367 8.911141223595424
223 1146.60494867108 8.930529126029969
224 1151.2044272605092 8.94863262172606
225 1155.2415332726691 8.964494869311489
226 1158.3999321328463 8.976889250987142
227 1161.7340724234198 8.989953671026793
228 1165.8063267216592 9.005880316467064
229 1169.702839589502 9.021094142159619
230 1173.7399456016622 9.036829199724801
231 1179.499317631709 9.05922148121425
232 1184.9775033731212 9.080470212172916
233 1189.5769819625505 9.098275364150606
234 1194.6333882710107 9.117807323146954
235 1199.4789048629953 9.1364862686912
236 1205.9763909007079 9.16146713596021
237 1213.4580289486414 9.190144794364048
238 1220.834222138337 9.21833120404059
239 1227.82378418116 9.244961881429548
240 1234.0049356441586 9.26845087909106
241 1239.834604246364 9.290550853790965
242 1244.4692311218726 9.308086876402415
243 1249.4904891442538 9.327047028655352
244 1254.6523403109518 9.346497443799837
245 1258.584001464874 9.361289682418935
246 1262.902293765669 9.377507846634114
247 1266.9745480639083 9.3927773677973
248 1270.6250229291957 9.406446209912778
249 1274.3809426527214 9.420488646086552
250 1277.6447863711362 9.432676773096173
251 1281.189816378186 9.445895527296468
252 1285.9650363980115 9.46366586796537
253 1290.7051081317582 9.48127260468538
254 1295.1991418629495 9.497936255841152
255 1300.9233656069168 9.519114148737168
256 1306.4015513483296 9.539338530797304
257 1311.6688473732656 9.5587446984135
258 1317.0767365425193 9.578627460646796
259 1323.9960020131837 9.604001896266812
260 1332.0048643523069 9.633285822709903
261 1338.3266089596232 9.656341981681086
262 1344.1211292757494 9.677428539229838
263 1350.8295050299373 9.7017805943738
264 1356.4834322017464 9.722260341606631
265 1360.9774659329378 9.738511645299884
266 1365.6120928084465 9.755242446880564
267 1369.9655333953203 9.770933164082647
268 1374.951643131622 9.788870673833383
269 1379.305083718496 9.804507573998047
270 1382.8149654394663 9.817099835055558
271 1386.3599954465155 9.829801644913251
272 1389.764432309248 9.841984981146645
273 1393.5906486049325 9.855657563462549
274 1397.8034960474886 9.870688045504824
275 1402.5787160673146 9.887694971001341
276 1407.9866052365683 9.906917566022939
277 1412.3751941095215 9.922492940967626
278 1416.095965546968 9.935681727520606
279 1421.1523718554283 9.95357057395532
280 1427.8255993235373 9.977124833144492
281 1435.3072373714713 10.003464459588299
282 1441.8750199813426 10.026531880346244
283 1448.3022094468963 10.04905461647206
284 1455.6432543505125 10.074715714441853
285 1461.7189609552734 10.095907379912624
286 1466.6699224054955 10.113146354711313
287 1472.4292944355427 10.133160467125034
288 1477.8371836047959 10.151918285374162
289 1482.5772553385423 10.168333364754472
290 1487.176733927972 10.184236777713352
291 1491.8113608034803 10.200236510802487
292 1496.0945048181957 10.215001858433538
293 1499.1474588201347 10.225518222481016
294 1502.0246713916772 10.235420306398694
295 1506.132073975996 10.24953232689122
296 1510.5558111350285 10.264708190084862
297 1515.0849931522991 10.280222174023683
298 1519.5087303113316 10.295352798952317
299 1523.4403914652537 10.308783599731912
300 1528.426501201555 10.325786821262906
301 1533.3071660796188 10.342403745655357
302 1538.5041655323967 10.360067289085668
303 1544.3689824206813 10.37996235576814
304 1551.3233961774254 10.40350122337821
305 1559.0862205139936 10.42971166404703
306 1565.7242996960233 10.45207478716878
307 1572.3623788780533 10.47439016449072
308 1578.6138269132105 10.495363377943407
309 1583.4241952191157 10.511477183868957
310 1587.9182289503071 10.526510129319306
311 1592.3771143954189 10.541404442212512
312 1597.503817276038 10.558501077448321
313 1602.9117064452914 10.576504565445335
314 1607.0191090296103 10.590162080640475
315 1610.599287322739 10.602054277599008
316 1614.284910474106 10.614282327513308
317 1617.443309334283 10.624752311971221
318 1620.742301338777 10.635676624899274
319 1625.6932627889996 10.652042087668697
320 1630.3981862366668 10.667571812615154
321 1634.681330251382 10.681691180182751
322 1639.1402156964941 10.696369411180115
323 1644.1966220049542 10.712988115393017
324 1649.9559940350014 10.731883628760002
325 1654.731214054827 10.747527881756824
326 1659.9282135076046 10.764526676328003
327 1668.2885587075214 10.791806425441044
328 1676.5434590491998 10.818674820462906
329 1682.6894622261193 10.838639932017667
330 1688.2730928257695 10.856747828722915
331 1693.1889059899124 10.872666921252007
332 1698.9131297338797 10.891171977209519
333 1703.8640911841023 10.907154092850728
334 1708.3229766292143 10.921529312180878
335 1713.660569226309 10.938709463605727
336 1718.6115306765316 10.954622225216808
337 1722.8243781190884 10.968146816151272
338 1726.0882218375034 10.97861691449846
339 1729.2817689837595 10.988852193105377
340 1732.9322438490474 11.000537993248061
341 1736.4772738560969 11.011874833459805
342 1740.619824726495 11.025105088985027
343 1745.0787101716066 11.039326715647075
344 1750.1702647661464 11.055541638425058
345 1755.6133022214792 11.072848574029518
346 1759.8612979501152 11.086340371414341
347 1764.460776539544 11.100928707031752
348 1770.5013348582254 11.120053797150696
349 1776.8933760377001 11.140255059231627
350 1783.3557137893335 11.16064114314242
351 1790.6967586929495 11.183751998680341
352 1798.1081001687244 11.207035665956763
353 1804.6055862064372 11.227410527958934
354 1810.0134753756906 11.244343065903484
355 1815.2104748284685 11.260591901848171
356 1820.407474281246 11.27681732476879
357 1824.4797285794857 11.289518246742256
358 1828.5519828777249 11.302204895985879
359 1834.0653169052164 11.319352973705769
360 1838.8756852111214 11.334295385918953
361 1842.1395289295365 11.34442756025733
362 1844.9815932149995 11.35324498970426
363 1847.929102358701 11.362381763285795
364 1852.3176912316542 11.375964567377487
365 1856.9874663932424 11.390398885642044
366 1861.1651655497196 11.403298314673794
367 1865.6240509948316 11.417048855333762
368 1870.7507538754503 11.432836129030171
369 1876.4398293333388 11.450328039226441
370 1881.601680500037 11.466177235596156
371 1887.4313491022428 11.484048670519284
372 1894.4209111450662 11.505436274585707
373 1901.1995834714132 11.526141116873323
374 1907.5564763648083 11.545524872229038
375 1913.7024795417276 11.564235179218262
376 1920.305410437678 11.584301724215026
377 1926.5568584728348 11.603268916764229
378 1931.1563370622644 11.61720813631645
379 1935.4746293630587 11.630280898500189
380 1940.3201459550435 11.644930430619539
381 1944.7790314001552 11.658395980820204
382 1949.0270271287914 11.671210911172356
383 1953.0641331409513 11.68337736257632
384 1956.7849045783976 11.694580446659696
385 1960.435379443685 11.705561731176022
386 1964.1561508811312 11.716743603467952
387 1968.4744431819256 11.729705433851628
388 1973.0739217713547 11.743494577538602
389 1977.3219174999904 11.756216746051534
390 1981.5699132286265 11.768925161951131
391 1987.5401749751493 11.786756812307328
392 1993.5104367216718 11.804561526687042
393 1998.7425844605286 11.8201447807379
394 2003.939583913307 11.835603137729917
395 2009.6989559433534 11.85270912047272
396 2017.7429665685563 11.876553692763443
397 2024.9434183278552 11.89785873352687
398 2030.4216040692672 11.914045822953156
399 2036.708200390504 11.932592417096627
400 2042.326979276234 11.949146012880266
401 2047.0670510099803 11.96309529264885
402 2051.8071227437267 11.977028326127554
403 2056.5471944774736 11.990945169949137
404 2061.498155927696 12.005463316205795
405 2065.218927365142 12.016366117250156
406 2068.7991056582705 12.026848160458233
407 2072.2035425210033 12.036807910135249
408 2075.5376828115773 12.046554322635753
409 2079.9614199706098 12.059468991453196
410 2084.2094156992453 12.07185816862032
411 2088.2465217114054 12.083621233164228
412 2093.1974831616276 12.098028164730557
413 2097.9727031814537 12.111907976140968
414 2102.396440340486 12.124753033778227
415 2108.4369986591673 12.142265621499075
416 2114.969632982959 12.161175271015667
417 2121.2210810181164 12.17924410993797
418 2127.7537153419084 12.19809643505016
419 2135.129908531604 12.219346360783595
420 2142.435805149141 12.240357540641932
421 2147.4570631715223 12.25478182991617
422 2152.443172907824 12.269088469438495
423 2158.8352140872985 12.287400791221831
424 2164.102510112235 12.302472873711734
425 2168.2802092687125 12.314416936575588
426 2172.4227601391103 12.326249200920682
427 2176.7410524399047 12.338570754293992
428 2181.129641312858 12.351080064605583
429 2184.5692264616696 12.360878510733084
430 2187.587032177529 12.369470752767272
431 2191.026617326341 12.379254642278367
432 2195.6612442018495 12.392420733260685
433 2200.6122056520717 12.406469078597093
434 2204.8602013807076 12.418512080182946
435 2209.7408662587713 12.43233220460381
436 2215.1136071419455 12.44752654393671
437 2219.467047728819 12.45982731668296
438 2224.2774160347244 12.473403581760707
439 2230.1070846369303 12.489833881290537
440 2237.4481295405467 12.510489535754234
441 2245.9139195987013 12.534265522762611
442 2252.270812492096 12.552092563564733
443 2257.573256803112 12.566945497320333
444 2263.9652979825864 12.584824411402412
445 2269.338038865761 12.599834859322963
446 2273.6563311665554 12.611889128030397
447 2278.607292616778 12.625693277827077
448 2284.0151817860315 12.640752927186595
449 2289.1418846666506 12.65501370818523
450 2293.143842392731 12.666137675456541
451 2297.1106518327324 12.677154431056465
452 2300.936868128417 12.687772149119601
453 2303.884377272118 12.695948552446948
454 2307.218517562692 12.70518933464194
455 2312.520961873707 12.719863499166259
456 2317.366478465691 12.733259535302526
457 2321.4387327639306 12.74450907884229
458 2325.8624699229636 12.756717170506706
459 2330.4619485123926 12.769397334880404
460 2335.904985967725 12.784384338734819
461 2341.3480234230583 12.799353794036847
462 2347.494026599977 12.816233777905866
463 2355.467740653022 12.838096461876024
464 2363.1954167035105 12.85924949795795
465 2369.7983475994606 12.87729819520049
466 2375.381978199111 12.89254306367311
467 2380.789867368365 12.907291368411665
468 2386.514091112332 12.922883251261714
469 2390.6214936966508 12.934063383062957
470 2394.69374799489 12.945138425849715
471 2399.6447094451123 12.958587586324649
472 2404.8065606118107 12.972594205657385
473 2409.3708909151605 12.984968423079708
474 2412.5995863474964 12.993718440808653
475 2415.5822437772767 13.001797462714308
476 2419.2678669286433 13.011770505371285
477 2423.410417799041 13.02296919138751
478 2427.5178203833602 13.034063473498113
479 2431.9415575423927 13.046000610868631
480 2436.9276672786946 13.059440497618949
481 2442.511297878345 13.074472989432563
482 2447.497407614647 13.087883638062605
483 2453.0107416421383 13.102694927226283
484 2459.719117396327 13.120691213706282
485 2465.337896282056 13.135747659345839
486 2471.6244926032928 13.152571630336556
487 2480.301172377923 13.17575155678814
488 2487.1852895625084 13.194116365858537
489 2492.7337718760787 13.208902063091362
490 2497.8604747566983 13.222550098241976
491 2501.932729054937 13.23338370817682
492 2507.0945802216356 13.247099779198765
493 2511.6589105249855 13.259217815684663
494 2516.0123511118595 13.270766247030329
495 2520.5766814152094 13.282862692471115
496 2525.10586343248 13.294855208942066
497 2529.0726728724812 13.305351400168613
498 2532.1256268744205 13.313426900406201
499 2536.3033260308976 13.32446477393618
500 2541.0433977646444 13.336975671258118
501 2544.8696140603283 13.34706850566263
502 2548.941868358568 13.35780112751242
503 2553.822533236632 13.370650422554297
504 2559.371015550202 13.385241116941994
505 2565.4467221549635 13.401198784274005
506 2570.889759610296 13.415479994396936
507 2576.0867590630733 13.42910207259969
508 2583.4629522527694 13.448407018019386
509 2590.768848870306 13.46750082830024
510 2596.6336657585907 13.482811384612944
511 2602.77966893551 13.498836747588967
512 2608.8553755402713 13.514660285593969
513 2614.3687095677624 13.529004356104902
514 2618.7221501546355 13.540322690654579
515 2623.2513321719066 13.552087377476143
516 2628.3428867664466 13.565299070455438
517 2632.590882495082 13.57631415953399
518 2636.3819505046868 13.586138266389568
519 2640.8056876637193 13.597590753551236
520 2644.5264591011655 13.607217920210456
521 2647.7551545335014 13.615568056409924
522 2651.370481112709 13.624910506630087
523 2655.2318456944727 13.634880811977345
524 2660.46399343333 13.648374429106696
525 2665.239213453156 13.660679115804852
526 2669.487209181792 13.671617358324903
527 2675.492619214394 13.687060629709585
528 2681.287139530519 13.701945531422524
529 2687.011363274487 13.716634149919432
530 2693.262811309645 13.732656535420661
531 2700.744449357578 13.751804855288249
532 2708.33153226375 13.771195679682755
533 2713.880014577321 13.78536243573727
534 2718.97156917186 13.798350773508664
535 2724.3794583411145 13.812131909636392
536 2730.1388303711615 13.826792822266874
537 2735.652164398653 13.84081341476668
538 2739.7947152690504 13.851341843220942
539 2743.9724144255283 13.861951397157979
540 2748.8882275896713 13.874422838488739
541 2753.101075032228 13.885103729703037
542 2756.329770464564 13.893286852118436
543 2760.0505419020105 13.902709260510395
544 2764.4391307749634 13.913812392218745
545 2768.5465333592824 13.92419690169632
546 2772.759380801839 13.934839641726944
547 2777.74549053814 13.94742305993153
548 2782.766748560522 13.960083631153632
549 2786.8038545726818 13.970256885687386
550 2791.2978883038727 13.981571455589679
551 2798.041412344141 13.998526163180772
552 2804.8903812426465 14.015724794916567
553 2811.1769775638836 14.031493699815545
554 2817.7096118876752 14.047860513163139
555 2823.855615064595 14.0632420053947
556 2830.2125079579905 14.079133184663021
557 2836.042176560195 14.093691663302122
558 2840.993138010418 14.10604579846061
559 2845.803506316323 14.11803910676657
560 2851.105950627339 14.131246216399777
561 2856.3380983661955 14.144266309313412
562 2860.6563906669903 14.155005415904995
563 2864.834089823468 14.165387534540184
564 2868.8360475495488 14.17532629828922
565 2871.6429635489326 14.182296710521191
566 2874.8013624091095 14.190134331564188
567 2878.3815407022385 14.199011738806213
568 2883.1919090081437 14.210926588744263
569 2888.916132752111 14.22508965059078
570 2893.093831908588 14.235420655770998
571 2897.1309379207482 14.245397281579892
572 2902.4685305178427 14.258573067540635
573 2907.524936826303 14.271044170014946
574 2912.8273811373188 14.284109811634758
575 2920.7659469042833 14.303642711607075
576 2928.388178096535 14.322372683865003
577 2934.7802192760087 14.338062826920957
578 2941.137112169404 14.353649750426344
579 2947.142522202006 14.368359984591477
580 2952.901894232053 14.382453911189998
581 2957.325631391086 14.393272797217165
582 2961.5736271197216 14.403654713390472
583 2967.2978508636893 14.417628451282889
584 2972.494850316467 14.43030454132825
585 2976.602252900785 14.440317629014542
586 2980.287876052153 14.449297825494293
587 2983.4814231984083 14.457076150329952
588 2987.096749777617 14.465875142257651
589 2990.5011866403493 14.474156680862782
590 2994.4328477942713 14.483712979528798
591 2999.8407369635247 14.496842604297658
592 3004.897143271986 14.509108906955728
593 3009.391177003177 14.520003587794543
594 3013.8149141622093 14.53072006120734
595 3019.011913614987 14.543297579758532
596 3024.806433931113 14.55730700226295
597 3030.1791748142878 14.570285521379255
598 3036.3954745633655 14.585285478439598
599 3043.174146889712 14.601623802341514
600 3050.866674654122 14.620141030351782
601 3058.1725712716584 14.637706479682196
602 3063.2641258661984 14.649939166067592
603 3067.793307883469 14.660813459326675
604 3073.236345338802 14.67386881206219
605 3078.2224550751034 14.685819013105007
606 3082.5758956619775 14.696246452248493
607 3087.4565605400417 14.70792648693913
608 3092.0911874155504 14.719009738327662
609 3096.4094797163443 14.729329807309824
610 3099.708471720839 14.737211817409586
611 3102.7965740088566 14.744586901833362
612 3106.7633834488583 14.754051774375432
613 3110.7301928888596 14.763510578997996
614 3115.048485189654 14.773799562458771
615 3120.7024123614633 14.787256437903414
616 3125.8994118142405 14.799615939494949
617 3130.3582972593526 14.810213505152067
618 3134.6765895601475 14.82047006554481
619 3139.6626992964493 14.83230215225455
620 3146.617113053193 14.848784675300646
621 3153.571526809937 14.865248922608444
622 3160.3150508502044 14.881196857262792
623 3166.9882783183134 14.896961860394466
624 3173.5209126421055 14.912378824968606
625 3179.842657249421 14.927283307572248
626 3184.5827289831677 14.938451910703124
627 3189.4282455751522 14.949860081095759
628 3194.414355311454 14.961589842540317
629 3198.521757895772 14.971247599574157
630 3202.8751984826463 14.981476375421243
631 3207.0177493530437 14.991203729610337
632 3211.3008933677593 15.00125419270587
633 3215.3379993799194 15.010721828661925
634 3218.3206568097 15.017715810332176
635 3221.900835102829 15.026104291226682
636 3226.6760551226553 15.037281653234878
637 3231.0294957095293 15.047465541354931
638 3235.347788010324 15.057560496766577
639 3241.4937911872435 15.071911584759086
640 3247.0422735008146 15.084856839072694
641 3251.5714555180857 15.095417833733894
642 3257.1199378316564 15.108342947243898
643 3263.968906730162 15.124279599277342
644 3271.5559896363334 15.141912926288423
645 3277.9831791018873 15.156836220152913
646 3283.918292562331 15.170604802886974
647 3291.0484477494715 15.187126894287438
648 3296.596930063042 15.199974024310436
649 3300.915222363837 15.209967759177966
650 3305.514700953266 15.220604277195548
651 3309.7275483958224 15.23034113361939
652 3314.819102990363 15.242098203022108
653 3319.3131367215537 15.252469326185649
654 3323.0690564450792 15.261133528584871
655 3327.317052173716 15.270925442315576
656 3331.0378236111615 15.27949832592012
657 3334.7234467625285 15.28798559375308
658 3338.8659976329263 15.297518046734893
659 3343.3248830780385 15.307770918778978
660 3348.205547956102 15.318984700749416
661 3352.3832471125797 15.328578470986843
662 3356.8421325576915 15.338810581425049
663 3361.96883543831 15.35056505282515
664 3368.360876617786 15.365205295544442
665 3375.2801420884502 15.381036446477415
666 3381.3558486932106 15.394925503711253
667 3387.8533347309235 15.409764112734344
668 3394.878045059825 15.425789795528813
669 3401.2700862393 15.44035871179977
670 3407.0997548415053 15.453634867493255
671 3413.1051648741072 15.46729899196038
672 3418.0561263243294 15.478556827906633
673 3422.515011769441 15.488689860229329
674 3427.114490358871 15.499135102131376
675 3431.7491172343794 15.509652963425708
676 3436.454040682046 15.520322895666052
677 3439.9990706890962 15.528360312429236
678 3443.016876404956 15.535200775628532
679 3447.3351687057507 15.544978997560934
680 3451.723757578704 15.554909917392292
681 3455.8311601630226 15.564199517146342
682 3459.8331178891035 15.573245592001753
683 3463.729630756946 15.58204856608975
684 3468.926630209724 15.593778134634869
685 3474.1236296625016 15.605498886881298
686 3478.793404824089 15.616024220148383
687 3484.6582217123737 15.629230202317762
688 3491.718080327355 15.645110045212078
689 3499.16457008921 15.661841487541144
690 3505.943242415557 15.677057885916927
691 3512.37043188111 15.691472241177019
692 3518.6921764884264 15.705637389828594
693 3523.361951650015 15.716095658801184
694 3527.891133667285 15.726232749017878
695 3532.842095117507 15.737305355248047
696 3538.074242856364 15.748997734604716
697 3543.411835453459 15.760916593172357
698 3547.41379317954 15.769849825416834
699 3551.0642680448277 15.777995029000884
700 3554.96078091267 15.786683831075935
701 3558.330069489323 15.794194616032264
702 3561.8399512102933 15.802014554225842
703 3565.771612364216 15.810768293260503
704 3570.6874255283583 15.821703656281125
705 3575.954721553295 15.833411735676986
706 3580.0269758515337 15.842460050724272
707 3585.0833821599945 15.853685257343695
708 3590.631864473565 15.865992665933009
709 3595.336787921233 15.87642311779565
710 3601.0610116652 15.889101676052755
711 3609.1050222904028 15.906896812216335
712 3616.727253482654 15.923741101534853
713 3622.9787015178113 15.937544785374133
714 3628.702925261778 15.950174758994727
715 3634.1108144310324 15.962098191117642
716 3639.5890001724442 15.974167399002276
717 3644.3290719061906 15.984604550479558
718 3649.0339953538573 15.994957654681297
719 3654.7933673839043 16.00761950558992
720 3659.8849219784443 16.018806098454835
721 3663.7814348462866 16.02736435185372
722 3667.7833925723676 16.036149155153648
723 3671.258126007259 16.043774160875277
724 3674.5571180117527 16.051010712844853
725 3677.9264065884054 16.058397868112763
726 3682.0689574588037 16.06747326016093
727 3686.598139476074 16.07738880184464
728 3691.6896940706133 16.088526883149694
729 3697.2030280981053 16.10057804870139
730 3701.7322101153763 16.11047321533474
731 3706.0505024161703 16.119902484740383
732 3711.9504675905346 16.13277258236626
733 3718.1316190535326 16.146244538696518
734 3724.769698235563 16.16069907723047
735 3732.3567811417342 16.177202735175857
736 3739.627529473192 16.19300295710796
737 3746.2304603691423 16.207339569660693
738 3751.2868666776026 16.218312233596055
739 3756.51901441646 16.229658083480288
740 3761.7511621553167 16.240996007232518
741 3765.61252673708 16.249361210524295
742 3770.036263896113 16.258937882214163
743 3775.6901910679208 16.27116653796856
744 3780.149076513033 16.28080626436982
745 3783.2020305149717 16.287406563613317
746 3786.1143913725937 16.293700908719607
747 3789.34308680493 16.300674933064702
748 3793.696527391804 16.310069986759522
749 3798.0851162647577 16.319535332740703
750 3802.544001709869 16.329146505197627
751 3807.319221729695 16.3394325157302
752 3812.6216660407113 16.350845432099955
753 3818.0647034960434 16.36255239774227
754 3822.6290337993933 16.37236468847988
755 3828.3884058294398 16.384734888098674
756 3835.448264444421 16.399883199676513
757 3841.980898768213 16.413888585961484
758 3848.443236519847 16.427731628366228
759 3854.554091410687 16.44081160875598
760 3861.2976154509547 16.45523262455143
761 3867.5139152000324 16.468515811729027
762 3871.8322075008273 16.477740195084102
763 3876.4316860902563 16.487558863107672
764 3881.3474992543997 16.498045636633698
765 3886.122719274226 16.50822640916769
766 3890.4761598611 16.517503409289535
767 3894.618710731498 16.526326686571018
768 3898.55037188542 16.53469696736157
769 3901.8493638899145 16.54171875535208
770 3905.183504180488 16.548812216104405
771 3909.818131055996 16.558663348702556
772 3914.9448339366154 16.569552476872904
773 3918.9467916626963 16.578049974080436
774 3922.702711386221 16.5860217344055
775 3928.462083416268 16.598232702154363
776 3934.362048590632 16.610732190715613
777 3939.3833066130132 16.621364230645142
778 3944.4748612075523 16.632138030689884
779 3950.515419526234 16.64490894432423
780 3958.3485404349603 16.6614520094507
781 3965.408399049942 16.676348961118045
782 3971.3083642243064 16.6887899426469
783 3978.0167399784946 16.702922897482946
784 3983.459777433827 16.714383265430328
785 3988.024107737177 16.723989131406988
786 3992.8344760430823 16.73410626891502
787 3997.820585779384 16.744586193495678
788 4002.947288660003 16.75535449280575
789 4006.562615239211 16.762947145252664
790 4010.072496960182 16.770315363683448
791 4013.652675253311 16.7778276129038
792 4017.092260402123 16.785042097150747
793 4021.4808492750753 16.79423974780345
794 4025.4828070011567 16.802623615553756
795 4029.5199130133165 16.81107678970199
796 4034.4708744635395 16.821435319178132
797 4039.421835913762 16.831787473864143
798 4044.1970559335878 16.841766502158354
799 4049.921279677555 16.853718876553316
800 4056.0321345683956 16.866468506206946
801 4062.142989459235 16.879208505491363
802 4068.6053272108684 16.892670236322004
803 4075.5948892536917 16.907217326183996
804 4082.83048929907 16.922262949875044
805 4088.343823326561 16.933720783608315
806 4093.4002296350213 16.944223067385842
807 4099.475936239782 16.95683179294656
808 4104.918973695115 16.968120670207426
809 4109.483303998465 16.977582972921738
810 4113.871892871418 16.986676370203224
811 4117.979295455737 16.995183381692883
812 4122.438180900849 17.00441267109822
813 4126.158952338295 17.012112023968104
814 4129.247054626313 17.018501293314856
815 4132.8975294916 17.026049156793146
816 4137.321266650632 17.035189203444254
817 4141.955893526141 17.044759233527543
818 4146.449927257333 17.054034134027845
819 4151.049405846762 17.0635211950036
820 4156.21125701346 17.07416070454256
821 4160.916180461128 17.083853532045442
822 4165.621103908795 17.09354086326814
823 4171.661662227476 17.10596730784733
824 4178.932410558934 17.120910430554428
825 4186.941272898056 17.137354442550187
826 4193.227869219293 17.150253386195754
827 4198.811499818944 17.161702976431876
828 4205.344134142735 17.175087149723446
829 4210.68172673983 17.18601701421673
830 4215.456946759656 17.195790477929194
831 4221.216318789702 17.20756874231613
832 4226.448466528559 17.218262741107203
833 4230.942500259751 17.22744423115237
834 4234.803864841514 17.23533066641351
835 4238.59493285112 17.243070202713486
836 4242.456297432883 17.250949494414932
837 4245.228065146186 17.256606038764296
838 4248.491908864602 17.26326263345891
839 4254.040391178172 17.274565806071706
840 4259.448280347426 17.285575709495777
841 4263.379941501348 17.293578509375003
842 4267.3467509413495 17.301649011442574
843 4271.9462295307785 17.311000370946275
844 4277.354118700032 17.32198711647456
845 4282.797156155365 17.333038172454014
846 4288.521379899332 17.344652009896716
847 4296.459945666297 17.360741777207682
848 4304.363363147182 17.376745551492817
849 4310.3687731797845 17.388898569208482
850 4316.092996923752 17.40047512302141
851 4321.606330951245 17.4116182688279
852 4327.295406409132 17.423108821103636
853 4332.070626428958 17.432749362619557
854 4336.178029013276 17.441038799660472
855 4340.7775076027065 17.450315462449733
856 4345.62302419469 17.460082493933495
857 4350.679430503152 17.470268357271596
858 4354.154163938042 17.477267694749067
859 4356.75019022095 17.48249769260782
860 4360.2952202279985 17.489633408934825
861 4364.332326240159 17.49775469145174
862 4368.720915113113 17.506577899344
863 4373.285245416463 17.515749320811867
864 4377.990168864129 17.52519791641046
865 4383.011426886511 17.535275503551443
866 4387.821795192416 17.54492482564041
867 4393.018794645194 17.555342951181846
868 4399.235094394272 17.56779435349461
869 4405.2405044268735 17.579815298676277
870 4411.562249034189 17.59246005141764
871 4419.67655623155 17.608674180395823
872 4426.982452849087 17.623261151934763
873 4432.460638590499 17.634193462071323
874 4437.060117179929 17.64336856684429
875 4441.659595769358 17.652538902754454
876 4447.032336652532 17.663243267577997
877 4451.877853244517 17.67289262360834
878 4456.582776692184 17.68225724915872
879 4461.498589856327 17.692035891593537
880 4466.133216731836 17.70125080668631
881 4469.783691597123 17.70850766553156
882 4472.590607596507 17.71408784167224
883 4476.416823892191 17.72168800373149
884 4481.156895625939 17.73109653251782
885 4485.475187926732 17.739664403279633
886 4489.969221657924 17.748576169841087
887 4494.533551961274 17.757622604965242
888 4499.449365125416 17.767359768530056
889 4504.92755086683 17.778203468653583
890 4509.878512317052 17.787998817767072
891 4515.356698058464 17.798829943829137
892 4522.486853245604 17.812914432713143
893 4529.8630464353 17.827472884095826
894 4536.536273903408 17.840634579482064
895 4543.104056513279 17.853578984393145
896 4549.390652834516 17.86596083263055
897 4555.044580006325 17.87709025321789
898 4559.960393170469 17.886762381317247
899 4564.700464904214 17.89608412557257
900 4569.651426354437 17.905814988366405
901 4573.793977224835 17.913954484506903
902 4577.901379809153 17.922021352077856
903 4582.325116968185 17.930704689217922
904 4585.834998689157 17.937593234734823
905 4588.958249263254 17.943721816093568
906 4592.784465558938 17.951224756335506
907 4597.032461287574 17.959550037234692
908 4601.8076813074 17.968902773620595
909 4606.442308182908 17.977975776477418
910 4610.90119362802 17.98670078505907
911 4616.625417371988 17.997892826325835
912 4622.455085974193 18.0092837074844
913 4628.109013146001 18.02032461153994
914 4634.008978320366 18.031838347270128
915 4640.787650646714 18.045056368978365
916 4647.917805833853 18.05894882260366
917 4654.098957296851 18.07098486763952
918 4660.315257045931 18.08308121973475
919 4665.582553070866 18.093326034862073
920 4670.674107665406 18.103223845159974
921 4676.152293406818 18.11386648444872
922 4680.400289135454 18.1221170480686
923 4684.859174580566 18.130772692180948
924 4690.0210257472645 18.140786273139945
925 4694.515059478456 18.14950108194181
926 4697.743754910793 18.15576226695097
927 4701.218488345683 18.162497435454046
928 4705.290742643923 18.170385971690187
929 4709.538738372558 18.178610883333732
930 4713.821882387274 18.18690000355069
931 4718.280767832384 18.195524830319897
932 4723.196580996529 18.205027778468118
933 4727.585169869481 18.213508363804436
934 4732.290093317149 18.22259516803823
935 4738.611837924464 18.23479419635339
936 4744.582099670986 18.246308011985054
937 4750.657806275747 18.258017558464076
938 4757.19044059954 18.270598641383025
939 4763.617630065094 18.28296835450267
940 4770.466598963599 18.2961399928326
941 4776.401712424043 18.30754774725896
942 4781.633860162899 18.317599578504606
943 4786.901156187835 18.327713303157225
944 4791.852117638058 18.337215118189643
945 4796.6624859439635 18.3464426645245
946 4801.36740939163 18.35546366024353
947 4805.615405120266 18.363605677262427
948 4809.687659418505 18.37140785942399
949 4813.056947995158 18.377862332819173
950 4815.9341605667005 18.383373734285044
951 4819.760376862384 18.390697308517744
952 4824.6761900265265 18.400099457816243
953 4829.662299762829 18.409631018290256
954 4833.910295491465 18.41774908931758
955 4837.9825497897045 18.425528344782393
956 4842.933511239928 18.43497974374846
957 4847.814176117991 18.444292339702145
958 4853.4681032898 18.45507299798633
959 4860.07103418575 18.467653627853924
960 4867.095744514654 18.481027875205204
961 4874.471937704348 18.49506042623607
962 4880.899127169902 18.507280116412634
963 4887.080278632902 18.51902478038195
964 4892.663909232551 18.529628616271633
965 4897.6148706827735 18.539026943855202
966 4902.319794130442 18.547954274389
967 4907.516793583219 18.557809320096542
968 4912.713793035997 18.567659135100982
969 4917.207826767188 18.57617368224585
970 4921.455822495824 18.584219003241092
971 4924.825111072477 18.590599590846328
972 4928.334992793447 18.59724370841116
973 4931.809726228337 18.603819047412617
974 4935.671090810101 18.611122255039366
975 4940.727497118562 18.620678488501536
976 4945.537865424467 18.62976563255872
977 4949.750712867023 18.637721534766563
978 4954.139301739977 18.646005323153794
979 4959.476894337072 18.656073454063993
980 4965.517452655753 18.667459790136284
981 4971.065934969324 18.677913214620045
982 4976.7198621411335 18.688559107151285
983 4983.393089609242 18.7011147867427
984 4991.085617373652 18.715576409750142
985 4997.934586272158 18.728443799066127
986 5003.834551446522 18.73952246487588
987 5009.0315508993 18.74927681826221
988 5013.947364063442 18.758499240926298
989 5019.355253232696 18.768638671790804
990 5024.411659541157 18.778114744892886
991 5029.011138130587 18.78673118720002
992 5033.575468433936 18.795277950161722
993 5037.964057306889 18.803492327953702
994 5041.333345883542 18.809798534651083
995 5044.632337888036 18.81597131409519
996 5048.845185330593 18.823848516610212
997 5053.093181059229 18.831788026200602
998 5057.270880215707 18.839593040805287
999 5062.116396807692 18.848640187003138
1000 5066.856468541438 18.857486456125972
1001 5071.842578277739 18.86678694465593
1002 5076.617798297566 18.875690158585805
1003 5081.920242608581 18.88557042747864
1004 5088.277135501977 18.897406856509104
1005 5094.4934352510545 18.908974541563705
1006 5101.342404149561 18.921710414206398
1007 5108.753745625336 18.93548163235166
1008 5115.426973093444 18.947873691118126
1009 5121.010603693095 18.958237662164652
1010 5126.313048004111 18.96807493298782
1011 5131.474899170809 18.977646715429426
1012 5136.074377760237 18.986172604909065
1013 5140.49811491927 18.994369468108346
1014 5145.238186653017 19.003147898042346
1015 5149.521330667732 19.011077510924093
1016 5153.206953819099 19.017899530425797
1017 5156.962873542624 19.0248489765473
1018 5160.402458691436 19.031211663350245
1019 5164.509861275755 19.038805147555554
1020 5169.249933009501 19.047563098476733
1021 5173.392483879899 19.05521489949223
1022 5177.640479608535 19.06305804831152
