1 14.627859237536656 0.5246501281403698
2 19.515573100833365 0.5246501281403698
3 24.860873940772958 0.68086791456502
4 29.924582795086167 0.8012444829229124
5 34.33711018263833 0.8930192553725521
6 39.18962504773173 0.9841042515655228
7 45.238905851737314 1.0869976667712162
8 50.249816208745564 1.1653828030671212
9 54.71514209360268 1.2310427291317294
10 59.76125144881423 1.3012525967471207
11 64.5257688183994 1.364235567758745
12 69.57187817361093 1.4279113431621213
13 74.3011965449928 1.4851168971678421
14 79.27690790379775 1.5430121123625162
15 84.79820373475384 1.604806713095514
16 89.8795120881687 1.6596492627853543
17 94.89042244517695 1.712013091533614
18 99.79573580757531 1.7617675974081959
19 104.73624816817697 1.8104972461859552
20 109.88795451799841 1.8599487375902333
21 114.88126537590502 1.9066575392148313
22 119.87457623381162 1.9522491227366476
23 124.58629510609184 1.9943165613340166
24 129.96679494423472 2.0412890232429275
25 135.6992847644106 2.0901705434624596
26 140.39340413758916 2.1293697014858695
27 144.91152851975124 2.166430913526049
28 150.16883186418258 2.208766361460948
29 155.1269437238859 2.2479643091980295
30 159.97945858897933 2.2856774319468975
31 165.65914991185022 2.3290373318273963
32 171.1628462437047 2.370298212421258
33 176.03296060789978 2.4062233661960524
34 180.7094804819767 2.4402241348159954
35 186.05478132191624 2.478511082941709
36 191.24168666994098 2.5151073905016417
37 195.61901505928986 2.54558772886208
38 200.45393042528164 2.5788321364678115
39 206.46801223108392 2.619587556891609
40 212.00690756114167 2.6565723518205933
41 216.91222092354005 2.688905521239555
42 221.69433779222683 2.7200574903274974
43 226.26526067169388 2.7495051886428192
44 231.381768023312 2.7820943263872
45 236.55107387223507 2.814636273778493
46 241.7907777175648 2.8472414378433992
47 246.96008356648792 2.8790471198169683
48 252.19978741181762 2.9109309112085167
49 257.3690932607407 2.942048144164721
50 262.0984116321226 2.9702337747903718
51 267.09172249002916 2.9997037090830685
52 272.2786278380539 3.0300116072018284
53 276.88474971572424 3.0566771731635956
54 281.45567259519123 3.0829111846802286
55 285.9561974782516 3.1085252878759864
56 291.16070232537805 3.137880964535276
57 297.0515876374688 3.1707766137926274
58 301.816105007054 3.1971400811305
59 306.1406348990979 3.2208846523488845
60 311.08114725969955 3.247795122064518
61 316.25045310862265 3.2757139172491714
62 321.06776897551276 3.3015209352158563
63 326.5714653073672 3.3307565519608784
64 332.1631591347299 3.3601987076478594
65 336.9452760034166 3.3851787550161223
66 341.5337983819853 3.4089764915347867
67 346.7911017264166 3.4360364748175978
68 352.2771985591695 3.4640476172104533
69 356.6017284512133 3.485974632676904
70 361.04945483696883 3.5083826442098838
71 366.8523426535513 3.5373971704472558
72 372.2680414898974 3.564264305654632
73 376.68056887744956 3.5860104168303026
74 381.0930962650017 3.607625448777517
75 385.7696161390786 3.6303917583062293
76 391.0269194835099 3.655813213939946
77 395.9674318441116 3.6795441927482537
78 400.7847477110017 3.7025375466558166
79 406.65803352399087 3.7303742689762673
80 411.96813536572716 3.7553663705811875
81 416.76785173351556 3.777816288620125
82 421.567568101304 3.800133582367198
83 426.7368739502271 3.824021934637507
84 432.2933687793865 3.8495325603977286
85 436.8114931615485 3.870156135227309
86 441.4000155401172 3.8909888238675143
87 446.5869208881419 3.914401873205279
88 452.0730177208947 3.939012726937738
89 457.6999105464607 3.9640959093972508
90 462.7284204025707 3.986380440168222
91 467.17614678832615 4.005990346004598
92 472.2398556426394 4.028196898937828
93 477.26836549874923 4.05012874998661
94 482.03288286833435 4.07080130383012
95 487.07899222354587 4.0925805275960085
96 492.3010965697739 4.11499724687923
97 497.6463974097136 4.137816537976285
98 502.6045092694168 4.158872491175557
99 507.5450216300185 4.179748271011817
100 512.5559319870267 4.200815249346819
101 517.1972528629004 4.2202360988196945
102 521.9089717351806 4.239860214602128
103 527.7470585499664 4.264045446771837
104 533.1627573863126 4.286360329138356
105 537.9272747558977 4.305898888154247
106 542.6213941290763 4.325062734788463
107 547.0867200139335 4.343215028422996
108 552.4320208538729 4.364841365186802
109 557.7597221947109 4.386290462182701
110 562.5418390633977 4.405456147457276
111 567.5351499213043 4.425378801023744
112 572.9684482567521 4.446953824401942
113 578.3665475939966 4.468286039490001
114 582.9550699725654 4.48634212328101
115 588.0011793277769 4.506113377037753
116 593.4872761605297 4.527508918240035
117 597.8646045498785 4.544511932465387
118 602.523524924854 4.562537907754153
119 607.6752312746754 4.58238597105375
120 613.1789276065298 4.603494315242711
121 618.7882209329941 4.624908165753914
122 623.4471413079694 4.642621995923272
123 628.088462183843 4.660202030777923
124 633.3809645264777 4.680165368187467
125 638.1630813951646 4.698132365325128
126 643.1211932548678 4.716687653218328
127 649.1880735579749 4.739289467037881
128 654.3749789059997 4.758530513705601
129 659.2802922683981 4.7766566646099085
130 664.5023966146262 4.795876964490214
131 669.6717024635492 4.81482755363904
132 674.8938068097772 4.833896082690163
133 679.6583241793624 4.851229916427813
134 684.4580405471509 4.868629276841237
135 690.3137268610382 4.889768854743803
136 695.6590277009778 4.9089879621923025
137 700.3003485768515 4.925617401258956
138 705.0824654455382 4.942692245337473
139 709.3717963393788 4.957959349168781
140 714.435505193692 4.97591926304481
141 719.4288160515986 4.993566478752602
142 724.070136927472 5.009915183748898
143 729.5914327584283 5.029291039088586
144 735.0599300920793 5.048408472889646
145 739.9300444562743 5.065375147149955
146 744.5009673357414 5.0812490012841804
147 749.6350741864611 5.0990176462070425
148 755.3323650084337 5.118661349532939
149 759.8328898914941 5.134129147571223
150 764.1398202844365 5.148888799009803
151 769.1331311423431 5.165945172952367
152 774.7424244688076 5.185036659574851
153 780.4573147898817 5.204415212177442
154 785.2218321594668 5.220518945903834
155 790.0743470245603 5.236868897731169
156 795.2436528734834 5.254229188451708
157 799.9905707439669 5.2701219382323155
158 804.561493623434 5.2853809016498134
159 810.2939834436099 5.304451272268479
160 815.8504782727692 5.3228714503399575
161 820.5621971450495 5.33844381692168
162 825.4675105074477 5.35460723378702
163 830.6368163563707 5.3715870225547055
164 835.6829257115824 5.388110917610285
165 840.0426546018294 5.402348699899991
166 844.9479679642278 5.418321485202413
167 850.9796492691318 5.437893984060884
168 856.1313556189531 5.454557728166614
169 860.7550769957251 5.4694720490922135
170 865.484395367107 5.484684666425533
171 870.0729177456756 5.499404641099587
172 875.6822110721399 5.517342389025078
173 880.8515169210631 5.5338228694535205
174 885.4928377969367 5.5485799553690205
175 890.55654665125 5.5646339614976625
176 896.130640979511 5.58225113974317
177 901.7399343059755 5.599923518973203
178 906.574849671967 5.61511368728142
179 911.6737575244834 5.631088020524981
180 916.9134613698133 5.647455953489395
181 921.202792263654 5.660822645384129
182 925.5449216547993 5.674321611663941
183 930.4326355180963 5.6894764706037915
184 936.1651253382719 5.7071967316625996
185 941.8272171620413 5.724645719981046
186 946.1693465531868 5.737994540725882
187 950.5114759443323 5.751312378883862
188 956.0679707734917 5.768305752686508
189 960.9908836349919 5.783321449038474
190 965.3506125252391 5.796588582756969
191 970.572716871467 5.812437196625357
192 976.1116122015248 5.829199246633305
193 981.3689155459562 5.8450654225072975
194 986.2214304110495 5.85967299265698
195 991.8483232366156 5.876563851163037
196 997.1232260801486 5.892355057018674
197 1001.3949574748875 5.905114978484941
198 1006.1946738426759 5.919417390453104
199 1012.5079471332061 5.9381728892879355
200 1017.9588449677558 5.954320912717435
201 1022.4769693499178 5.9676750170480535
202 1027.1182902257915 5.981361808128277
203 1031.5484171124453 5.994397320292054
204 1036.700123462267 6.009518138881115
205 1041.6054368246653 6.023881182695764
206 1046.6691456789783 6.038671717154891
207 1052.1728420108327 6.054705181123862
208 1057.3245483606543 6.069675762208778
209 1062.4410557122724 6.084507697167188
210 1067.3111700764675 6.09859255805036
211 1072.5332744226955 6.113658328372042
212 1078.0721697527533 6.129596711718404
213 1082.590294134915 6.142569773782334
214 1087.231615010789 6.155867720835176
215 1092.101729374984 6.169789677828646
216 1097.3414332203133 6.18473209770187
217 1102.9683260458794 6.200737555828848
218 1107.6448459199562 6.214010715824115
219 1112.3037662949314 6.227205844658605
220 1117.860261124091 6.24290395639111
221 1122.941569477506 6.257226294276989
222 1127.547691355176 6.270182285942961
223 1132.576201211286 6.284294593175011
224 1137.8687035539206 6.299112908951809
225 1143.3020018893685 6.31428889294242
226 1147.9785217634453 6.327323854809917
227 1153.1302281132669 6.341650904272735
228 1158.6163249460196 6.356871512755916
229 1162.8704568416567 6.368652191484798
230 1167.2653847301076 6.380799473453041
231 1173.1034715448932 6.39689540739789
232 1178.483971383036 6.411695031954434
233 1182.966896766995 6.424002007377482
234 1187.678615639275 6.43691103716488
235 1192.1263420250307 6.44907383574582
236 1197.278048374852 6.463131003385114
237 1202.2185607354536 6.476583789165965
238 1206.912680108632 6.489340490599583
239 1212.3811774422834 6.504167875771846
240 1217.8496747759345 6.518961536127489
241 1223.1245776194673 6.5332002059241265
242 1227.9242939872559 6.546130480211838
243 1233.146398333484 6.560168536777396
244 1238.2981046833054 6.573988154761207
245 1242.5698360780443 6.585427476640703
246 1247.1583584566129 6.597692063632453
247 1252.0108733217064 6.610636758588528
248 1257.2153781688328 6.62449136434113
249 1262.9830669872122 6.639809999544475
250 1267.817982353204 6.652626183154794
251 1272.0545147497394 6.663837554628405
252 1277.2590195968658 6.677581780607725
253 1282.375526948484 6.691066319746525
254 1287.087245820764 6.703461076550786
255 1292.6965391472286 6.718184727738342
256 1297.9714419907616 6.732002039304065
257 1302.8063573567533 6.744643041699096
258 1307.6412727227453 6.757260396246837
259 1312.72258107616 6.770494749407425
260 1318.2086779089127 6.78475337722588
261 1322.867598283888 6.796840578176845
262 1327.4033221651518 6.808587879095333
263 1333.329406475446 6.823901762468434
264 1339.1322942920283 6.838864322905882
265 1343.879212162512 6.851082112058982
266 1348.3973365446739 6.86269143147569
267 1352.845062930429 6.874100910095525
268 1357.9967692802506 6.887290639300239
269 1362.7436871507343 6.899422673619318
270 1367.2618115328964 6.910950788909412
271 1373.1350973458852 6.92590417988668
272 1378.761990171451 6.940200560855163
273 1383.385711548223 6.951928387921812
274 1387.8862364312838 6.963325096786103
275 1393.1611392748164 6.976656923248309
276 1398.5592386120609 6.99027350244944
277 1402.9013680032067 7.001209636137849
278 1407.4898903817752 7.0127470997872
279 1412.5184002378853 7.025367927762187
280 1417.9868975715362 7.039066292749116
281 1423.7369868908138 7.053440705272862
282 1428.7126982496186 7.065857341005698
283 1433.3012206281871 7.077289416144322
284 1438.5761234717202 7.090406963006131
285 1443.5694343296268 7.10280258534806
286 1448.439548693822 7.114871877879989
287 1454.3128345068108 7.129397572087819
288 1459.7109338440553 7.142722979034666
289 1464.5634487091486 7.154681638110326
290 1469.1871700859206 7.166058458358536
291 1474.1276824465222 7.178193995691491
292 1479.6313787783768 7.1916874071766435
293 1484.3254981515554 7.203177783963893
294 1488.878821531921 7.21430639315664
295 1494.7873063431134 7.228717978041434
296 1500.2382041776627 7.241988944662191
297 1504.844326055333 7.253186118925322
298 1509.3800499365973 7.264195477682544
299 1513.8805748196573 7.2751030254369295
300 1519.47226864702 7.288629512958495
301 1524.3775820094181 7.3004764514971585
302 1528.8781068924789 7.311329872984981
303 1533.9770147449951 7.323605333809802
304 1539.6039075705612 7.337126835576031
305 1545.0900044033142 7.350286350840653
306 1549.5729297872726 7.361024252599306
307 1555.1118251173307 7.374267132372642
308 1560.6507204473883 7.387486272868984
309 1564.6408598565013 7.396997800945004
310 1569.1237852404597 7.407667991695227
311 1573.9938996046546 7.41924135929048
312 1579.3919989418996 7.432047104381446
313 1585.0540907656687 7.4454548717416635
314 1589.501817151424 7.455972631767631
315 1593.967143036281 7.466517060111191
316 1599.0660508887975 7.478537797105546
317 1603.760170261976 7.489588106670762
318 1608.2782946441378 7.500209169420505
319 1614.010784464314 7.513660200555087
320 1619.1800903132373 7.525770267697475
321 1623.751013192704 7.536463637134225
322 1628.5859285586957 7.547757445532571
323 1633.860831402229 7.560058721846659
324 1639.22373174127 7.572544534212618
325 1643.6186596297205 7.582763474284811
326 1648.3303785020005 7.593702905469308
327 1654.3796593060065 7.607721509502681
328 1659.7073606468443 7.6200479290841
329 1664.348681522718 7.630771547633633
330 1669.007601897693 7.641520651516184
331 1673.0857388023137 7.6509187897005
332 1678.4134401431518 7.663175725636292
333 1683.6003454911763 7.675090240477464
334 1688.206467368847 7.685656458665974
335 1693.6925642015997 7.698220212403545
336 1698.9674670451327 7.710281438432442
337 1703.9607779030391 7.721682039893712
338 1708.7604942708278 7.73262522423585
339 1713.964999117954 7.744472889791589
340 1719.5214939471134 7.757101102711655
341 1723.8284243400558 7.76687783335869
342 1728.240951727608 7.776881248120632
343 1733.1110660918027 7.7879059585738935
344 1738.6499614218606 7.800424149482322
345 1744.5760457321544 7.813794421936305
346 1749.217366608028 7.824252503525114
347 1753.6650929937837 7.834261731487229
348 1759.3271848175527 7.846982283836399
349 1764.5316896646793 7.8586575472577165
350 1769.2082095387564 7.8691347291288185
351 1774.2719183930694 7.880462739554802
352 1779.6524182312123 7.8924809356192
353 1784.962520072949 7.904324114670678
354 1789.6918384443306 7.914858249146777
355 1794.8611442932538 7.926355380428045
356 1800.1008481385832 7.937991941829085
357 1804.337380535119 7.94739025656993
358 1808.8203059190776 7.957322445284182
359 1814.975183717693 7.97093471032499
360 1820.4436810513441 7.983010704587019
361 1825.049802929014 7.993169891270453
362 1829.5327283129732 8.003045265317025
363 1833.7164622122039 8.01225129949009
364 1838.9737655566353 8.023801893281064
365 1844.1430714055584 8.03514314342779
366 1848.8899892760417 8.045544494590423
367 1853.953698130355 8.056624468024097
368 1859.316598469396 8.06834187820696
369 1864.996289792267 8.08073228326261
370 1869.9192026537667 8.091457838992598
371 1874.9301130107751 8.10236034191971
372 1880.5042073390362 8.114469777627127
373 1885.0575307194013 8.124350209030494
374 1889.4524586078521 8.133875921311336
375 1894.1817769792337 8.144113143713728
376 1899.6854733110881 8.15600868197015
377 1905.717154615992 8.16902447574078
378 1910.3408759927638 8.178990486065548
379 1914.3486149009782 8.187620404686918
380 1919.7819132364261 8.199301718747654
381 1925.197612072772 8.210928691331675
382 1929.7861344513406 8.220768546222306
383 1934.7266468119424 8.23134926374331
384 1940.318340639305 8.243306790856176
385 1946.1212284558874 8.255697233515207
386 1950.903345324574 8.265895998620161
387 1956.1430491699039 8.27705521980539
388 1961.7523424963679 8.288984180398282
389 1966.1472703848187 8.298320910112325
390 1970.7181932642854 8.308019978243584
391 1977.0490660539176 8.321430794298982
392 1982.8519538705 8.333705084030901
393 1987.2644812580522 8.343028892234175
394 1991.7650061411125 8.352527712578526
395 1996.5823220080026 8.362682464819581
396 2002.0508193416538 8.374193558826315
397 2006.8857347076453 8.384359013271919
398 2011.3334610934007 8.393700358123366
399 2016.960353918967 8.405500628629023
400 2022.4464507517193 8.416989964108746
401 2027.4397616096257 8.427434587185392
402 2032.204278979211 8.43738905616456
403 2037.1623908389145 8.447735127298454
404 2042.454893181549 8.458764312055687
405 2046.7970225726947 8.467804108327591
406 2051.3151469548566 8.477199655221346
407 2056.0444653262384 8.487022763537713
408 2061.389766166178 8.49811030458735
409 2067.087056988151 8.50991138636621
410 2071.693178865821 8.519442282506928
411 2076.0705072551705 8.528490400096846
412 2081.52140508972 8.539741727540362
413 2086.7611089350494 8.550543563119065
414 2091.2968328163133 8.559884478601884
415 2096.9589246400824 8.571528240191858
416 2102.6034169647505 8.58312011876021
417 2107.7551233145714 8.593687218015495
418 2112.2380486985307 8.602873276358526
419 2117.1961605582337 8.613020568011573
420 2122.8230533837996 8.62452076470994
421 2127.2531802704534 8.63356638792463
422 2131.700906656209 8.64263838264845
423 2137.8381849557227 8.65513710963213
424 2143.6058737741023 8.666867333722827
425 2148.1239981562644 8.676047311871182
426 2152.483727046511 8.684896612664257
427 2157.0018514286735 8.694057553877956
428 2162.487948261426 8.705166051728527
429 2167.3932616238244 8.715087620320395
430 2172.0521819987994 8.724500884591345
431 2177.291885844129 8.735074249079856
432 2182.9891766661017 8.746555618745564
433 2188.4576739997533 8.757562157649629
434 2193.2925893657452 8.767283116669766
435 2198.972280688616 8.778687078258177
436 2204.47597702047 8.789723860323418
437 2208.7125094170055 8.798212395845987
438 2213.265832797371 8.807325809198145
439 2218.4703376444977 8.81772960526666
440 2224.0444319727585 8.828857913303786
441 2229.706523796528 8.840147404806322
442 2234.1718496813855 8.849042618383496
443 2238.637175566242 8.857928899309982
444 2243.96487690708 8.868517816446
445 2248.834991271275 8.878187063406616
446 2253.70510563547 8.887845791026137
447 2258.8568119852916 8.898051013175728
448 2264.1669138270277 8.908557471539908
449 2269.582612663374 8.91925992012818
450 2274.3471300329597 8.928666075433767
451 2279.4284383863746 8.938686087768684
452 2284.808938224517 8.949283284446322
453 2289.0630701201544 8.957655196070384
454 2293.651592498723 8.966675645305292
455 2299.982465288355 8.979102774415935
456 2305.7149551085313 8.990341409416555
457 2310.5498704745232 8.999810940270688
458 2315.050395357583 9.008617266448496
459 2319.462922745135 9.017243244052237
460 2324.96661907699 9.027988394164419
461 2330.047927430405 9.037898291872674
462 2334.8124447999903 9.047181102312031
463 2340.5977331174713 9.05843785520383
464 2345.8550364619023 9.06865603675814
465 2350.654752829691 9.077975635916925
466 2355.524867193886 9.087422017190669
467 2360.8349690356226 9.09770978374083
468 2366.3562648665784 9.108394014131836
469 2370.7687922541304 9.11692558847139
470 2375.374914131801 9.125822548509584
471 2380.262627995098 9.135253359586896
472 2385.8015233251554 9.145927598449482
473 2391.657209639043 9.157198264403082
474 2396.5449235023398 9.16659679546038
475 2401.15104538001 9.175445591997487
476 2406.513945719051 9.185735934402306
477 2411.7712490634826 9.195812666263373
478 2416.55336593217 9.204969877275213
479 2421.6698732837876 9.21475667069327
480 2427.331965107557 9.225573943418544
481 2433.1524524232414 9.236680357872928
482 2438.022566787436 9.24596459574316
483 2443.156673638156 9.25574150724918
484 2448.4843749789943 9.265875820687674
485 2452.82650437014 9.274128932385358
486 2457.2566312567933 9.282541548966865
487 2463.3059120607986 9.294013145994194
488 2469.0032028827713 9.304804856244138
489 2473.714921755052 9.31372188345613
490 2478.1802476399084 9.32216522303875
491 2482.522377031054 9.330368544475391
492 2487.973274865604 9.340654015875216
493 2492.8961877271036 9.349934393925874
494 2497.4495111074693 9.358510550171317
495 2502.390023468071 9.367806302909838
496 2507.9289187981285 9.378215854898711
497 2513.6790081174063 9.389009752373084
498 2518.4963239842964 9.398044634293115
499 2523.7184283305246 9.407828118919435
500 2529.257323660582 9.418193436501898
501 2533.793047541846 9.426674634757475
502 2538.4167689186183 9.435312350710964
503 2543.4628782738296 9.444729285430677
504 2549.124970097599 9.455283462724367
505 2555.1214524043 9.466447573185723
506 2559.6395767864624 9.474852887161317
507 2563.858509683896 9.48269548020451
508 2569.432604012157 9.493044307913129
509 2574.637108859283 9.502697391489965
510 2579.31362873336 9.511363764168669
511 2584.7117280706043 9.521356125504337
512 2590.233023901561 9.531565489266598
513 2595.3319317540777 9.540984815519977
514 2599.7972576389343 9.54922721340561
515 2605.21295647528 9.559212398117415
516 2610.857448799948 9.569607947715596
517 2615.2523766883987 9.577696354410907
518 2619.8936975642728 9.586230303301297
519 2626.189371355701 9.597790733490205
520 2632.027458170487 9.608499149015941
521 2636.8095750391735 9.617263422885651
522 2641.626890906064 9.626084072102367
523 2646.2506122828363 9.634543011948297
524 2651.648711620081 9.644407750785941
525 2656.677221476191 9.653588633159986
526 2661.547335840386 9.662472290800949
527 2667.420621653376 9.673173143945077
528 2672.748322994213 9.682870573757011
529 2677.5304398629005 9.691567592328065
530 2682.365355228892 9.700352606962776
531 2687.657857571527 9.709959093905812
532 2693.055956908772 9.719747291965072
533 2697.626879788239 9.728029268631413
534 2702.1450041704 9.736208760540455
535 2706.733526548969 9.744508532771114
536 2712.2900213781286 9.75454784816921
537 2718.251304686626 9.765306398068265
538 2722.8750260633983 9.773644843867196
539 2727.28755345095 9.781596199143756
540 2732.826448781008 9.7915658551296
541 2737.960555631727 9.80079851025513
542 2742.619476006703 9.809169939092323
543 2748.5983588143013 9.819900188121068
544 2754.3132491353763 9.830146094757138
545 2759.200962998673 9.838901818863055
546 2763.947880869156 9.84739812743886
547 2769.187584714486 9.8567670324498
548 2774.5504850535267 9.866346799948444
549 2778.8926144446727 9.874098030045865
550 2783.3227413313266 9.881999901879407
551 2789.6360146218567 9.893246033603946
552 2795.438902438439 9.903572438504971
553 2799.921827822398 9.911544564431725
554 2804.351954709052 9.919416606157093
555 2809.0108750840272 9.927688011912867
556 2814.5849694122876 9.937573442424927
557 2819.5254817728896 9.946328022680467
558 2824.2899991424747 9.95476375905303
559 2829.617700483312 9.964187140652506
560 2835.279792307082 9.974191669470857
561 2840.783488638937 9.983906959808046
562 2845.882396491453 9.992899917236656
563 2851.210097832291 10.00228736996181
564 2856.1858091910963 10.011047238523124
565 2860.3343440921235 10.018346430920344
566 2865.3276549500297 10.027123160474078
567 2870.3913638043423 10.036015667566781
568 2875.754264143384 10.045424496979189
569 2881.926741441101 10.05624146822694
570 2886.744057307991 10.064677405922943
571 2890.980589704526 10.072091496157835
572 2896.009099560637 10.080882885036942
573 2901.0904079140514 10.0897587102417
574 2906.066119272856 10.098442702295353
575 2911.904206087642 10.1086207735928
576 2917.3551039221916 10.11811515119599
577 2922.2252182863867 10.12659130631242
578 2926.9193376595654 10.134754753319399
579 2931.7718525246582 10.143186466658955
580 2937.0467553681915 10.152343429897885
581 2941.6000787485564 10.160242303485708
582 2946.171001628024 10.168165503040735
583 2951.991488943708 10.178243421399394
584 2957.5655832719685 10.187885737824642
585 2962.3125011424527 10.196091245473943
586 2966.7778270273093 10.20380447721799
587 2971.2255534130645 10.211481550089594
588 2976.72924974492 10.22097129291448
589 2981.845757096538 10.22978612822008
590 2986.5926749670207 10.237958053644467
591 2992.589157273721 10.248269580938459
592 2998.145652102881 10.257815877688685
593 3002.804572477856 10.265814630896829
594 3007.3578958582207 10.27362626256597
595 3012.5975997035507 10.282606820966562
596 3018.1892935309133 10.29218145880824
597 3022.408226428348 10.299401706797244
598 3026.71515682129 10.30676715942522
599 3031.884462670213 10.315598760680837
600 3037.6169524903885 10.32538279269617
601 3043.419840306971 10.33527744083347
602 3047.920365190032 10.342946769259681
603 3052.3856910748887 10.350550564825177
604 3057.8013899112343 10.359763428480315
605 3062.847499266446 10.36834077438002
606 3067.8936086216577 10.37691103042058
607 3073.450103450817 10.386339090855728
608 3079.0417972781793 10.395818190824896
609 3084.4222971163226 10.404931435924347
610 3089.4508069724325 10.413441833569847
611 3094.5497148249483 10.422064161908969
612 3099.947814162193 10.431184170998298
613 3104.41314004705 10.43872369270061
614 3108.8608664328062 10.446228121722944
615 3115.1037417269295 10.456748971492136
616 3120.431443067768 10.465720373112928
617 3124.967166949032 10.473353330734312
618 3129.5908883258035 10.481128492500334
619 3133.8098212232385 10.488218667306867
620 3139.0143260703644 10.496956620634032
621 3144.2012314183885 10.505657822952529
622 3149.1945422762956 10.51402777047621
623 3154.3110496279137 10.522597113682867
624 3159.445156478633 10.531188895854367
625 3164.9664523095894 10.540420189331416
626 3169.7485691782763 10.548410193777993
627 3174.5658850451664 10.556452833893028
628 3180.104780375224 10.565691370016655
629 3184.9220962421145 10.573720865639165
630 3189.440220624276 10.581246643091182
631 3194.18713849476 10.589147340602455
632 3200.1308223041565 10.599029542471387
633 3206.2153021063655 10.609136108150958
634 3210.5750309966124 10.616374201021383
635 3215.0931553787746 10.623869763583688
636 3220.6144512097303 10.633020594407153
637 3225.572563069434 10.64123214937976
638 3230.249082943511 10.648971997197854
639 3236.368761743923 10.65908932722068
640 3241.872458075777 10.668180913746799
641 3246.39058245794 10.675640101928634
642 3251.190298825728 10.683557970974757
643 3256.6763956584814 10.69259978476716
644 3262.197691489437 10.701691845904634
645 3266.5398208805827 10.708838456845093
646 3271.269139251965 10.716616186517403
647 3277.494415046987 10.726842969211216
648 3283.19170586896 10.73619453721791
649 3288.079419732256 10.74421192540176
650 3292.773539105435 10.751906450615783
651 3297.221265491191 10.759192440017026
652 3302.8833573149595 10.768458387657752
653 3308.2990561513056 10.777314013509676
654 3313.169170515501 10.785272116085551
655 3319.1480533231 10.795032164318927
656 3324.651749654955 10.804009355394038
657 3329.4338665236414 10.811804567230029
658 3334.1103863977187 10.81942239401377
659 3339.2092942502354 10.827721436844017
660 3344.677791583886 10.836614382138855
661 3348.967122477727 10.843586378273086
662 3353.520445858093 10.850982079517937
663 3358.5841547124055 10.859199956458566
664 3364.2990450334796 10.868466139891064
665 3369.9963358554533 10.877695954972731
666 3374.2856667492933 10.8846416369452
667 3378.6277961404385 10.891668205322073
668 3384.043494976784 10.90042373460313
669 3389.0896043319963 10.908575970927288
670 3393.7485247069717 10.916097891136083
671 3399.850604008282 10.925939518993053
672 3405.3894993383406 10.934865891492695
673 3409.890024221401 10.942114976441639
674 3414.7953375837988 10.950009881245009
675 3420.439829908466 10.959086230157292
676 3425.8203297466093 10.967731457763911
677 3429.8632676530274 10.97422502134859
678 3434.346193036986 10.981419918534861
679 3440.7298643239224 10.99165394227906
680 3446.339157650386 11.000639618586007
681 3450.8044835352434 11.007789112318042
682 3455.217010922795 11.014849604525672
683 3459.7703343031603 11.022130391048236
684 3465.3620281305234 11.031063162892197
685 3470.443336483938 11.039175041314671
686 3475.3310503472344 11.046972542273402
687 3480.570754192565 11.055324907095462
688 3485.916055032504 11.063838943222724
689 3491.22615687424 11.072290483555046
690 3496.061072240232 11.079980814738335
691 3501.335975083766 11.088364183960902
692 3506.7868729183147 11.097020345331304
693 3511.2521988031713 11.10410778351689
694 3515.84072118174 11.111385835456563
695 3520.8340320396464 11.119299836310107
696 3526.513723362518 11.12829377846848
697 3532.580603665625 11.137892289578595
698 3537.1691260441935 11.145148279438843
699 3541.405658440729 11.151844062412177
700 3546.768558779771 11.160312219522421
701 3551.9026656304904 11.16841342270695
702 3556.8079789928893 11.176148469942396
703 3561.9244863445074 11.184210507708526
704 3567.269787184447 11.192626503232574
705 3572.773483516302 11.20128504965506
706 3577.5204013867856 11.20874870994464
707 3582.5665107419973 11.21667685913607
708 3587.9294110810383 11.22509610681095
709 3592.3067394703876 11.231964846219897
710 3596.7896648543456 11.23899474662749
711 3602.9621421520633 11.248664012117077
712 3608.5186369812222 11.25736200157352
713 3613.071960361588 11.264486041600886
714 3617.783679233868 11.271852895199011
715 3622.1610076232173 11.278693159696452
716 3627.488708964055 11.287011263659336
717 3633.0100047950114 11.295624881938657
718 3637.9505171556125 11.303327681910366
719 3643.8062034695004 11.312449120422512
720 3649.3802977977607 11.32112546365682
721 3654.18001416555 11.32859219396348
722 3658.926932036033 11.335972034906842
723 3664.0962378849563 11.344002401663346
724 3669.547135719505 11.35246364264135
725 3673.8716656115494 11.3591735616135
726 3678.442588491017 11.36626104022542
727 3683.576695341737 11.374215558790223
728 3689.2739861637097 11.383035299633274
729 3695.0592744811906 11.391984160419772
730 3699.542199865149 11.398915374686128
731 3703.9371277535997 11.405706593787615
732 3709.4760230836573 11.414257776824849
733 3714.6805279307837 11.422287340022352
734 3719.656239289589 11.429958978871223
735 3725.0719381259346 11.438302477105346
736 3730.4700374631793 11.446612834026165
737 3735.9385347968305 11.455025321900417
738 3740.9142461556353 11.462675050180202
739 3746.10115150366 11.470643717922497
740 3751.4112533453963 11.478795742331455
741 3755.8765792302534 11.485647601133785
742 3760.3947036124155 11.492576229675638
743 3766.531981911929 11.50197846321269
744 3772.2292727339013 11.510700309845623
745 3776.9057926079786 11.517855901303452
746 3781.1423250045145 11.524335138517532
747 3785.2380614082367 11.530595835803586
748 3790.6009617472782 11.538786035520143
749 3795.787867095303 11.546702177288795
750 3800.429187971177 11.553781854511616
751 3805.3872998308807 11.561339448245112
752 3810.926195160938 11.569775604124088
753 3816.1131005089624 11.577670557036763
754 3820.508028397413 11.584356983086737
755 3825.677334246336 11.592215285455332
756 3831.233829075495 11.600655688422005
757 3835.5407594684375 11.607195447736114
758 3839.9004883586845 11.613811535270665
759 3845.034595209405 11.621596616647185
760 3850.6438885358693 11.630095595103702
761 3856.0947863704187 11.638348844221872
762 3860.595311253479 11.645160020907335
763 3865.2014331311493 11.65212671205133
764 3870.581932969292 11.66025811220751
765 3875.5400448289947 11.667746737875648
766 3880.392559694089 11.675071379939867
767 3885.2978730564873 11.682470970149508
768 3890.5023779036137 11.690316310973554
769 3896.0940717309763 11.698738889173582
770 3900.858589100561 11.705911838078196
771 3905.8343004593667 11.71339771976958
772 3911.1444023011027 11.72138091404571
773 3915.7857231769763 11.728355149073172
774 3920.374245555545 11.735246057037559
775 3926.3883273613474 11.744269402536615
776 3931.7688271994903 11.752337049666275
777 3936.3573495780593 11.759213904227739
778 3940.8930734593223 11.766007764216186
779 3945.112006356757 11.772324113977556
780 3950.6157026886112 11.780556598365763
781 3955.9786030276528 11.788573137244509
782 3960.9015158891525 11.795927786257218
783 3966.845199698548 11.804799794142562
784 3972.4544930250127 11.813166967878407
785 3977.183811396395 11.820218069278415
786 3981.84273177137 11.827160211169428
787 3986.8008436310733 11.834543225514707
788 3992.2165424674195 11.842601684412573
789 3996.875462842395 11.84953071269174
790 4001.182393235337 11.855933192779599
791 4005.9469106049223 11.863011094804301
792 4011.5386044322845 11.87131114839039
793 4017.095099261444 11.87955325586242
794 4021.3844301552845 11.885913504428778
795 4025.9905520329544 11.892739164545905
796 4031.459049366606 11.900836297891471
797 4036.4699597236145 11.908251665938609
798 4041.199278094996 11.915246499072191
799 4047.1253624052897 11.924003752519875
800 4052.5586607407386 11.932027751975804
801 4056.9887876273915 11.93856760368302
802 4061.4717130113504 11.945181666082375
803 4066.746615854884 11.95295823036657
804 4072.47910567506 11.961403031468926
805 4076.909232561714 11.967926831119204
806 4081.620951433994 11.974860940512341
807 4087.9870232218286 11.984220793171975
808 4093.437921056379 11.992230330011404
809 4097.920846440336 11.998814812140663
810 4102.579766815313 12.005653682803763
811 4107.168289193882 12.012385519447996
812 4112.425592538311 12.020092836758126
813 4117.489301392625 12.027511937579373
814 4122.482612250532 12.034823516528839
815 4127.880711587776 12.04272223744838
816 4133.155614431309 12.050435855582617
817 4138.571313267656 12.058350036741617
818 4143.529425127358 12.065591585351019
819 4148.628332979874 12.073034037817425
820 4154.079230814424 12.080984692766068
821 4158.685352692095 12.08770020094847
822 4163.537867557187 12.094770520166675
823 4168.742372404314 12.102348590985187
824 4174.3692652298805 12.110535765755523
825 4180.260150541971 12.119100788450648
826 4185.05986690976 12.126076168897198
827 4189.419595800007 12.13240930189616
828 4194.888093133658 12.140346585745554
829 4200.2509934726995 12.148125701806324
830 4205.085908838691 12.15513539083927
831 4210.994393649882 12.163694473364249
832 4216.53328897994 12.171713147030216
833 4221.262607351322 12.178556660290683
834 4225.7807317334855 12.185091296555225
835 4230.826841088697 12.192384591415205
836 4236.383335917856 12.2004097964762
837 4240.848661802714 12.206856611151617
838 4245.155592195655 12.213071771091993
839 4250.958480012238 12.221438215248615
840 4256.44457684499 12.22934304397271
841 4261.085897720864 12.236027756498421
842 4265.42802711201 12.24227870896193
843 4269.8581539986635 12.248652911307902
844 4275.3442508314165 12.256540187986007
845 4280.214365195611 12.263538422981211
846 4285.11967855801 12.270583152142013
847 4291.292155855726 12.279440135299694
848 4296.619857196564 12.287080772575644
849 4301.17318057693 12.293608113924403
850 4306.096093438429 12.300660802785359
851 4311.195001290946 12.307961112994505
852 4316.188312148853 12.315106188107604
853 4320.671237532811 12.321518130180507
854 4325.4709539006 12.32837898369605
855 4330.358667763896 12.335361572430543
856 4335.527973612819 12.342741738987735
857 4341.137266939284 12.350744482278598
858 4345.989781804377 12.357664304148193
859 4350.525505685641 12.364129331102575
860 4355.53641604265 12.371267003276161
861 4360.424129905947 12.378225398792317
862 4365.487838760259 12.385429973466303
863 4370.604346111877 12.392705341699187
864 4375.949646951817 12.40030116756468
865 4381.734935269299 12.408516411113128
866 4386.552251136189 12.415354136828821
867 4391.334368004875 12.4221382294437
868 4396.978860329544 12.430139693183923
869 4402.024969684755 12.437289291146184
870 4406.543094066918 12.443688058173702
871 4412.55717587272 12.452198049713031
872 4418.324864691099 12.460354219005879
873 4422.878188071464 12.466790838465503
874 4427.325914457219 12.47307514001955
875 4432.0728323277035 12.479778216283867
876 4437.682125654167 12.487693140000623
877 4442.552240018363 12.49456190632705
878 4446.947167906813 12.50075791363682
879 4452.345267244057 12.508362411990298
880 4458.1481550606395 12.51653147613135
881 4463.38785890597 12.523903810102095
882 4468.046779280944 12.530456101038903
883 4473.145687133461 12.537622608527817
884 4478.4909879734005 12.545130690191884
885 4482.956313858258 12.551400446056123
886 4487.632833732335 12.557963055263718
887 4492.837338579461 12.565261779190944
888 4498.200238918503 12.572777991536334
889 4503.862330742271 12.580708267417121
890 4508.679646609162 12.587452455833397
891 4513.285768486832 12.593897900532136
892 4518.613469827671 12.601347872526054
893 4523.923571669407 12.608768877058093
894 4529.286472008449 12.616259169814658
895 4534.262183367253 12.623205203932022
896 4539.4314892161765 12.630417179702746
897 4544.882387050725 12.638017186326353
898 4549.805299912226 12.644877782260787
899 4554.904207764742 12.651979477619985
900 4560.091113112766 12.659199528390742
901 4564.6620359922335 12.665559550659237
902 4569.4969513582255 12.672283023750747
903 4575.440635167622 12.680541899904537
904 4580.697938512052 12.687843347538408
905 4585.620851373552 12.694677015903432
906 4590.385368743137 12.701287529298114
907 4594.885893626199 12.707528988542258
908 4600.336791460748 12.715082904298805
909 4605.594094805179 12.72236452864136
910 4610.411410672069 12.729033663936967
911 4616.267096985957 12.737134153142435
912 4621.823591815117 12.744816342816438
913 4626.271318200872 12.750963620473836
914 4630.912639076745 12.757375012959496
915 4636.257939916685 12.764753839436535
916 4641.814434745845 12.772419416789571
917 4646.279760630701 12.778577654874065
918 4651.061877499388 12.785169014533242
919 4656.301581344718 12.792386531913575
920 4661.435688195439 12.799454782339877
921 4666.833787532682 12.806881921041567
922 4671.686302397776 12.813555413193658
923 4676.274824776345 12.819863019681952
924 4681.46173012437 12.826988572572283
925 4686.507839479581 12.83391709340889
926 4691.465951339284 12.840721266984955
927 4697.19844115946 12.84858259422983
928 4702.297349011976 12.855571759145938
929 4707.009067884257 12.862027334916363
930 4711.738386255638 12.868503742022929
931 4716.4501051279185 12.87495283362402
932 4721.3906174885215 12.881711286906436
933 4726.172734357207 12.888249901664183
934 4731.042848721402 12.894905304032568
935 4736.740139543374 12.902685606292938
936 4742.349432869839 12.910341261408396
937 4747.360343226847 12.917177115614024
938 4751.87846760901 12.923338276684472
939 4756.150199003749 12.929161109862141
940 4761.389902849079 12.936298290333077
941 4766.488810701595 12.943240090111876
942 4771.147731076571 12.9495802049971
943 4776.176240932681 12.9564192630722
944 4781.451143776213 12.963589222961588
945 4786.65564862334 12.970659698870916
946 4791.525762987534 12.977272837392864
947 4796.589471841848 12.984145020002853
948 4801.9699716799905 12.99144273089274
949 4806.593693056763 12.997711672289268
950 4811.199814934433 13.003953772492668
951 4816.29872278695 13.010859475489353
952 4821.608824628685 13.018047037923276
953 4827.130120459642 13.025515993198962
954 4831.912237328329 13.031982456158238
955 4836.711953696117 13.038469468111952
956 4842.074854035158 13.04571304742486
957 4847.173761887675 13.052596656970444
958 4852.219871242886 13.059405484521456
959 4857.406776590912 13.066400407405254
960 4862.787276429055 13.073652203429655
961 4868.044579773486 13.080734225290307
962 4872.844296141275 13.087197072175254
963 4877.872805997385 13.093964252311382
964 4882.971713849901 13.100822509087482
965 4887.384241237452 13.106755551381315
966 4892.148758607038 13.113158332280664
967 4897.8108504308075 13.120762002751931
968 4902.962556780628 13.127677043592877
969 4907.744673649317 13.134093208494054
970 4912.4211935233925 13.140364810366576
971 4917.0097159019615 13.146515616920881
972 4922.12622325358 13.15337002157571
973 4927.225131106095 13.16019731988436
974 4932.236041463104 13.16690345709309
975 4937.915732785975 13.174499619285138
976 4943.173036130406 13.18152745909913
977 4948.007951496397 13.187987885107049
978 4953.071660350712 13.19475032208115
979 4958.188167702329 13.201579682772916
980 4963.568667540472 13.208757263656699
981 4968.438781904668 13.215251254608217
982 4973.132901277845 13.221507786454309
983 4978.091013137549 13.228112595649412
984 4983.647507966709 13.23550981338279
985 4989.256801293173 13.242973066926377
986 4993.792525174436 13.249006102857301
987 4998.504244046717 13.255270069792434
988 5004.060738875876 13.262652140507518
989 5009.230044724799 13.269516581732072
990 5014.240955081808 13.276167499055628
991 5019.4806589271375 13.283118230095065
992 5024.878758264383 13.290275081014014
993 5030.312056599831 13.297474666749125
994 5035.217369962228 13.303971916481547
995 5040.333877313847 13.310745238831364
996 5045.573581159176 13.317677923150665
997 5050.285300031456 13.323909605455894
998 5055.155414395652 13.330347499093197
999 5060.958302212233 13.338013135766337
1000 5066.6027945369015 13.345465484970356
1001 5071.5081078993 13.351939381686469
1002 5076.290224767987 13.358247830489006
1003 5081.2131376294865 13.36473871151982
1004 5086.452841474816 13.371643402323416
1005 5091.4813513309255 13.378266700651288
1006 5096.562659684341 13.38495614497196
1007 5101.679167035959 13.391688506733
1008 5106.654878394763 13.398232541720148
1009 5111.982579735602 13.405235511448423
1010 5117.028689090813 13.411865315346365
1011 5121.8988034550075 13.418261009132715
1012 5126.944912810219 13.424884380463183
1013 5131.744629178008 13.43118162940535
1014 5136.403549552982 13.437291520892488
1015 5141.168066922568 13.443536877668988
1016 5146.513367762508 13.45053928812419
1017 5151.78827060604 13.457445989583233
1018 5156.359193485508 13.463428931525463
1019 5161.123710855093 13.46966216940996
1020 5166.6802056842525 13.476926806026933
1021 5171.849511533175 13.483682162071354
1022 5176.649227900964 13.489951963629544
