1 14.627859237536658 1.121522581390232
2 32.668567671461126 1.121522581390232
3 49.39744655191691 1.5259877512205837
4 65.29443352041694 1.8292703921381517
5 80.03957014928591 2.071258765464654
6 94.01680655173419 2.277027964181302
7 107.70608036927473 2.461944884564609
8 120.46747474655692 2.622615547549543
9 132.87691485339627 2.7699331867152384
10 144.8704090042577 2.9052246599307545
11 156.2879779853037 3.0284115255550286
12 167.22560932483674 3.141895986968247
13 177.65130718008928 3.2463802813593587
14 188.1729925636444 3.3485223417497143
15 198.7586696327346 3.4482334246701933
16 209.53632175842998 3.546873332426931
17 219.51407781493714 3.6358108344397806
18 228.94790454439627 3.717946134215545
19 238.12576453171528 3.7961489363243457
20 246.82368687752123 3.868805761207517
21 255.45761753779217 3.9396033243628574
22 263.7715897703878 4.006596561874078
23 272.59749548726387 4.076507960553056
24 281.51938873244256 4.145981270942997
25 289.7373734367356 4.208961861501479
26 297.79537892719105 4.269815202628075
27 305.9173761031815 4.330286216109887
28 313.6554231659616 4.3871250207126575
29 321.2014951721366 4.4418541594521015
30 329.131517291522 4.498648732144636
31 337.0615394109073 4.554735168658123
32 344.7035989453848 4.608140328464018
33 352.2496709515598 4.660274639256293
34 359.9557221715723 4.712918361198112
35 367.1498399073044 4.761541741789134
36 374.1839784291989 4.808609227077851
37 381.442087850466 4.856696193302384
38 388.6042097434306 4.90368542278265
39 395.51036489425496 4.948573915171297
40 402.1285574601716 4.9912132443963175
41 409.09870429653097 5.035728115690674
42 416.19683450396053 5.080658966208332
43 422.9110145981797 5.122798433645715
44 429.40122379302625 5.163206346569077
45 436.0834080444779 5.204480816584134
46 442.76559229592954 5.245430522191034
47 449.2877973335436 5.285094589175327
48 456.257944169903 5.327154289172659
49 462.6201699936794 5.3652603790033915
50 468.66243738978045 5.401202678040188
51 474.99266737078926 5.438601751848784
52 481.32289735179813 5.475745397766118
53 487.4931481189694 5.511710167230941
54 493.4714238295354 5.546334417117686
55 499.8976413388468 5.583311429266218
56 506.00390042048303 5.61822328559103
57 511.95018028828144 5.652013970063743
58 518.3444019548253 5.6881240756120555
59 524.418665193694 5.722217612275087
60 530.1409741621197 5.75415251430721
61 536.1512457154532 5.787503358509959
62 541.809562998344 5.818728120871711
63 547.6278594950725 5.850661168109673
64 554.0860728471513 5.885900493688781
65 559.9043693438798 5.917471062963388
66 565.2747240418627 5.946464360415266
67 570.901045481986 5.976687438844306
68 576.7833336642494 6.0081217395172795
69 582.5376384754427 6.03871435493067
70 587.5880347457503 6.065440708640845
71 593.3743353997112 6.095913605156486
72 599.6725695379527 6.128908047896242
73 605.2029034497732 6.157737068744593
74 610.6052539905237 6.185769789151545
75 615.9116170029716 6.213181757943527
76 621.6979176569325 6.242933545116159
77 627.4202266253583 6.272217789937894
78 632.8865688516438 6.300066112099121
79 638.5448861345345 6.328762504366782
80 643.947236675285 6.35604097794119
81 649.4135789015705 6.383523629287663
82 654.815929442321 6.410569085678947
83 660.122292454769 6.437023821233296
84 665.8765972659621 6.465587359143058
85 671.3749353350154 6.492764001488552
86 676.6493025046956 6.518728141591664
87 682.3396156303538 6.546622478175069
88 687.7419661711044 6.572996877249812
89 692.7923624414123 6.5975592364091415
90 698.0347337683249 6.622957995863497
91 703.8210344222857 6.650876957700137
92 709.575339233479 6.678525924936747
93 714.5617438182517 6.702396103172837
94 719.5161525602567 6.726029367293292
95 725.1424740003799 6.7527642785486135
96 731.1527455537135 6.7812055984535835
97 736.5870919372315 6.806821498540692
98 741.6054923647715 6.830393207911149
99 746.8158678489169 6.854779985077172
100 752.378197603505 6.880717118145996
101 757.9085315153255 6.906408618679557
102 762.7349568862608 6.928755130786584
103 767.9453323704058 6.952796914302708
104 773.2836912256215 6.977342765860679
105 778.7180376091395 7.00224118527817
106 784.3123632064952 7.027779770371821
107 789.3307636340355 7.0506128075884575
108 794.4451515898782 7.073806318237715
109 799.5595395457209 7.0969240304056544
110 804.8019108726338 7.1205417933183925
111 810.4602281555243 7.14594411188984
112 816.0865495956475 7.171113693297817
113 821.6168835074681 7.195768447527157
114 826.6032880922407 7.217928272309276
115 831.5257009914783 7.239737467764845
116 836.8000681611586 7.263031791690824
117 841.946451959769 7.285689613237023
118 847.2208191294492 7.308837482485386
119 852.527182141897 7.332051896859813
120 857.7055617832749 7.354636280569735
121 862.9159372674203 7.3772902944515115
122 868.0303252232629 7.399459909616233
123 872.9527381225007 7.420735611243298
124 877.7151718079006 7.441262643556334
125 882.7975639209757 7.4631050594164625
126 888.4238853610989 7.487208523865084
127 893.6342608452443 7.5094626138608485
128 898.6206654300167 7.53069941922714
129 904.1190034990698 7.554045156276413
130 909.4253665115178 7.576508291813941
131 914.3157835679879 7.597153446256903
132 919.7181341087382 7.61989255584105
133 925.0564929639539 7.642296101521645
134 929.9149141776564 7.66263041164533
135 934.9013187624291 7.68344387753604
136 940.1756859321094 7.705396941378135
137 945.6740240011624 7.728214962364508
138 951.2363537557504 7.751229961796219
139 955.9667915983829 7.770752291197496
140 960.5692460699452 7.7897000295274275
141 965.8436132396255 7.811354476335911
142 971.1179804093058 7.832949058938565
143 976.6803101638939 7.855657221140654
144 981.7627022769692 7.876350536483245
145 986.6851151762068 7.896341420652761
146 992.1834532452597 7.9186092410114295
147 997.4578204149401 7.939912122736943
148 1002.3162416286426 7.959486141637789
149 1006.98268778574 7.978242284714729
150 1012.3530424837229 7.999770281844972
151 1017.723397181706 8.021240500756097
152 1022.485830867106 8.040234566813483
153 1027.792193879554 8.06134303712754
154 1033.1945444203045 8.082776357096204
155 1038.0849614767744 8.102131585507678
156 1042.8793910049421 8.12106251762677
157 1047.769808061412 8.140326713667594
158 1052.5962334323472 8.159294495204863
159 1057.902596444795 8.180095741025447
160 1063.336942828313 8.201343540959625
161 1068.2273598847833 8.220419604064496
162 1073.1177769412534 8.239451502189674
163 1078.2001690543286 8.259183280109257
164 1083.1545777963338 8.278373389760919
165 1087.949007324501 8.296902203028731
166 1092.9034160665062 8.316005272514465
167 1098.1777832361868 8.336292695043873
168 1103.3561628775644 8.35616333604537
169 1107.9266215063594 8.373664288089687
170 1112.9130260911318 8.392714614676395
171 1117.9954182042072 8.412086899271985
172 1122.5338809902344 8.42935029785536
173 1127.4242980467043 8.44791151906801
174 1132.7306610591525 8.468003820668969
175 1137.8130531722277 8.487204257254852
176 1142.8314535997677 8.506120653156048
177 1148.1378166122154 8.526075781912224
178 1153.1562170397558 8.544906125908765
179 1158.1426216245284 8.563575520445145
180 1162.8410636243932 8.581130664251782
181 1167.3155347248853 8.597816524222615
182 1172.5579060517982 8.61732172552703
183 1177.6722940076409 8.63630873618177
184 1182.3387401647383 8.65359803210986
185 1187.1331696929058 8.67132510563737
186 1192.2475576487484 8.690194126316534
187 1197.233962233521 8.708552057996815
188 1201.9644000761534 8.72593285542264
189 1206.630846233251 8.7430449222242
190 1211.4892674469534 8.760824711987414
191 1216.6996429310989 8.779851189132149
192 1221.654051673104 8.797905684262053
193 1226.8004354717143 8.816619917093444
194 1231.7548442137193 8.834599271520704
195 1236.5492737418867 8.851963876715466
196 1241.503682483892 8.869871588728943
197 1246.2981120120594 8.887167275733152
198 1250.9965540119242 8.904084454308435
199 1255.9509627539294 8.921887552268439
200 1260.937367338702 8.939769711189248
201 1265.6678051813344 8.956701833800231
202 1270.4302388667343 8.973716089670596
203 1275.6406143508796 8.992292128659344
204 1280.8189939922574 9.010716260563076
205 1285.2934650927498 9.026608058158338
206 1290.1198904636847 9.043717194264714
207 1295.2342784195273 9.061810832016336
208 1300.4126580609052 9.080093906809314
209 1305.5590418595154 9.09822772246298
210 1309.8415379034025 9.1132929498384
211 1314.6039715888026 9.130015394728906
212 1319.9743262867853 9.148833571372185
213 1324.8967391860233 9.166049627545297
214 1329.7551603997258 9.183010448472887
215 1334.5495899278933 9.199717445828623
216 1339.3120236132931 9.216283079500979
217 1344.2664323552983 9.233484246337426
218 1349.3808203111412 9.251206742515858
219 1354.0472664682381 9.267348947107633
220 1358.4897417259626 9.282691126326537
221 1363.252175411363 9.299108950065804
222 1368.1425924678326 9.315937411513758
223 1373.0010136815351 9.332625835068104
224 1377.7954432097024 9.349065470072503
225 1382.8458394800102 9.366350681737993
226 1388.024219121388 9.384040435469192
227 1392.914636177858 9.400716860142559
228 1397.869044919863 9.417581165587793
229 1402.7914578191003 9.43430681440828
230 1407.6818748755707 9.450894542763573
231 1412.6362836175754 9.467669469531753
232 1417.2067422463704 9.48311937577838
233 1422.129155145608 9.499729635795951
234 1426.891588831008 9.515773004419158
235 1431.1740848748946 9.53017820250035
236 1436.0005102458297 9.54638487730528
237 1440.9549189878346 9.562992301131917
238 1445.78134435877 9.579143458876606
239 1450.447790515867 9.594733957772075
240 1455.754153528315 9.612429422018497
241 1461.1565040690652 9.630411282488176
242 1465.5989793267902 9.645175970877876
243 1470.0094587417473 9.659812114146714
244 1475.0918508548225 9.676648049718262
245 1480.3982138672704 9.69419399181688
246 1485.1286517099024 9.709810626447984
247 1489.4111477537892 9.723928378040563
248 1494.1415855964217 9.73949733568249
249 1499.4799444516375 9.757035179425019
250 1504.4343531936424 9.773284658619268
251 1508.9728159796693 9.788147601127276
252 1514.087203935512 9.804867583341604
253 1518.785645935377 9.820203974941558
254 1523.2281211931013 9.834683734049735
255 1528.3105133061767 9.851220815019985
256 1533.2329262054145 9.867211440130367
257 1537.7713889914417 9.881933112872726
258 1542.437835148539 9.897046648469257
259 1547.3282522050088 9.912860079312342
260 1552.1866734187113 9.928545214388826
261 1557.0450946324136 9.944205609112384
262 1561.839524160581 9.959635805722192
263 1566.6339536887483 9.975042133692712
264 1571.4603790596834 9.990527174437544
265 1576.3827919589212 10.006295182590387
266 1581.0172422732508 10.021119005775196
267 1586.099634386326 10.03734892914506
268 1591.1180348138662 10.053348993598723
269 1595.528514228823 10.067391745556943
270 1600.1309687003852 10.082024198412567
271 1605.1493691279254 10.097953475782088
272 1610.4237362976057 10.114667399574392
273 1615.2181658257732 10.129837944919668
274 1619.7566286118001 10.14417848982288
275 1624.5830539827355 10.159405734963798
276 1629.313491825368 10.17430833708705
277 1633.91594629693 10.188787244662022
278 1638.966342567238 10.204650187369447
279 1644.240709736918 10.221189639740219
280 1648.6511891518753 10.235002111526327
281 1653.3816269945078 10.249794801529058
282 1658.7519816924903 10.26656067444848
283 1663.3864320068205 10.281009236884737
284 1667.988886478383 10.295338086132858
285 1672.3353742078045 10.308852600720206
286 1676.7458536227618 10.32254777246351
287 1682.2121958490472 10.33949271130831
288 1687.4545671759604 10.35571795020714
289 1692.0890174902902 10.370042290705454
290 1696.6274802763176 10.38405111476588
291 1701.48590149002 10.399025563782862
292 1706.6322852886299 10.41486317766718
293 1711.26673560296 10.429106282721687
294 1715.805198388987 10.443035875613752
295 1720.91958634483 10.458708962618916
296 1725.6820200302298 10.473283433726875
297 1729.8685285458143 10.486080496507345
298 1734.6949539167492 10.500811960675321
299 1739.457387602149 10.515328076283424
300 1744.3158088158516 10.530115843333032
301 1748.9502591301816 10.544203266287626
302 1753.5207177589764 10.558077970528082
303 1758.4111348154463 10.572902771793471
304 1762.981593444241 10.586739863279808
305 1767.7120312868735 10.601041749906539
306 1772.3464816012033 10.615035046105065
307 1777.1729069721384 10.629587794654547
308 1782.031328185841 10.644216824473647
309 1786.7617660284732 10.658441586691346
310 1791.332224657268 10.672167772663212
311 1795.7746999149927 10.685493110156203
312 1800.6331211286952 10.700045706880632
313 1805.45954649963 10.714482991893018
314 1809.934017600122 10.727851196339275
315 1814.6964512855222 10.742060510405373
316 1819.7788433985972 10.75720276868997
317 1824.5732729267645 10.771468404680602
318 1829.2077232410943 10.785240583306884
319 1833.9061652409591 10.799184794344649
320 1838.7965822974293 10.813679059989363
321 1843.6550035111318 10.828059379897738
322 1848.2254621399263 10.841570820021934
323 1852.8919082970237 10.855348366599625
324 1857.6543419824236 10.869391007717486
325 1862.2887922967534 10.883039268762518
326 1867.1472135104557 10.897328060013882
327 1871.6856762964828 10.91065989253706
328 1875.9681723403696 10.923225713606634
329 1880.8265935540721 10.937462005078514
330 1885.9409815099145 10.952427583780024
331 1890.7034151953148 10.966345913582977
332 1895.049902924737 10.979034489970239
333 1899.5563698679964 10.992174093740424
334 1904.2548118678612 11.005856127066766
335 1908.7932746538886 11.019056653486446
336 1913.7156875531261 11.033354865619998
337 1918.7660838234342 11.048005228107574
338 1923.3365424522285 11.061248005141731
339 1927.8430093954883 11.074290063313041
340 1932.7334264519582 11.088424730160808
341 1937.8478144078008 11.103186833601027
342 1942.514260564898 11.116640147838613
343 1947.0527233509251 11.129709278304988
344 1951.5271944514172 11.142579330066328
345 1956.1296489229792 11.1558016074906
346 1961.1480493505198 11.17019972817733
347 1965.750503822082 11.183389349666824
348 1970.2249749225743 11.196197696248248
349 1975.0833961362769 11.210087331310739
350 1979.7178464506064 11.223321291952344
351 1984.4162884504713 11.236721879844927
352 1989.3067055069414 11.250652478635782
353 1994.2931100917137 11.264838489246424
354 1999.1195354626489 11.27855282574133
355 2003.466023192071 11.290890552947353
356 2007.940494292563 11.303577088066815
357 2012.8949030345682 11.317606306623958
358 2017.8173159338055 11.331527812686645
359 2022.1638036632276 11.343807923501217
360 2026.670270606487 11.35652548891742
361 2031.6566751912599 11.370579412422446
362 2036.6430797760327 11.384615986847312
363 2041.30952593313 11.397737121142312
364 2045.9439762474594 11.410753451435307
365 2050.546430719022 11.423665335973006
366 2055.244872718887 11.436831182233394
367 2060.0073064042867 11.45016070670271
368 2064.7057484041516 11.46329612249084
369 2069.340198718481 11.476238096113676
370 2074.1346282466484 11.489611004077213
371 2078.993049460351 11.503146358590381
372 2083.499516403611 11.515687956969536
373 2088.3259417745458 11.529103901714272
374 2093.0563796171778 11.54223817234019
375 2097.3708715038324 11.554205736212085
376 2101.877338447092 11.566691971772148
377 2106.767755503562 11.580225635103403
378 2111.6261767172646 11.593655199377157
379 2116.3246187171294 11.606628221177752
380 2120.8630815031565 11.619146229723194
381 2125.337552603649 11.631474739469796
382 2130.2279696601186 11.644933112945377
383 2134.830424131681 11.657585624126472
384 2139.3688869177086 11.670048972771754
385 2144.291299816946 11.683550534184702
386 2149.053733502346 11.696598898964613
387 2153.8161671877456 11.709632723602937
388 2158.1306590744 11.721429379105686
389 2162.76510938873 11.734086651126246
390 2167.7515139735024 11.747688901648415
391 2172.449955973367 11.760492009797389
392 2177.020414602162 11.77293337378021
393 2181.6548649164915 11.785535332357423
394 2186.353306916357 11.798297370927727
395 2191.211728130059 11.811478991852757
396 2195.942165972692 11.824299608242459
397 2200.256657859346 11.835981978406862
398 2204.891108173676 11.848516879337652
399 2209.6855377018433 11.861470078631509
400 2214.4159755444757 11.874236719754846
401 2218.794459116665 11.886042267310053
402 2223.300926059925 11.898180270756667
403 2228.319326487465 11.911681082748402
404 2233.1777477011674 11.924737369822664
405 2237.748206329962 11.937007550060642
406 2242.5106400153622 11.94977915982623
407 2247.145090329692 11.962194815977314
408 2251.907524015092 11.974939562845698
409 2256.669957700492 11.987670760085948
410 2260.8244703733085 11.99876748171931
411 2265.426924844871 12.011047267379862
412 2270.381333586876 12.024251077929911
413 2274.791813001833 12.035994539568147
414 2279.266284102325 12.047896499544951
415 2283.9647261021896 12.060380916303696
416 2288.5991764165196 12.072682829144469
417 2293.61757684406 12.0859887123397
418 2298.50799390053 12.098941513407297
419 2302.8544816299514 12.110443484053274
420 2307.616915315352 12.12303238050864
421 2312.475336529054 12.135861288800227
422 2317.077791000617 12.148002494232061
423 2321.552262101109 12.159794821751788
424 2326.282699943741 12.172248574425572
425 2331.0451336291408 12.184773616116873
426 2335.583596415168 12.19669826301646
427 2340.3140342578004 12.209114372859828
428 2345.0444721004324 12.221517868909581
429 2349.742914100297 12.233825109207304
430 2354.377364414627 12.245952786510667
431 2359.0438105717244 12.258151979973755
432 2363.5822733577515 12.27000531406508
433 2368.408698728687 12.282597366250164
434 2373.363107470692 12.29550957005365
435 2377.7735868856485 12.306994196744244
436 2382.376041357211 12.318966739851396
437 2387.138475042611 12.331342759650202
438 2391.8369170424753 12.343540498518745
439 2396.53535904234 12.355726195621497
440 2401.521763627113 12.368644825321061
441 2406.3801848408157 12.381219242751516
442 2410.630685041935 12.392211391392255
443 2415.393118727335 12.404514335005803
444 2420.0915607271995 12.416640192498106
445 2424.630023513227 12.428342371893779
446 2429.136490456486 12.439951249428285
447 2433.738944928049 12.451795953476783
448 2438.437386927914 12.46387581170543
449 2443.3597998271507 12.476518356800195
450 2448.4101960974585 12.489475979286082
451 2452.9166630407185 12.501028086213795
452 2457.423129983978 12.512569527776785
453 2462.0895761410748 12.524509032378644
454 2466.5960430843347 12.536028855952603
455 2471.2624892414324 12.547946038773135
456 2475.9289353985296 12.5598519142006
457 2480.4673981845567 12.571420784847644
458 2485.3898110837945 12.58395528471299
459 2490.0882530836593 12.595908398771837
460 2494.7227033979893 12.60768778313566
461 2499.2931620267836 12.619293924304474
462 2503.7356372845084 12.63056519666924
463 2508.6260543409785 12.642960087628214
464 2513.5804630829834 12.655504624598159
465 2518.182917554546 12.667147772174044
466 2522.721380340573 12.678618738851041
467 2527.7077849253455 12.691208694167743
468 2532.438222767978 12.703141476399553
469 2537.1046689250757 12.714902032029533
470 2541.899098453243 12.726973476456608
471 2546.3735695537353 12.738229836898975
472 2551.0080198680653 12.74987773370555
473 2555.738457710697 12.7617556580176
474 2560.3729080250273 12.773382101922794
475 2564.9113708110544 12.784757751509117
476 2569.7058003392217 12.796763299799435
477 2574.3082548107845 12.808278039219879
478 2579.070688496184 12.820181708867265
479 2584.025097238189 12.832553002978019
480 2588.531564181449 12.843796539550999
481 2592.942043596406 12.854791329337003
482 2597.7684689673406 12.866811095801008
483 2602.7548735521127 12.879217086795382
484 2607.1653529670702 12.890181664360584
485 2611.5438365392592 12.901057570746849
486 2616.274274381892 12.912796431998311
487 2621.4206581805024 12.925554302525928
488 2626.023112652065 12.936954409999865
489 2630.305608695952 12.94755382712099
490 2635.1960257524215 12.95964554670548
491 2640.150434494427 12.97188383474461
492 2644.432930538314 12.982454734058923
493 2648.779418267736 12.993174614292187
494 2653.893806223579 13.005774925889511
495 2658.848214965584 13.017969847436339
496 2663.1947026950056 13.028660506144126
497 2667.861148852103 13.040127487837141
498 2673.0395284934802 13.05283933480654
499 2677.929945549951 13.064833611275752
500 2682.6603833925833 13.0764254496718
501 2687.166850335843 13.087459475236834
502 2691.673317279103 13.098484205857883
503 2696.307767593432 13.109812025268925
504 2700.878226222226 13.120974020584196
505 2705.3846931654866 13.131970614648337
506 2709.987147637049 13.143191682496909
507 2714.9415563790535 13.155259219366272
508 2719.7359859072217 13.166926950319223
509 2724.146465322178 13.177652138619319
510 2728.588940579902 13.188446228642048
511 2733.6073410074428 13.200627499761733
512 2738.497758063913 13.212487615037277
513 2742.940233321637 13.223253269027175
514 2747.8306503781073 13.235093109112821
515 2752.6570757490426 13.246767804302896
516 2757.1955385350693 13.25773727693254
517 2761.6380137927936 13.26846621669178
518 2766.1444807360535 13.279340673340416
519 2771.2908645346633 13.291746726896031
520 2776.213277433901 13.303602561333072
521 2780.431781792253 13.31375630218124
522 2785.066232106583 13.324901114854397
523 2789.7646741064477 13.336190141987435
524 2794.49511194908 13.34754631959547
525 2799.00157889234 13.35835640072867
526 2803.0920998796214 13.36816223798979
527 2808.334471206534 13.380715465111008
528 2813.6408342189825 13.39340979852118
529 2818.019317791172 13.40387739180831
530 2822.6217722627343 13.41487102112795
531 2827.3522101053663 13.426160648673996
532 2832.018656262464 13.437288419866869
533 2836.6851024195607 13.448406983482256
534 2841.3195527338908 13.459440301890403
535 2846.113982262058 13.470844569902548
536 2850.876415947458 13.482163259094792
537 2855.670845475626 13.493548322483852
538 2860.1453165761177 13.504165721674184
539 2864.459808462772 13.51439602816675
540 2869.3822213620097 13.526056707854133
541 2874.3686259467822 13.537858584645504
542 2878.9070887328094 13.54859238079406
543 2883.605530732674 13.559695176644118
544 2888.8479020595873 13.572071250201658
545 2893.514348216685 13.583079486450652
546 2897.5408775184314 13.592572578130545
547 2902.2393195182963 13.603639478990221
548 2907.1297365747664 13.615148536258763
549 2911.7001952035607 13.62589657877047
550 2916.2386579895883 13.636561077427094
551 2920.9051041466855 13.647517295577453
552 2925.3475794044093 13.657940048646068
553 2930.0780172470427 13.669028920260349
554 2935.0964176745824 13.680782290665869
555 2939.2509303473994 13.6905067441911
556 2943.6294139195884 13.70074735247128
557 2948.519830976059 13.712174904306632
558 2953.154281290388 13.722996154378018
559 2957.7247399191824 13.733659794972116
560 2962.5511652901178 13.744911022566267
561 2967.3135989755183 13.756004206770085
562 2971.756074233243 13.766344822646303
563 2976.390524547572 13.777123524988005
564 2981.120962390204 13.788116545535928
565 2985.755412704534 13.79887824136654
566 2990.069904591189 13.808890212024576
567 2994.416392320611 13.818969010868578
568 2999.0188467921735 13.829632674160749
569 3004.197226433551 13.841619475460293
570 3009.055647647254 13.852856919263283
571 3013.1141727917675 13.862239113866107
572 3017.972594005471 13.873459855859252
573 3023.0549861185455 13.885187638978412
574 3027.529457219038 13.895505794208143
575 3032.00392831953 13.905816293339466
576 3036.8623495332326 13.917001900777493
577 3041.752766589703 13.928252025875036
578 3046.2592335329623 13.93861174835694
579 3050.6697129479194 13.94874360087136
580 3055.496138318854 13.959821477980292
581 3060.226576161487 13.970670740790636
582 3064.8290306330487 13.981218699614567
583 3069.463480947379 13.991831873390607
584 3073.8739603623358 14.00192521564963
585 3078.668389890503 14.012887993949224
586 3083.4628194186707 14.023842202381186
587 3087.809307148092 14.03376662741994
588 3092.2517824058164 14.04390272652905
589 3097.0142160912164 14.054759923620987
590 3101.968624833222 14.066045429916967
591 3106.6350709903195 14.07666737374916
592 3111.077546248044 14.086772603776158
593 3115.839979933444 14.097596784874755
594 3120.9543678892865 14.109210820393903
595 3125.2688597759407 14.119002731850774
596 3129.423372448758 14.128425565863832
597 3134.249797819693 14.13936266683845
598 3139.140214876163 14.150436007926846
599 3143.7746651904927 14.16092235912654
600 3148.0571612343792 14.170606294756423
601 3153.043565819152 14.181871800110327
602 3158.0939620894605 14.19327262065928
603 3162.2484747622775 14.20264617993779
604 3166.7549417055366 14.212805897768517
605 3171.5493712337043 14.223606141691526
606 3176.087834019731 14.233822821611056
607 3180.850267705131 14.244535262177854
608 3185.7726806043693 14.255598720972221
609 3190.7590851891414 14.266797113828984
610 3195.3295438179357 14.277054591130435
611 3199.6760315473575 14.286803121542507
612 3204.342477704455 14.297261057573328
613 3209.200898918158 14.308140650362008
614 3213.867345075255 14.318583002002255
615 3218.3738120185144 14.32866051521809
616 3223.0722540183797 14.339159317859776
617 3227.546725118872 14.349151035869614
618 3232.1491795904344 14.359420978196388
619 3236.879617433067 14.369968548315276
620 3241.354088533559 14.37993885893829
621 3245.7965637912835 14.389831118749377
622 3250.654985004986 14.400640775613665
623 3255.8013688035967 14.412081635960336
624 3260.4678149606934 14.422448730928851
625 3265.198252803325 14.432950240570186
626 3270.0566740170275 14.443727627206002
627 3274.4671534319846 14.453505399740559
628 3278.9096286897097 14.463347343531993
629 3283.544079004039 14.473606987424775
630 3288.3705043749737 14.484283443811137
631 3293.356908959747 14.495305166654326
632 3297.6394050036342 14.50476585726967
633 3302.0178885758232 14.51443197916208
634 3307.1002806888982 14.52564226033477
635 3311.8307185315316 14.536069218524213
636 3316.145210418186 14.545573776699781
637 3320.3637147765376 14.554861121198616
638 3325.1901401474734 14.565478018644265
639 3330.528499002688 14.577210880424978
640 3335.386920216391 14.587881689077387
641 3339.733407945813 14.597422642717355
642 3344.239874889073 14.607307787037946
643 3349.03430441724 14.6178165596501
644 3353.700750574337 14.628037848128052
645 3358.175221674829 14.63783238029115
646 3362.937655360229 14.648249366798499
647 3367.8600682594665 14.659008137315059
648 3372.430526888262 14.66899135867319
649 3377.0329813598237 14.679037531789925
650 3381.7314233596885 14.68928591328701
651 3386.557848730623 14.699805723087714
652 3391.2242948877206 14.709970041139051
653 3395.5067909316076 14.719292758518964
654 3400.301220459775 14.729721636789685
655 3405.6395793149904 14.74132377495594
656 3410.40201300039 14.751667680519846
657 3414.428542302137 14.760409219022478
658 3419.2229718303047 14.770809067188061
659 3424.145384729542 14.781478632304742
660 3428.8438267294073 14.791656037776045
661 3433.6382562575745 14.802033932071561
662 3438.752644213417 14.813095672127663
663 3443.3550986849796 14.823044180278078
664 3447.6695905716338 14.832364846448625
665 3452.5280117853367 14.842852221197377
666 3457.1944579424344 14.852918648366389
667 3461.7969124139963 14.862840500855093
668 3466.7193253132336 14.873444046750405
669 3471.161800570959 14.883008293054852
670 3475.38030492931 14.892085200370776
671 3480.4626970423856 14.903011407517706
672 3485.577084998228 14.913998252581775
673 3490.0515560987205 14.923605106851547
674 3494.8779814696554 14.933959857970546
675 3499.608419312288 14.944101923166189
676 3504.5948238970605 14.954784762200813
677 3509.0372991547847 14.964297020678188
678 3513.543766098045 14.973939972439457
679 3518.49817484005 14.984533220093493
680 3523.77254200973 14.995801680104968
681 3528.5349756951305 15.00597017015066
682 3533.201421852227 15.015927246165573
683 3537.931859694859 15.026013986172158
684 3542.1183682104434 15.03493646839571
685 3546.5928393109357 15.04446609607428
686 3550.843339512056 15.053513654552551
687 3555.6377690402232 15.06371114746036
688 3560.8481445243688 15.074784602217616
689 3565.8025532663737 15.085307034632166
690 3570.948937064984 15.096229021263586
691 3575.7113707503845 15.106329911029132
692 3580.4098127502493 15.116288604133235
693 3584.884283850741 15.12576697793145
694 3589.7107092216756 15.135983427743032
695 3594.505138749844 15.146125395995933
696 3598.7876347937304 15.155179814539101
697 3603.070130837618 15.164228826774997
698 3607.7045811519474 15.174014589342239
699 3612.5310065228823 15.18419857654006
700 3617.4854152648873 15.19464523895397
701 3622.0558738936816 15.204276761774176
702 3626.1463948809637 15.212892813037033
703 3631.0688077802015 15.223252536790893
704 3635.9272289939036 15.233470810063256
705 3640.6576668365365 15.24341359970112
706 3645.4201005219356 15.2534170234071
707 3649.7345924085903 15.262474866732942
708 3655.2009346348764 15.273940423808817
709 3660.411310119021 15.284861574093394
710 3664.213868521395 15.292829758430752
711 3668.464368722515 15.301730465938052
712 3673.9947026343348 15.313300336649858
713 3679.1410864329455 15.324059825443088
714 3683.2636032629944 15.332675333874228
715 3687.6740826779514 15.341886568001044
716 3692.692483105492 15.352359295140726
717 3697.3909251053565 15.362158497740113
718 3701.0655001366604 15.36982018499897
719 3705.699950450991 15.379475132980938
720 3710.8783300923683 15.390254876616117
721 3715.9607222054433 15.400827658431439
722 3720.62716836254 15.410529610606924
723 3724.557710135985 15.418698435087714
724 3730.344010789945 15.430711361556561
725 3736.0343239156036 15.442516064794582
726 3739.7408947896756 15.450204163339091
727 3743.4154698209795 15.457822210724691
728 3749.1377787894053 15.469672402932467
729 3754.9240794433663 15.481645776387753
730 3758.310691889762 15.488653509710858
731 3761.697304336158 15.495658073867407
732 3767.451609147351 15.507545368813139
733 3773.1419222730096 15.519291628601023
734 3776.848493147081 15.526941712101184
735 3781.066997505433 15.535642397240945
736 3786.3733605178813 15.54657725571171
737 3792.031677800772 15.558228247061807
738 3795.9302237314478 15.56625379699774
739 3799.4448195489144 15.573486402938666
740 3806.254987171436 15.587481817378064
741 3812.6172129952124 15.600546000731665
742 3815.3639085862583 15.606188444367266
743 3818.4625584477467 15.612550148782768
744 3825.240730227501 15.62644506421484
745 3831.730939422347 15.639738531395354
746 3834.285659956788 15.644974233379779
747 3836.9683638622982 15.650469835358207
748 3842.8826478873284 15.662566444570531
749 3848.7009443840575 15.674457782966211
750 3852.119552673221 15.681444635499389
751 3855.6021526479194 15.688558884049637
752 3860.268598805017 15.698083009494466
753 3866.2468745155825 15.710273284444357
754 3870.8493289871453 15.719654005441551
755 3874.3959206473787 15.726881158979754
756 3881.110100741598 15.740545074727308
757 3887.728293307515 15.754002193304583
758 3890.0910387853496 15.758810162315473
759 3892.38979257765 15.763486778670883
760 3899.8398770555227 15.778611328126573
761 3907.161978162325 15.793462115546467
762 3909.3647444263224 15.797934070026665
763 3911.887469117995 15.80305257998293
764 3918.0257240423985 15.815485597483134
765 3923.81202469636 15.827197363263366
766 3926.6867036584754 15.83301766838791
767 3930.0093244193363 15.83974069074364
768 3934.9957290041093 15.849819877329015
769 3941.261967299583 15.862474392537269
770 3946.6963136831005 15.873442077835483
771 3950.402884557173 15.880921562548561
772 3956.4451519532736 15.893100424731003
773 3962.4554235066066 15.905205596830266
774 3964.85016482721 15.910032217773837
775 3967.3728895188824 15.91511467553399
776 3974.8549698395223 15.930159529209325
777 3982.784991958908 15.946089008513757
778 3985.979629348698 15.952507685574837
779 3988.5983415686737 15.957769074242382
780 3993.5527503106787 15.96770964643057
781 3998.699134109289 15.978028466804975
782 4001.829779813545 15.984306226455166
783 4004.9924213605686 15.990645542443414
784 4010.2027968447132 16.00107753037905
785 4016.884981096165 16.014443572167668
786 4022.6712817501266 16.026009940644514
787 4026.985773636781 16.034631357949145
788 4032.5800992341365 16.04580037484474
789 4038.2064206742593 16.05702537898343
790 4040.697149523164 16.061997588040068
791 4043.059895000999 16.066713389597044
792 4050.3180044222668 16.08117080186503
793 4058.727964183165 16.097904783504376
794 4062.754493484911 16.105915663981452
795 4065.5971766042594 16.111571742668904
796 4069.7516892770764 16.11982986409324
797 4074.706098019081 16.129670559970457
798 4078.31668136485 16.136840962433542
799 4081.223356169733 16.14261304208754
800 4085.9217981695983 16.15193281341801
801 4092.3480156789096 16.164667477521466
802 4098.390283075011 16.1766327180166
803 4103.216708445946 16.186185892539207
804 4108.555067301161 16.19674476209977
805 4114.1813887412845 16.207865227739173
806 4117.568001187681 16.214559100971275
807 4120.122721722122 16.219609251507727
808 4126.644926759735 16.232480023859324
809 4134.19099876591 16.247357020496317
810 4138.18553222489 16.255231269965744
811 4141.604140514054 16.261968598737198
812 4145.758653186871 16.270150384506582
813 4149.977157545222 16.27845383623465
814 4153.171794935014 16.284741511282995
815 4156.110465582664 16.290524028922885
816 4161.544811966182 16.301203718787498
817 4168.482962959774 16.314825871507885
818 4173.94930518606 16.32555237136034
819 4179.191676512973 16.335833158032493
820 4184.754006267561 16.346733752747266
821 4190.4763152359865 16.357940002912454
822 4194.918790493712 16.366636770522156
823 4197.793469455828 16.372265307220033
824 4203.259811682113 16.38295419948451
825 4209.782016719728 16.395696745054906
826 4214.12850444915 16.404186276417434
827 4218.538983864106 16.412796165273537
828 4222.501521480318 16.420528736417413
829 4226.272084039924 16.427883771099353
830 4230.010650756764 16.43517322519237
831 4232.917325561647 16.440840566156638
832 4237.935725989187 16.450613696256585
833 4244.649906083406 16.46367696610677
834 4249.796289882017 16.473685124392563
835 4254.91067783786 16.483625100172663
836 4260.536999277983 16.49455215502963
837 4265.907353975966 16.50497577713074
838 4270.637791818599 16.51415304077615
839 4274.536337749275 16.521714249406777
840 4279.458750648513 16.531253787810755
841 4285.213055459706 16.542396924889484
842 4289.335572289755 16.55037822470621
843 4293.618068333642 16.558664803679367
844 4297.900564377529 16.566947237810297
845 4301.671126937135 16.574237297493653
846 4305.473685339509 16.58158589142721
847 4308.604331043765 16.58763523019002
848 4313.55873978577 16.597198560471178
849 4320.080944823384 16.609776744709833
850 4325.611278735205 16.620436079036182
851 4331.621550288539 16.63201188744716
852 4336.831925772684 16.642041842674217
853 4341.434380244246 16.650897635628773
854 4346.196813929647 16.660055966010454
855 4350.927251772278 16.669147849878357
856 4355.625693772144 16.678173395899776
857 4360.516110828614 16.687562147112647
858 4365.182556985711 16.696516424944246
859 4369.43305718683 16.704669226306294
860 4373.68355738795 16.712818050591466
861 4377.26214489095 16.71967713797018
862 4381.192686664394 16.727206645185742
863 4384.547303268024 16.733631592728788
864 4389.405724481726 16.742928101240537
865 4395.479987720595 16.75454148301241
866 4400.594375676438 16.764314932957838
867 4406.924605657447 16.776401694563027
868 4412.29496035543 16.78665030391761
869 4417.377352468505 16.79634412077574
870 4422.3957528960445 16.80591051639871
871 4427.318165795282 16.815288827229743
872 4432.3365662228225 16.82484445113358
873 4436.363095524569 16.83250937208562
874 4440.837566625061 16.841021859393912
875 4445.791975367066 16.850441382778346
876 4450.394429838628 16.859187707992263
877 4453.685054756721 16.86544097757081
878 4457.359629788026 16.872420045074676
879 4461.93008841682 16.881094339183033
880 4466.788509630523 16.89030968367769
881 4472.158864328506 16.900489218339697
882 4477.433231498186 16.910481011023005
883 4483.6354781081245 16.922221390777235
884 4489.22980370548 16.9328049561353
885 4493.768266491507 16.941387904347476
886 4498.49870433414 16.950328886958943
887 4504.2210133025665 16.961136345532736
888 4509.7513472143855 16.97157500292697
889 4513.2339471890855 16.978148664740676
890 4517.004509748691 16.985262238048467
891 4522.630831188813 16.995866781286132
892 4527.809210830193 17.005621936537707
893 4531.035844062751 17.011701023332215
894 4534.998381678962 17.019161487215946
895 4538.928923452407 17.026558556582067
896 4543.851336351643 17.035815399876654
897 4549.861607904977 17.04710914805002
898 4554.752024961448 17.056294817327075
899 4560.794292357548 17.067634995228346
900 4566.1646470555315 17.07770883166191
901 4570.095188828976 17.085080552687092
902 4574.441676558397 17.093227697758103
903 4580.963881596012 17.105441139614076
904 4587.230119891486 17.11716741435125
905 4590.232782224672 17.122788390748635
906 4593.331432086159 17.128586826166092
907 4598.829770155213 17.138863764608956
908 4604.040145639357 17.14859727239991
909 4607.362766400219 17.154804722685647
910 4611.389295701966 17.162322279633013
911 4616.407696129506 17.171684788967877
912 4621.490088242581 17.18116136613504
913 4626.348509456283 17.190215851213452
914 4631.302918198288 17.199444134540386
915 4637.569156493762 17.211106363255738
916 4643.195477933886 17.221571838808803
917 4646.870052965191 17.22840664161273
918 4650.448640468191 17.23506053991549
919 4657.546770675621 17.248241930420264
920 4664.836875939655 17.261769097445256
921 4667.263613103026 17.266275798057485
922 4669.850329480234 17.271077697561292
923 4675.57263844866 17.281684570402152
924 4681.102972360481 17.291929722824452
925 4684.201622221969 17.297671459657632
926 4688.196155680948 17.305067795731265
927 4693.726489592768 17.315299112723388
928 4698.904869234147 17.32487440544105
929 4703.283352806337 17.332967901309143
930 4708.237761548342 17.342120221982047
931 4714.887949957026 17.35439446130895
932 4720.1623171267065 17.36412506645999
933 4723.900883843546 17.37102164724329
934 4728.439346629572 17.379388180026528
935 4735.69745605084 17.392754489365547
936 4742.1236735601515 17.404581287035203
937 4744.518414880755 17.408992212939168
938 4747.681056427778 17.414812924437307
939 4753.371369553436 17.42527355541131
940 4758.421765823744 17.434553576461557
941 4761.712390741838 17.440600551733183
942 4766.282849370632 17.448992392573142
943 4772.261125081198 17.459960252389543
944 4777.37551303704 17.469339051046898
945 4781.62601323816 17.47713134677152
946 4786.356451080793 17.485798390774367
947 4791.8547891498465 17.49586550711689
948 4796.873189577386 17.505049623031795
949 4800.995706407435 17.51259220289909
950 4805.886123463904 17.521533844246903
951 4813.464191312848 17.535375620427335
952 4820.146375564299 17.54757302143001
953 4822.957062840879 17.552706233467067
954 4826.2796836017405 17.558770822039616
955 4831.618042456956 17.568504771940066
956 4836.252492771287 17.576952032945247
957 4840.215030387497 17.584172678552445
958 4845.2334308150375 17.593310696137706
959 4850.315822928113 17.602560286740506
960 4855.270231670118 17.61157250713858
961 4860.064661198286 17.62028962192508
962 4865.371024210734 17.629931537966417
963 4871.285308235764 17.640670837485537
964 4876.1117336067 17.649431584352588
965 4880.234250436749 17.65691248805915
966 4884.836704908311 17.66525952228972
967 4891.902839272973 17.678062235372245
968 4898.1690775684465 17.689408924772497
969 4900.787789788422 17.694153850250746
970 4904.6863357191 17.701211019622864
971 4910.47263637306 17.711675901865195
972 4915.363053429531 17.720517087341445
973 4919.357586888509 17.727737005364254
974 4924.695945743724 17.737378229945154
975 4931.154159095804 17.749033071965123
976 4936.268547051646 17.758259201146974
977 4940.167092982323 17.765290905020265
978 4945.249485095397 17.77445099960886
979 4950.971794063824 17.784757661918622
980 4955.830215277526 17.793505000851074
981 4960.080715478645 17.801155396411314
982 4965.035124220652 17.81006712432744
983 4972.13325442808 17.822823256959172
984 4977.7275800254365 17.832872335460888
985 4980.986209100763 17.838726901310665
986 4985.844630314465 17.847447789016886
987 4991.023009955843 17.856737730697365
988 4995.369497685265 17.864532963906694
989 5000.579873169409 17.873871301082055
990 5006.270186295068 17.884063424608307
991 5011.864511892423 17.894078111471803
992 5016.850916477195 17.903000766721437
993 5021.133412521082 17.910661549842562
994 5025.991833734784 17.919347428830875
995 5031.266200904466 17.928771415802625
996 5036.412584703076 17.937962170029778
997 5041.303001759546 17.94669187910316
998 5046.321402187086 17.955645403748377
999 5052.907598910235 17.967386572742427
1000 5058.597912035893 17.97752567908423
1001 5062.176499538895 17.98390241154348
1002 5066.874941538759 17.99226844315398
1003 5072.469267136115 18.002222935364287
1004 5077.5516592491895 18.01126253242833
1005 5081.994134506915 18.01916135815929
1006 5087.204509991059 18.02841960129941
1007 5093.37476075823 18.03937567176084
1008 5098.425157028539 18.048339939077742
1009 5102.835636443496 18.05616584792919
1010 5107.982020242106 18.065291790094136
1011 5112.93642898411 18.07407328155743
1012 5118.2427919965585 18.083473246585413
1013 5123.389175795169 18.092585414840208
1014 5128.407576222709 18.10146677634085
1015 5134.385851933275 18.112039530486864
1016 5139.564231574653 18.12119382808831
1017 5143.782735933004 18.128649467599857
1018 5148.833132203313 18.137569612511495
1019 5154.107499372993 18.14688027330466
1020 5159.061908114997 18.15562230218285
1021 5164.272283599143 18.1648109940251
1022 5169.5786466115915 18.17416402813393
