1 14.627859237536656 0.4851369803120887
2 20.269891225122265 0.4851369803120887
3 25.771334527034494 0.6036394477744439
4 30.593265848192047 0.6910002364497448
5 35.50892295979852 0.7699209060589208
6 40.471442966629446 0.8421241843540567
7 45.199648497338075 0.9055814456962632
8 50.27932574223015 0.969132528998358
9 55.546454568020074 1.0308977760349518
10 60.473827403432665 1.0855052352777477
11 65.27232727697799 1.136166064861278
12 70.445730312319 1.1883642378768386
13 75.72457486191504 1.2393613049084027
14 81.09714520196002 1.2891933358859475
15 86.41113692297439 1.336656234279481
16 91.54939278689706 1.3810005700413865
17 96.60563858417692 1.4232897265458109
18 101.45100135294669 1.4626699635571316
19 106.62440438828769 1.5035756240423892
20 112.00869045213877 1.544997471445031
21 117.04150480180638 1.5827378889982227
22 122.02745625624955 1.619260077410405
23 127.35316370107005 1.6573799039475585
24 132.8780384505945 1.69601883008106
25 138.40291320011895 1.7337968733302742
26 143.5060218926233 1.767976451958696
27 148.28109031855635 1.7993730611160703
28 153.13816881113226 1.8307560476590516
29 158.13583598938152 1.862494616215949
30 163.46154343420204 1.8957297125770498
31 168.72867225999195 1.9280361793852627
32 173.89035957152686 1.9591797333507093
33 179.0168997116434 1.989628959635435
34 184.2020184707905 2.0199589471845276
35 189.7503246679272 2.051914936596626
36 195.09946356035994 2.082260523440717
37 200.02683639577253 2.109829443026426
38 204.80190482170565 2.1362076109430372
39 209.95187640943442 2.16429437906122
40 215.3127310256733 2.1931481153939116
41 220.79074287997324 2.222244882221977
42 226.2570390104671 2.2509045872046785
43 231.24299046491024 2.2767335008128784
44 236.2172261955473 2.3022130419185065
45 241.6483751546228 2.329712532784067
46 247.05609266608616 2.3567747129722516
47 252.39351583471276 2.3831841120207455
48 257.6254974890843 2.4087912588170353
49 262.37713446740526 2.431815982800901
50 267.2459286837872 2.4551838594175566
51 272.0678600049448 2.4781098699227715
52 276.8897913261023 2.500825717892557
53 281.8054484377087 2.523772205664729
54 286.6508112064786 2.546188508867162
55 291.6836255561462 2.5692640894205865
56 296.77501852484437 2.5923990012203393
57 302.2647461029505 2.617113058009286
58 307.4615805859038 2.640296579186164
59 312.353806249898 2.6619379910392245
60 317.3046105329228 2.6836606141717576
61 321.7750701398969 2.703127733730471
62 326.73759014672777 2.724572349039428
63 332.2507491724462 2.7481978994901244
64 337.3538578649505 2.7698882344731084
65 342.31637787178147 2.7908199103059212
66 347.6303695927958 2.813059935924832
67 352.9795084852285 2.8352707425494112
68 358.16462724437554 2.8566362972642376
69 363.3497460035227 2.877843235156907
70 368.3005502865475 2.8979479136204582
71 373.05218726486845 2.917114285678523
72 377.8624028622199 2.9363892765104027
73 383.1061002403975 2.957256383261204
74 388.1037674186468 2.9770092048450807
75 392.83197294935553 2.9955781443066525
76 397.9702288132782 3.0156261546259535
77 403.09676895339464 3.035496544869051
78 408.1295833030623 3.0548782811121877
79 413.7247523954234 3.076280243508851
80 419.4839416210703 3.0981546426792885
81 424.34102011364615 3.1164862398100217
82 428.9754998539058 3.133878581708573
83 433.8794412417062 3.15217660091184
84 439.0059813818228 3.171191494183842
85 444.3082573790311 3.190738379711006
86 449.7159748904943 3.2105510383819005
87 454.7956521353864 3.229052194379725
88 459.9456237231152 3.2477015374282088
89 465.6930972249558 3.2683868824233926
90 471.3585606601537 3.2886499867880197
91 476.3093649431785 3.3062575761001494
92 480.82668744537705 3.3222435909788643
93 485.40258856660614 3.3383586353062276
94 490.20108844015147 3.3551736302389217
95 495.43307009452303 3.3734105747471466
96 500.67676747270076 3.3915899278877637
97 505.82673906042953 3.409350296043919
98 510.7892590672605 3.4263777347837987
99 515.6814847312547 3.4430817915782854
100 520.9486135570447 3.460974514406166
101 526.356331068508 3.479248647576554
102 531.3891454181756 3.4961712186565306
103 536.0704880536597 3.5118399362162322
104 540.7869778605624 3.527555787531924
105 545.8549393816481 3.5443638952222156
106 551.1923625502749 3.5619790686972688
107 556.3657655856158 3.5789706789466296
108 561.2931384210285 3.595080320652278
109 566.3610999421145 3.6115741858012695
110 571.6750916631289 3.6287874739217743
111 577.2468293078778 3.6467476362296147
112 582.7365568859839 3.6643575834272486
113 587.6873611690087 3.680168056371825
114 592.5444396615845 3.6956137807013274
115 597.1672036780382 3.7102554065330167
116 601.8954092087467 3.7251711094421998
117 607.1508223107305 3.7416784527969904
118 612.2304995556226 3.757565401706097
119 617.1110094958108 3.7727670314778092
120 622.2375496359273 3.7886685317210995
121 627.5984042521661 3.8052250577427857
122 633.1467104493028 3.8222844607369426
123 638.5075650655416 3.838696001979185
124 643.200623424832 3.853007664074978
125 647.8585346127038 3.867159884737668
126 652.7741917243103 3.8820384399097905
127 658.1701935119676 3.8983040536703806
128 663.695068261492 3.9148877660596133
129 668.9621970872819 3.930633356943164
130 674.3581988749391 3.946698700514136
131 679.7542006625963 3.962698913438372
132 685.197065345478 3.978772774357157
133 690.5579199617167 3.9945414363585745
134 695.7781858922823 4.009837351711697
135 700.6001172134398 4.023915547206035
136 705.1291554394444 4.037094767985456
137 709.951086760602 4.051078240365115
138 715.019048281688 4.065722629147804
139 719.9698525647127 4.0799780539953066
140 725.0026669143803 4.094418512998193
141 729.9066083021808 4.108440740478889
142 734.6230981090832 4.121882508584331
143 740.0542470681586 4.137304800181508
144 745.6962790557442 4.153264727810074
145 750.7759563006365 4.167582992964232
146 755.4690146599266 4.180768956430652
147 760.267514533472 4.194208003685703
148 765.2066030926907 4.20799556626803
149 770.0402501376544 4.221445480633874
150 775.178506001577 4.23569529496405
151 780.4339191035608 4.250220286206711
152 785.525312072259 4.264245197174415
153 790.9447453075285 4.279122360985715
154 796.6453559141446 4.294715083890584
155 801.9593476351589 4.309200399510654
156 806.7812789563166 4.3223036481726895
157 811.4626215918007 4.3349873557425616
158 816.1322485034789 4.34760248936356
159 820.9893269960548 4.360684774033798
160 826.4321916789365 4.375296768207876
161 831.7696148475633 4.3895787125842665
162 836.4158103116291 4.401975042217764
163 841.3900460422661 4.415207099215628
164 846.6103119728315 4.429050465885519
165 851.6665577701115 4.442418159133259
166 856.8633922530648 4.456115389917139
167 861.9547852217628 4.469494265417331
168 866.6478435810532 4.4817920581401305
169 871.5283535212413 4.494544846601836
170 876.8540609660618 4.508418605878251
171 882.0977583442395 4.522037334981108
172 887.1657198653254 4.5351612150581655
173 892.2688285578297 4.5483377604657385
174 897.5359573836196 4.561897494371125
175 902.931959171277 4.575747020441058
176 908.8083056349848 4.5907807628020745
177 914.4503376225704 4.605169367328409
178 919.1785431532791 4.617194983395795
179 924.0004744744366 4.629426558285535
180 928.7872586241758 4.641537186462887
181 933.4803169834661 4.6533803323097676
182 938.5482785045521 4.666134814247459
183 943.510798511383 4.678590497684059
184 948.3795927277649 4.690779024251531
185 953.4124070774325 4.70334454328589
186 958.7146830746408 4.7165459615945675
187 964.309852167002 4.730435987520171
188 969.4246765833124 4.7430990170040905
189 973.9654305331231 4.754313897516957
190 978.9045190923417 4.766481568586317
191 983.7733133087238 4.778445913998781
192 988.9232848964526 4.791067997346384
193 994.5536011602321 4.80482829334144
194 999.6684255765425 4.817295774765511
195 1004.7481028214346 4.829645813674856
196 1009.9800844758062 4.842332857447153
197 1015.2706447492083 4.85512810345109
198 1020.6783622606716 4.8681716756103475
199 1026.097795495941 4.881208512436008
200 1031.2126199122515 4.893481398243685
201 1035.8939625477353 4.904688241101355
202 1040.797903935536 4.916400014323722
203 1045.9244440756524 4.9286131183417226
204 1050.945542701514 4.940546001447667
205 1055.9080627083447 4.95231155448725
206 1060.894014162788 4.9641045220394515
207 1065.9971228552924 4.976145379954564
208 1071.4985661572048 4.989092656554521
209 1077.1171666971782 5.002280819047985
210 1082.571747103866 5.015051148331796
211 1087.3819627012174 5.026287322455774
212 1092.004726717671 5.037062458762803
213 1097.2601398196548 5.049282727574285
214 1102.574131540669 5.061609081539732
215 1108.040427671163 5.074257151392978
216 1113.2724093255345 5.086334088046915
217 1118.4106651894572 5.098167037381619
218 1123.9121084913697 5.110805204103124
219 1129.2026687647717 5.122929946124173
220 1134.5635233810106 5.135186435731005
221 1139.701779244933 5.1469070727507935
222 1144.3948376042233 5.157589890573084
223 1149.1933374777689 5.168489643064852
224 1154.191004656018 5.1798169542814785
225 1159.2472504532977 5.191251751851191
226 1164.1511918410981 5.2023184359997074
227 1169.0082703336743 5.213256314676309
228 1173.9122117214745 5.2242763863483335
229 1178.8044373854686 5.235247043171181
230 1183.9778404208098 5.246822642128742
231 1189.397273656079 5.25892088898642
232 1194.3012150438797 5.269845469751661
233 1199.0762834698126 5.280461528451075
234 1204.1208135432864 5.291652908904689
235 1209.1301964453419 5.302743017918299
236 1214.2684523092646 5.314094109055437
237 1219.2544037637076 5.325085931036448
238 1224.1817765991202 5.335926495380525
239 1229.3434639106554 5.347258482873026
240 1234.6105927364451 5.358797033712752
241 1240.2643404478367 5.371154164103236
242 1245.8126466449735 5.38325345987731
243 1250.7634509279983 5.394028015982104
244 1255.6439608681865 5.4046287164713736
245 1260.2901563322523 5.414701705656752
246 1264.8191945582569 5.424502963027235
247 1270.027744765016 5.435751298571275
248 1275.177716352745 5.4468504093746075
249 1279.8707747120352 5.456946073209251
250 1284.8098632712538 5.46755030644109
251 1290.1238549922682 5.478935734685116
252 1295.461278160895 5.490347552650214
253 1300.529239681981 5.501161862415704
254 1305.702642717322 5.512179067430526
255 1310.6651627241529 5.522726954295917
256 1315.6979770738203 5.533403568347936
257 1320.9065272805797 5.544430974792067
258 1326.033067420696 5.555263540434562
259 1331.2064704560373 5.5661736622749896
260 1336.3447263199598 5.576988607162488
261 1341.7524438314233 5.588347563163416
262 1347.0898670000495 5.599536404989002
263 1352.4975845115132 5.610849713999783
264 1358.0576064324557 5.622457628846798
265 1363.0084107154805 5.63277464595348
266 1367.596027560516 5.642318728022061
267 1372.3476645388366 5.652186680767102
268 1377.146164412382 5.662134401916648
269 1381.8509384954782 5.671871081534395
270 1386.6494383690238 5.681784339155534
271 1391.7408313377216 5.692283188406487
272 1396.9025186492565 5.702907119668771
273 1401.935332998924 5.713247032473544
274 1407.4719234722547 5.7245993655815495
275 1413.0319453931975 5.7359770895203885
276 1417.6898565810695 5.7454930759863005
277 1422.6055136926757 5.755518009790214
278 1427.5797494233127 5.765644544860142
279 1432.5305537063375 5.775705795969381
280 1437.7156724654849 5.786224001271047
281 1442.9242226722442 5.796770478198458
282 1448.167920050422 5.8073687079474325
283 1453.3764702571814 5.817876854495554
284 1458.8193349400628 5.828837037134867
285 1464.332493965781 5.83991767194426
286 1469.6347699629894 5.850555044614462
287 1474.7613101031056 5.8608218279957605
288 1479.6769672147122 5.870649825558032
289 1484.3348784025843 5.8799478644821574
290 1489.3559770284457 5.889953684975689
291 1494.447369997144 5.90008212074211
292 1499.210722699271 5.909542892095959
293 1504.2083898775204 5.919452312749472
294 1509.4989501509226 5.929923868105166
295 1514.719216081488 5.94023832703032
296 1519.8574719454105 5.950373439351215
297 1525.2651894568742 5.961020938566706
298 1530.403445320797 5.971120775520047
299 1535.0379250610565 5.9802167015764285
300 1539.9887293440813 5.989917547156426
301 1545.2324267222593 6.000174627030975
302 1550.394114033794 6.010254343488297
303 1555.5323698977165 6.020271585172581
304 1561.0806760948533 6.0310687873671185
305 1566.523540777735 6.04164222950631
306 1571.6500809178517 6.05158483364497
307 1577.174955667376 6.06228098365476
308 1582.4069373217476 6.072393230148008
309 1586.877396928722 6.081021690008469
310 1591.359572259502 6.089660463730976
311 1596.1229249616292 6.098827159835676
312 1601.0385820732358 6.108272227100091
313 1606.0713964229033 6.1179270704104765
314 1610.8933277440608 6.127163485881985
315 1615.7504062366368 6.136453102215926
316 1620.7597891386922 6.146019010827843
317 1625.534857564625 6.155124073473013
318 1630.6379662571294 6.164839129819823
319 1635.8348007400825 6.174716735544804
320 1640.6684477850463 6.183890524940578
321 1645.6309677918769 6.193294516227793
322 1650.8160865510242 6.203104683626425
323 1655.556007805539 6.212059790867441
324 1660.6005378790123 6.221575636458955
325 1665.820803809578 6.231407361148547
326 1670.7481766449905 6.240673769053938
327 1675.9684425755559 6.250475453287897
328 1681.5987588393355 6.261029129899673
329 1687.0767706936354 6.271280525216375
330 1691.804976224344 6.280116562522825
331 1696.8026434025933 6.2894421476206235
332 1701.5659961047202 6.298318084241846
333 1706.0481714355003 6.30665921542163
334 1710.952112823301 6.3157717515682075
335 1716.1958102014785 6.325500466448549
336 1721.3106346177888 6.334975911881593
337 1726.1208502151403 6.343874685995586
338 1731.481704831379 6.353776398995756
339 1737.07687392374 6.364094071635601
340 1742.2502769590812 6.373619818246898
341 1747.318238480167 6.382937816958148
342 1752.1870326965493 6.391877187844979
343 1756.751218093972 6.400246508396997
344 1761.713738100803 6.409333062693445
345 1767.1448870598786 6.419262099616032
346 1772.4471630570868 6.428940956218503
347 1777.4799774067546 6.438114930400255
348 1782.8291162991873 6.447850637033551
349 1788.2602652582627 6.457720451717113
350 1793.5273940840527 6.467278082655525
351 1799.0288373859648 6.477245440126507
352 1804.1553775260813 6.486520381613509
353 1808.8367201615656 6.494979076835305
354 1813.6117885874985 6.503595612191624
355 1818.2696997753703 6.511989972475533
356 1823.0564839251094 6.520605079007641
357 1828.1010139985835 6.529671289678206
358 1833.2509855863123 6.538913851201352
359 1838.2017898693368 6.54778701374378
360 1842.8362696095967 6.556082920412022
361 1848.2088399496417 6.565685514286127
362 1853.827440489615 6.575712442727086
363 1858.8368233916704 6.584640243414793
364 1863.5298817509604 6.5929938722106485
365 1868.3049501768937 6.601482475732017
366 1873.337764526561 6.6104170001518
367 1878.6283247999634 6.619795639935133
368 1884.0243265876204 6.629347355541861
369 1889.3031711372166 6.638678576544397
370 1894.28912259166 6.647480516383191
371 1899.4273784555826 6.656538883046546
372 1905.03426327175 6.666408571492681
373 1910.4419807832128 6.675914154957759
374 1915.3693536186256 6.684564398339429
375 1920.2264321112016 6.693080418500657
376 1924.966353365716 6.701380799342841
377 1929.8000004106798 6.709834564132984
378 1935.0319820650514 6.718972294540209
379 1940.1936693765863 6.727975209032251
380 1945.132757935805 6.736578977559956
381 1949.9546892569624 6.7449682775211715
382 1955.0929451208854 6.753895894266015
383 1960.7701242798892 6.763745278272644
384 1966.341861924638 6.773397964154343
385 1971.4684020647549 6.782267920854943
386 1976.5012164144223 6.7909645992861005
387 1981.4285892498347 6.79946847775167
388 1986.4965507709207 6.808203666720278
389 1991.9394154538024 6.817571948937799
390 1997.2065442795924 6.826625787665131
391 2002.2393586292599 6.835266028715605
392 2007.7056547597535 6.844637377352499
393 2013.089940823605 6.853855729223366
394 2018.4390797160377 6.86300170023724
395 2023.7413557132459 6.87205560603493
396 2028.5398555867912 6.880239818753638
397 2033.2680611174999 6.888294750987245
398 2038.1134238862699 6.896539302656064
399 2043.0407967216822 6.904913159791467
400 2048.0384638999312 6.913395998614182
401 2052.8252480496703 6.921511498828342
402 2057.5768850279915 6.929558072060981
403 2062.621415101465 6.9380899121395885
404 2067.5370722130715 6.946393920858945
405 2072.8627796578917 6.955378742488447
406 2078.305644340774 6.964549056676983
407 2082.9166926334215 6.972309732942849
408 2087.6214667165173 6.980219093428782
409 2092.75972258044 6.9888462050673406
410 2097.640232520628 6.997031127827811
411 2102.66133114649 7.005441608201565
412 2107.8464499056367 7.014115972609276
413 2112.7972541886616 7.022388717603959
414 2117.7011955764624 7.030573636594368
415 2123.2026388783743 7.039743486294004
416 2129.184426856337 7.049699725319841
417 2134.392977063096 7.05835859114587
418 2138.9923096319376 7.0659968110708515
419 2143.872819572126 7.074092468986436
420 2148.6947508932835 7.082081968152782
421 2153.4698193192166 7.089985026925271
422 2158.701800973588 7.098633424736748
423 2163.722899599449 7.106923667869255
424 2168.4979680253828 7.114799132745067
425 2173.6479396131112 7.123282522931052
426 2179.0439414007687 7.13215997769404
427 2184.3227859503645 7.140834183039145
428 2189.3556003000326 7.149094688711245
429 2194.4704247163427 7.157479900163084
430 2199.432944723174 7.165606287085968
431 2204.3837490061987 7.173704334961453
432 2209.920339479529 7.182748786348696
433 2215.4803614004722 7.1918200340998375
434 2220.5131757501395 7.200022044506446
435 2225.616284442644 7.208328972659989
436 2230.9537076112706 7.217006723162456
437 2236.197404989448 7.2255220832342575
438 2241.6754168437483 7.234406889013905
439 2247.0831343552113 7.24316709721004
440 2251.8464870573384 7.250875654714214
441 2256.469251073792 7.258349104701785
442 2261.3614767377867 7.266249346657531
443 2266.3591439160355 7.274310830394465
444 2271.3099481990603 7.282287997677171
445 2276.1670266916362 7.290105813641046
446 2281.21155676511 7.298216174446369
447 2286.396675524257 7.306542963689561
448 2291.7809615881083 7.315179260264133
449 2297.3878464042755 7.324161450320373
450 2302.502670820586 7.332346459588381
451 2307.148866284652 7.339774356325499
452 2311.9590818820034 7.347456282909681
453 2317.1442006411503 7.355727331852356
454 2322.35275084791 7.364026369085585
455 2327.326986578547 7.371943693575244
456 2332.5472525091122 7.380243093668423
457 2337.8846756777384 7.388718940772017
458 2343.1400887797226 7.397055186709478
459 2348.641532081635 7.405771271681884
460 2354.0258181454856 7.41429198629416
461 2358.988338152317 7.422137198833852
462 2363.76340657825 7.42967854464128
463 2368.7845052041116 7.437599800932648
464 2373.93447679184 7.445715412303803
465 2379.0961641033755 7.453840601969701
466 2384.4218715481957 7.4622144613570365
467 2389.5835588597306 7.470321705645596
468 2394.1477442571536 7.477484053449707
469 2399.1922743306272 7.485391394206604
470 2404.998326451499 7.494480932211986
471 2410.2537395534823 7.502699666972649
472 2415.204543836507 7.510434256200522
473 2420.4951041099093 7.518690319152568
474 2425.5982128024134 7.526645551109017
475 2430.5724485330506 7.534391993298806
476 2436.109039006381 7.543003973950569
477 2441.3058734893343 7.551079010227181
478 2446.0692261914614 7.558473548324072
479 2451.4769437029245 7.566858591450548
480 2457.083828519092 7.5755423755378395
481 2462.7961548495146 7.584379095974002
482 2468.274166703814 7.592843994970088
483 2473.049235129747 7.600215958138499
484 2477.6251362509765 7.607274052541201
485 2482.2947631626544 7.614469813554909
486 2487.444734750383 7.6223971127017505
487 2492.62985350953 7.630370141416131
488 2497.1940389069537 7.637382397050035
489 2501.9808230566928 7.64472936561708
490 2507.447119187186 7.653109578312948
491 2512.3510605749866 7.660620639093791
492 2517.372159200848 7.668303338955769
493 2522.9087496741786 7.676765096092827
494 2527.7892596143665 7.684217309934454
495 2532.5408965926877 7.691466005382122
496 2537.843172589896 7.699545780559117
497 2543.0751542442677 7.707510236366277
498 2548.1665472129653 7.715252987688283
499 2553.421960314949 7.723236789943413
500 2558.6773734169333 7.731212347558298
501 2563.6750405951825 7.738789495291308
502 2568.86015935433 7.746642731126944
503 2574.4904756181095 7.755160602915947
504 2579.7693201677052 7.763138724720776
505 2584.5326728698324 7.770331461480937
506 2589.389751362408 7.777658729608188
507 2594.2936927502083 7.785049625576887
508 2598.95160393808 7.792063602627905
509 2604.2187327638703 7.799986381607958
510 2609.497577313466 7.807918700621139
511 2614.2374985679803 7.815035096836945
512 2619.4226173271277 7.82281179091534
513 2625.0880807623253 7.831299396555313
514 2630.378641035727 7.839217539850254
515 2635.3060138711394 7.846585437518503
516 2640.4325540112563 7.854243515305932
517 2645.313063951445 7.86152749301511
518 2650.1584267202143 7.868752397936653
519 2655.58957567929 7.876842000133386
520 2660.9269988479164 7.884784040108391
521 2665.9832446451965 7.892300705775485
522 2671.3558149852415 7.90027932693349
523 2676.9275526299903 7.908544950559958
524 2682.3587015890657 7.916593890686757
525 2687.6844090338864 7.924478770100464
526 2692.764086278778 7.931992428245652
527 2697.586017599935 7.939118630276949
528 2702.454811816317 7.94630753463199
529 2707.464194718373 7.953697029728435
530 2712.5438719632657 7.961183112118722
531 2717.447813351066 7.968403786400933
532 2722.4571962531218 7.975772809508213
533 2727.548589221819 7.983255384192125
534 2732.7219922571603 7.990851191466076
535 2738.0945625972054 7.9987315105173575
536 2743.3616914229956 8.006449783968819
537 2748.25391708699 8.01361254274813
538 2752.876681103444 8.020375299877683
539 2757.9329269007235 8.027765007903774
540 2763.2117714503197 8.035472475490407
541 2768.2914486952113 8.04288244402076
542 2773.4648517305527 8.05042199162625
543 2778.907716413434 8.05834625432909
544 2784.233423858255 8.066092567183551
545 2789.406826893596 8.073610440025949
546 2795.02542743357 8.081766724808697
547 2800.3042719831656 8.089422740620295
548 2804.856741656783 8.096020451051928
549 2809.67867297794 8.103002399587156
550 2814.559182918129 8.110062959892632
551 2819.439692858317 8.117117378671422
552 2824.6482430650763 8.124638719546713
553 2829.821646100417 8.132102468493612
554 2834.725587488217 8.139171512907456
555 2839.7466861140792 8.146402914087584
556 2845.0723935589 8.154065574078293
557 2850.5386896893933 8.161922845169883
558 2855.6652298295103 8.16928532369594
559 2860.803485693433 8.176657959445919
560 2866.0940459668345 8.184241979827977
561 2871.0097030784405 8.19128278471642
562 2876.0776645995275 8.198535189093011
563 2881.368224872929 8.206098990714446
564 2886.5064807368512 8.213438581448154
565 2891.609589429356 8.220721529642741
566 2897.064169836044 8.228498471513523
567 2902.495318795119 8.236234739899773
568 2907.633574659042 8.24354749950216
569 2913.0412921705056 8.251236388496126
570 2917.956949282112 8.258220075394915
571 2922.3336830986373 8.264433915006695
572 2926.979878562703 8.271024781358594
573 2932.0009771885643 8.278141002421885
574 2937.1626645000993 8.285449907792094
575 2942.136900230736 8.292487541816874
576 2947.1462831327913 8.299568822351548
577 2952.2259603776834 8.306743209039464
578 2957.329069070188 8.313944423535311
579 2962.443893486499 8.321155901118132
580 2967.5001392837785 8.32827872984264
581 2972.1697661954563 8.33485204625863
582 2976.6050786310125 8.341091075915786
583 2981.7081873235165 8.348262661981389
584 2986.9870318731123 8.355674500342403
585 2991.949551879943 8.362636623455526
586 2996.783198924907 8.369412557413598
587 3001.8042975507688 8.376445193417243
588 3006.860543348049 8.383521047242564
589 3011.9050734215225 8.390574575345045
590 3017.5471054091086 8.398455726744828
591 3022.9899700919896 8.406051909516922
592 3027.7181756226987 8.41264603548779
593 3032.5401069438562 8.419365419214953
594 3037.526058398299 8.426307497077069
595 3042.289411100426 8.432934613603877
596 3047.3339411739 8.439946845341266
597 3052.60106999969 8.447261989429299
598 3057.6690315207757 8.454294808300798
599 3062.514394289545 8.461013561167672
600 3067.8401017343667 8.468391549165478
601 3073.2478192458293 8.475876473396223
602 3078.21033925266 8.482739942527944
603 3083.184574983297 8.489614030638554
604 3087.924496237812 8.496159456984016
605 3092.6409860447143 8.50266755877505
606 3097.9432620419225 8.509977175646393
607 3103.772745610406 8.518005675132326
608 3109.2976203599305 8.525608037410988
609 3114.213277471537 8.532367155858907
610 3119.4921220211336 8.539619204895466
611 3124.899839532596 8.547041752964224
612 3130.0146639489067 8.554056720643896
613 3135.141204089023 8.561081973059293
614 3139.8459781721194 8.56752473761348
615 3144.5390365314097 8.573946652121675
616 3149.3609678525677 8.580539722959895
617 3154.2766249641736 8.587255604214052
618 3159.2625764186164 8.594062065468824
619 3164.0142133969384 8.600543961330748
620 3168.7775660990646 8.607036922937182
621 3174.0212634772424 8.614178308227537
622 3179.2532451316133 8.621297857208221
623 3184.3797852717303 8.628268361157462
624 3189.6937769927445 8.63548755679124
625 3194.515708313903 8.642033677749732
626 3199.150188054162 8.64832091040377
627 3204.0541294419622 8.654968337768283
628 3209.368121162977 8.662165281216755
629 3214.529808474512 8.669150424215198
630 3219.3165926242505 8.675623682043206
631 3224.513427107204 8.68264542291624
632 3229.7336930377687 8.68969308091402
633 3234.965674692141 8.696750810345796
634 3240.478833717859 8.704181286419875
635 3245.6288053055873 8.71111698171061
636 3250.2164221506227 8.717291407629958
637 3254.8860490623006 8.723571603226024
638 3260.0125892024166 8.730460450976183
639 3265.3382966472377 8.73761092254475
640 3270.4648367873538 8.74448871022321
641 3275.5796612036643 8.751345408352957
642 3280.729632791393 8.758243754228664
643 3285.6687213506116 8.76485479434974
644 3291.135017481106 8.772164995608149
645 3296.531019268762 8.779375305572636
646 3301.29437197089 8.785736105649873
647 3306.3506177681697 8.792482583966601
648 3311.4654421844793 8.79930188381074
649 3316.498256534148 8.806006795417218
650 3321.7771010837437 8.813033675368198
651 3326.9739355666975 8.819946021990914
652 3332.1004757068135 8.826759654611717
653 3337.1918686755116 8.833521416775032
654 3342.728459148843 8.840867992622222
655 3348.663384231582 8.848735879313693
656 3354.0242388478196 8.855837349379977
657 3358.92818023562 8.862329124847358
658 3363.761827280584 8.868723289028162
659 3368.3025812303945 8.874726200191658
660 3372.94877669446 8.880864154275944
661 3378.087032558383 8.887646528329071
662 3382.9558267747652 8.89406878890974
663 3387.5200121721887 8.900085449343354
664 3392.6231208646927 8.90680695548769
665 3397.6442194905544 8.913415600343917
666 3402.653602392609 8.920003961334103
667 3407.9910255612363 8.92701798666827
668 3412.918398396649 8.93348876562121
669 3417.576309584521 8.93960172715676
670 3422.245936496199 8.945725854912862
671 3427.6536540076618 8.952811716636889
672 3433.0145086239017 8.95983069763992
673 3437.7895770498335 8.966078786669252
674 3442.939548637563 8.972812045894276
675 3447.9957944348425 8.979417970123766
676 3453.204344641602 8.986217606212842
677 3458.705787943514 8.993393661986154
678 3463.949485321692 9.000228491132134
679 3468.77141664285 9.006509514592809
680 3473.3473177640794 9.012466340385096
681 3478.286406323298 9.018891031835594
682 3483.225494882517 9.025311149853765
683 3488.0122790322557 9.031529136665235
684 3493.0450933819234 9.038061771471362
685 3497.9724662173367 9.044453105418462
686 3502.8061132622993 9.05071860331247
687 3508.190399326151 9.05769202202766
688 3513.9027256565732 9.065084045599438
689 3519.076128691914 9.07177408166141
690 3523.792618498817 9.077869523475785
691 3528.4036667914647 9.083824884622103
692 3533.2958924554587 9.090138743526172
693 3538.3872854241563 9.096704732863302
694 3543.689561421365 9.103537384548625
695 3549.0035531423787 9.110379977982253
696 3553.954357425403 9.11675072419657
697 3558.9168774322343 9.123132066753506
698 3564.4651836293706 9.130260646123068
699 3570.0369212741193 9.137413707258652
700 3574.987725557144 9.143765618251438
701 3579.657352468823 9.149753095717363
702 3584.3269793805002 9.155736657618643
703 3589.2309207683006 9.162015940943684
704 3594.2520193941623 9.168440632094239
705 3599.3785595342792 9.174995465594762
706 3604.036470722151 9.180947625838423
707 3608.6240875671856 9.18680628536818
708 3613.797490602527 9.193407744672404
709 3618.9240307426435 9.199944789467507
710 3624.120865225597 9.206566645438992
711 3629.341131156162 9.213213538028219
712 3634.16306247732 9.219349458674978
713 3638.891268008028 9.225362272240908
714 3643.572610643513 9.231311694527864
715 3648.6757193360168 9.237792200425247
716 3653.9897110570305 9.244535422052477
717 3658.8702209972193 9.250724755136225
718 3664.020192584948 9.25725097950116
719 3669.5099201630537 9.264202279438296
720 3675.1402364268333 9.271326024234474
721 3680.594816833521 9.278222398467074
722 3685.533905392739 9.28446319304279
723 3690.3909838853147 9.290596378916494
724 3695.0488950731874 9.296474524820688
725 3699.8942578419574 9.302585036818606
726 3705.137955220135 9.309192859769059
727 3709.9247393698743 9.315221355133414
728 3714.9106908243175 9.321496278396415
729 3720.0020837930156 9.327899414578837
730 3724.9528880760404 9.334121700107568
731 3730.290311244667 9.340824769606893
732 3735.7800388227733 9.347713921241716
733 3740.8480003438594 9.354069763529722
734 3745.447332912701 9.359834724707575
735 3750.6675988432658 9.366372850481577
736 3756.1456106975656 9.37322858116371
737 3761.2018564948453 9.379552500305143
738 3766.410406701605 9.386062267533097
739 3771.478368222691 9.392392159488091
740 3776.6634869818386 9.398863826490105
741 3782.071204493301 9.405608315850627
742 3787.3734804905093 9.412216726477103
743 3792.5585992496563 9.41867477182784
744 3797.1696475423037 9.42441477794221
745 3801.7689801111446 9.43013673493424
746 3806.344881232374 9.435826129156881
747 3810.873919458379 9.441453943875851
748 3815.730997950954 9.44748521392327
749 3820.541213548306 9.453454558773444
750 3825.081967498117 9.459086395937618
751 3829.997624609723 9.465178937591466
752 3835.2764691593197 9.471716803350105
753 3840.5318822613035 9.478221196636381
754 3845.529549439553 9.484402750925355
755 3850.2929021416794 9.4902910231342
756 3855.044539120001 9.49616119015648
757 3859.608724517424 9.50179660554724
758 3864.395508667163 9.507702978529956
759 3869.5571959786985 9.514067355579371
760 3874.5900103283657 9.520268887221622
761 3879.4822359923596 9.52629348314841
762 3884.526766065834 9.532501459844811
763 3889.8290420630424 9.539021962283151
764 3895.1898966792814 9.545609906849336
765 3900.3515839908155 9.551949026889424
766 3905.1500838643615 9.557838768436136
767 3909.9251522902937 9.563696178874071
768 3914.8408094019005 9.569722121181133
769 3919.721319342088 9.575701269480515
770 3924.59011355847 9.581662361598289
771 3929.365181984403 9.58750521721157
772 3934.0699560675002 9.593258667952053
773 3938.8801716648513 9.59913736216608
774 3944.006711804968 9.605398287795285
775 3949.3792821450124 9.611955018640542
776 3954.56440090416 9.618278953724515
777 3959.3043221586745 9.624056793314548
778 3963.9270861751284 9.629688630819887
779 3968.772448943898 9.635587833813938
780 3973.676390331698 9.6415546081318
781 3978.5334688242738 9.647460782742655
782 3983.753734754839 9.653804113143906
783 3989.07944219966 9.660271155752735
784 3994.358286749256 9.666677075650552
785 3999.82458287975 9.673305785978503
786 4005.3025947340498 9.679944136695786
787 4010.3236933599114 9.68602529480909
788 4014.9230259287533 9.69159279708667
789 4019.721525802298 9.697397725971088
790 4024.37943699017 9.703029432624275
791 4028.873328044756 9.70845994254064
792 4033.8592794991996 9.714480862554666
793 4038.903809572673 9.720568655372404
794 4043.514857865321 9.726130496401835
795 4048.278210567448 9.731872512269105
796 4053.3813192599523 9.73801990816252
797 4058.4844279524573 9.744163425788805
798 4063.4352322354816 9.750120065537603
799 4068.4563308613438 9.756157482048422
800 4073.430566591981 9.762134923836353
801 4078.1001935036593 9.767743357718699
802 4083.086144958102 9.77372775737499
803 4088.32984233628 9.780017260128748
804 4093.1517736574383 9.785797788237828
805 4097.938557807176 9.791532849714528
806 4103.416569661476 9.798091100186028
807 4108.964875858614 9.804728959347226
808 4114.09141599873 9.81085868493222
809 4119.217956138847 9.816984583117048
810 4124.016456012392 9.822715409513032
811 4128.38147410511 9.827926160781503
812 4132.9573752263395 9.833385404930338
813 4137.990189576007 9.83938568003084
814 4142.999572478063 9.845354415467114
815 4147.950376761088 9.851249869436698
816 4153.1706426916535 9.857462061325583
817 4158.238604212739 9.863489437216328
818 4163.35342862905 9.869568761154525
819 4168.796293311931 9.876033497440021
820 4173.887686280629 9.882077325284365
821 4178.592460363727 9.887659371311166
822 4183.461254580107 9.893432501028958
823 4188.658089063061 9.899590492544405
824 4193.854923546014 9.905744655892105
825 4198.899453619487 9.911714974846815
826 4204.1900138928895 9.917972330129324
827 4209.257975413976 9.923962954828866
828 4214.185348249388 9.929784092315264
829 4219.9093903036155 9.93654118012117
830 4225.399117881722 9.943017590305185
831 4230.162470583849 9.948634427052765
832 4235.148422038293 9.954510080167887
833 4239.923490464226 9.96013421669376
834 4244.370518623588 9.965369528252463
835 4249.215881392358 9.971070133703007
836 4254.260411465831 9.977001361435796
837 4258.871459758479 9.982420328523594
838 4263.564518117769 9.987932552792424
839 4268.550469572212 9.993785101359505
840 4273.64186254091 9.999757760690866
841 4278.534088204905 10.005493646720936
842 4283.274009459419 10.011048009267409
843 4288.084225056771 10.01668150992895
844 4292.765567692255 10.022161195011456
845 4297.470341775352 10.027665261613572
846 4302.6671762583055 10.033740871012718
847 4308.121756664994 10.040113569795897
848 4313.060845224212 10.045881066484409
849 4317.929639440594 10.051563321756895
850 4323.103042475935 10.057597200435636
851 4328.358455577919 10.063722934168705
852 4333.625584403709 10.069858572074597
853 4338.377221382029 10.07539107465496
854 4342.988269674677 10.080757151943802
855 4347.845348167253 10.086406151322487
856 4352.585269421767 10.091915981552763
857 4357.442347914343 10.097558738214401
858 4362.369720749755 10.103279856703544
859 4367.027631937628 10.108685442607033
860 4371.814416087367 10.114237419219192
861 4376.917524779871 10.12015255364485
862 4381.938623405733 10.125969347730358
863 4387.217467955329 10.1320808382787
864 4392.414302438282 10.138093873163427
865 4397.271380930858 10.143710941960235
866 4402.198753766271 10.149406044947922
867 4407.254999563549 10.155246631001221
868 4412.135509503739 10.16088123452729
869 4417.250333920048 10.16678273178138
870 4422.6463357077055 10.173004627993333
871 4427.702581504986 10.178831673252581
872 4432.946278883163 10.184871013692014
873 4438.248554880371 10.190974118332392
874 4443.257937782426 10.196737050953235
875 4448.267320684481 10.20249672835254
876 4452.960379043771 10.207890112841824
877 4457.41912292694 10.213011861948036
878 4462.205907076679 10.218507155502198
879 4467.47303590247 10.224549909552046
880 4472.634723214004 10.230468345656242
881 4477.374644468519 10.235900629683657
882 4482.161428618258 10.241383641652952
883 4487.39341027263 10.24737272242412
884 4492.625391927 10.253358304918795
885 4497.517617590995 10.25895240125048
886 4502.468421874019 10.264610308971392
887 4507.419226157045 10.270265099741122
888 4512.077137344917 10.27558284155523
889 4517.016225904136 10.28121824694012
890 4522.611394996497 10.287597749980623
891 4527.585630727134 10.293266581705849
892 4532.184963295976 10.29850580690826
893 4537.55753363602 10.30462152959106
894 4543.082408385544 10.310906681475297
895 4548.466694449396 10.317028357218419
896 4553.487793075257 10.322734213655771
897 4558.2745772249955 10.328171127578093
898 4563.002782755705 10.333538767211023
899 4567.6489782197705 10.338810688458718
900 4572.705224017051 10.34454433617182
901 4577.820048433361 10.35034111399734
902 4582.618548306907 10.355776788210079
903 4587.66307838038 10.361487800605582
904 4592.906775758558 10.36742073879671
905 4598.091894517705 10.373284124447906
906 4603.2418661054335 10.379104524413847
907 4608.075513150398 10.384564795355688
908 4612.897444471555 10.390008986175367
909 4617.965405992641 10.395727599375126
910 4623.244250542238 10.401680595108148
911 4628.511379368027 10.407616997589816
912 4633.684782403368 10.413444569566915
913 4638.893332610128 10.419308402551042
914 4644.113598540694 10.425182103343202
915 4649.3338644712585 10.431052496668974
916 4654.35496309712 10.43669601504204
917 4659.434640342013 10.442402205161793
918 4664.490886139292 10.448079004563665
919 4669.172228774777 10.45333255153805
920 4673.806708515037 10.45853096352502
921 4678.558345493357 10.463857967339965
922 4683.345129643096 10.469221592621986
923 4688.17877668806 10.47463488698557
924 4692.906982218769 10.479927510654383
925 4697.4008732733555 10.484955646740422
926 4702.433687623022 10.490583251307473
927 4707.935130924935 10.496730902802833
928 4712.862503760348 10.502234573510421
929 4717.543846395832 10.507461043681225
930 4722.3892091646 10.512867703965457
931 4727.070551800086 10.518088890502918
932 4731.880767397437 10.523450961353713
933 4737.101033328003 10.529266566879816
934 4741.969827544384 10.534688094374301
935 4746.733180246511 10.539989630344653
936 4751.97687762469 10.545822146277011
937 4757.126849212418 10.551547371977804
938 4762.124516390667 10.557100474679823
939 4767.169046464141 10.562702636510817
940 4772.061272128135 10.568132986929541
941 4776.473153116079 10.573028303205824
942 4780.767876865962 10.57779159407428
943 4785.917848453691 10.58349952566983
944 4791.1146829366435 10.589256228721304
945 4795.807741295933 10.594452724955758
946 4800.57109399806 10.599724369215629
947 4805.521898281085 10.60520047558095
948 4810.484418287916 10.610686691611896
949 4815.7398313899 10.616493296614108
950 4821.00696021569 10.622309649173447
951 4825.817175813041 10.627619136496136
952 4830.381361210464 10.632654884560761
953 4835.039272398336 10.637791472334731
954 4840.282969776514 10.643570394468735
955 4845.374362745212 10.649178623835427
956 4850.372029923461 10.65468084232215
957 4855.451707168353 10.660270350967654
958 4860.402511451377 10.665715371208762
959 4865.974249096126 10.671839305906623
960 4871.7217225979675 10.67815254189962
961 4876.4967910239 10.68339573293375
962 4881.060976421323 10.688405202378043
963 4885.7306033330005 10.693527846379524
964 4890.30650445423 10.698545401194398
965 4895.034709984939 10.70372730941578
966 4899.880072753708 10.709034881394986
967 4904.74886697009 10.714365445525608
968 4909.50050394841 10.719565315157405
969 4914.146699412478 10.724647478787395
970 4919.167798038338 10.730136581907578
971 4924.505221206965 10.735968076073712
972 4929.3271525281225 10.741234159738724
973 4933.891337925546 10.746216667185386
974 4938.806995037152 10.751579862183322
975 4943.652357805922 10.75686382313671
976 4948.650024984172 10.762310987836235
977 4954.16318400989 10.768316256895146
978 4959.043693950079 10.773630230067274
979 4963.7016051379505 10.778699636269822
980 4968.945302516128 10.784403051725072
981 4974.470177265653 10.790408746105838
982 4979.760737539054 10.796156830402454
983 4984.512374517375 10.801317324858951
984 4989.299158667114 10.8065134593474
985 4994.027364197824 10.81164361972646
986 4998.521255252409 10.816517556289323
987 5003.706374011557 10.822137626033316
988 5008.7391883612245 10.82758998278495
989 5013.38538382529 10.832621466369078
990 5018.687659822498 10.838359827419323
991 5023.954788648288 10.844057179602478
992 5029.362506159751 10.849903348729995
993 5034.6882136045715 10.855657862354379
994 5039.4515663066995 10.860802722935242
995 5043.968888808897 10.865679873104952
996 5048.59165282535 10.870668473943818
997 5053.823634479722 10.876311042222051
998 5059.12591047693 10.882026364705158
999 5064.252450617047 10.88754958526417
1000 5069.39070648097 10.893082605828454
1001 5074.458668002055 10.898537252540233
1002 5079.667218208815 10.904140224200864
1003 5085.051504272666 10.909929035451714
1004 5090.142897241364 10.915400413128891
1005 5094.613356848337 10.920202902498673
1006 5099.095532179118 10.925015844423989
1007 5104.02290501453 10.930303865496912
1008 5108.961993573749 10.935601880996169
1009 5113.713630552071 10.940696602378639
1010 5118.629287663676 10.945964508443854
1011 5123.334061746773 10.951004273594759
1012 5127.745942734717 10.955728513944369
1013 5132.767041360578 10.961101896861653
1014 5138.186474595847 10.966898188277623
1015 5143.066984536035 10.972115985431168
1016 5147.689748552489 10.97705621573253
1017 5152.488248426034 10.982181699210733
1018 5156.935276585396 10.986930012271308
1019 5161.61661922088 10.991926020583879
1020 5166.860316599058 10.997518855411107
1021 5171.752542263052 11.002734606323948
1022 5176.457316346149 11.007748379999278
