1 14.627859237536656 0.6591304745151612
2 19.335088368415857 0.6591304745151612
3 25.062116786738294 0.9151985869771682
4 30.718814219719814 1.1116552870725733
5 34.79306448253081 1.2339657338110221
6 39.28930065738727 1.3561873293012603
7 45.64930794377792 1.5122491761673804
8 51.481832840111714 1.6423923749329452
9 56.294558449002295 1.7424937207694602
10 61.10728405789287 1.8371488836248722
11 65.67385121809025 1.9226635451999001
12 70.69756978300356 2.012537230517944
13 75.9322813039396 2.1020981049651546
14 80.70984142015972 2.180636345847629
15 85.94455294109578 2.2635558777085576
16 91.53091938873636 2.3488141236976023
17 96.48430696830877 2.4219108853057536
18 101.22670159185843 2.489887054174665
19 106.32075114211264 2.560889491217027
20 111.76645561907142 2.6346735409534388
21 116.40335376460973 2.6959173211238676
22 121.25124486617075 2.758491450008196
23 126.20463244574316 2.820992667209449
24 131.40417847400875 2.885140679997638
25 137.65868928238802 2.960451075561009
26 142.4362493986081 3.016724879852973
27 146.79182360278276 3.067133636746759
28 151.85070766036654 3.1246524551689103
29 157.01508819596165 3.182297418025432
30 161.72231732684085 3.2339494181582245
31 166.78120138442463 3.288551817918583
32 172.5433952954175 3.349653975272006
33 177.74294132368314 3.40385353224596
34 182.23917749853956 3.45004224741101
35 187.26289606345287 3.5009230932856834
36 192.60310406240032 3.5542077197354116
37 197.4158296712909 3.6015585749380654
38 202.6857066848974 3.65269869153434
39 208.58856256657214 3.709138622517991
40 213.64744662415586 3.7568408990778885
41 218.42500674037603 3.8013434429051483
42 223.83554572466437 3.851115218783097
43 228.29661640685035 3.8916818786394636
44 233.2148384937523 3.9359165602769624
45 238.3088880440065 3.9812129575220725
46 243.15677914556753 4.023849088941368
47 248.42665615917406 4.0696861123434385
48 253.5558712020987 4.113810365151726
49 258.7905827230348 4.158358577504715
50 263.7439703026072 4.200079833501763
51 269.2248402722364 4.2457618294850255
52 274.424386300502 4.288651376323306
53 278.7799605046767 4.3242583609885346
54 283.66301709890814 4.363827273593833
55 288.86256312717376 4.405567567146046
56 294.23793661879165 4.448306286932639
57 299.4726481397277 4.489536630994528
58 303.7930568512319 4.523289254760483
59 308.3947895040997 4.558962381224229
60 313.9811559517403 4.601888804566021
61 319.0752055019945 4.640689389871863
62 324.0989240669079 4.678639653729433
63 329.29847009517346 4.717595375228488
64 334.63867809412096 4.757271921417043
65 339.8030586297161 4.7953310652635075
66 344.58061874593614 4.830275194584139
67 349.92082674488364 4.869033627460448
68 355.1555382658197 4.906729950182494
69 359.6869399333466 4.939133999772119
70 364.56999652757816 4.9738137046824615
71 370.68384536527554 5.016887850181836
72 375.88339139354116 5.053236667347956
73 380.30929658305666 5.083977479166125
74 385.1220221919472 5.1171924589907185
75 389.79408583015595 5.1492327021641335
76 394.9584663657512 5.184415233390818
77 400.12284690134624 5.219360612507342
78 404.8300760322254 5.251012967592787
79 410.20544952384336 5.286921639243664
80 415.6863194934725 5.323285012511235
81 420.4638796096927 5.354784940066253
82 425.1359432479014 5.385411823904039
83 430.5113167395194 5.420430217862852
84 436.1680141725009 5.457036995512503
85 440.4884228840051 5.484839039715027
86 445.019824551532 5.513846674987354
87 449.9732121311044 5.545379130767369
88 455.48924759340406 5.580280085499616
89 461.1459450263856 5.615844981505011
90 465.43118824521946 5.642645492473848
91 469.8570934347349 5.67019173804325
92 475.16213594101197 5.703028242289372
93 480.29135098393664 5.734598660741564
94 485.13924208549764 5.76428023930235
95 490.33878811376326 5.795943736108841
96 495.6789961127107 5.828283950020376
97 501.3005280530217 5.862133536690117
98 506.04292267657144 5.890542827971891
99 511.06664124148466 5.920486956691255
100 516.5826767037844 5.9531892236871355
101 521.1844093566523 5.980338974022349
102 526.1026314435542 6.009218382547129
103 531.7944943692062 6.04246372074862
104 537.310529831506 6.074509358395671
105 542.1935864257373 6.1027405357280875
106 546.9711465419575 6.13023657588778
107 551.4322172241435 6.155802132341514
108 556.4559357890568 6.184462053301041
109 561.5851508319814 6.213586851098909
110 566.7143658749061 6.242575768348988
111 571.6325879618081 6.2702474870223135
112 576.5859755413803 6.297993974051642
113 582.1371764963504 6.32894125818953
114 587.020233090582 6.356042444068148
115 592.2549446115181 6.384965613805063
116 597.4193251471131 6.413372730525748
117 601.9858923073106 6.438390238878647
118 606.7634524235307 6.464458778430058
119 611.4706815544099 6.490041546897523
120 616.7757240606869 6.518749578456921
121 622.713745435032 6.550730560807686
122 627.5968020292636 6.5769178937768356
123 632.2337001748019 6.601690277225787
124 637.5387426810787 6.629914878985534
125 642.4569647679807 6.655976459357817
126 647.480683332894 6.682491573036631
127 653.2780427365574 6.712955797737316
128 658.8995746768684 6.742365411507814
129 663.4661418370656 6.766166597840572
130 668.1733709679448 6.7906128156572185
131 673.6894064302444 6.819143534260107
132 679.0999454145328 6.847013582450836
133 683.5610160967187 6.869912256677972
134 688.0220867789048 6.892734858576979
135 694.2765975872841 6.924595847993969
136 699.7926330495836 6.952576773163219
137 704.2537037317699 6.975128902243791
138 709.0312638479899 6.999198642191139
139 713.7384929788691 7.022833731143352
140 719.0083699924755 7.049196917217708
141 723.9969230647184 7.0740635387408215
142 728.8799796589501 7.098320438760457
143 734.4663461065905 7.1259662942998
144 739.9823815688903 7.153159564567966
145 745.0412656264742 7.178010586234871
146 749.8891567280353 7.20174568098128
147 754.948040785619 7.226429621428704
148 760.3234142772369 7.252564257360117
149 764.7844849594228 7.2741863959707205
150 769.2455556416088 7.2957444540988075
151 774.480267162545 7.320956049464493
152 780.4182885368903 7.34944707388646
153 786.2859789258946 7.3774928436445615
154 790.7822151007508 7.398917035483249
155 795.4542787389596 7.42111258886761
156 800.9351487085888 7.447062169847459
157 805.9940327661726 7.4709356295917075
158 810.5254344336996 7.492257673437951
159 816.3931248227038 7.519770835029372
160 822.190484226367 7.5468559897501555
161 826.7922168792348 7.568290932648787
162 831.5346115027846 7.590317045249027
163 836.6286610530387 7.6139037484773295
164 841.9688690519863 7.638550929397731
165 846.6057671975245 7.659890719582004
166 851.172334357722 7.680849231912772
167 857.3213486880898 7.708972634504523
168 862.8725496430599 7.734276206081759
169 867.1929583545642 7.753917394011391
170 871.7595255147615 7.7746224371726855
171 876.3260926749589 7.79527248580994
172 881.3849767325428 7.81808271559947
173 886.1625368487629 7.839564769672408
174 891.0104279503238 7.861302732710489
175 896.0341465152371 7.8837650682590485
176 901.5501819775369 7.908353038412925
177 907.171713917848 7.933332438521459
178 911.9141085413978 7.954347791383083
179 917.3949785110269 7.978563259835995
180 922.8055174953153 8.002396400368427
181 927.1259262068194 8.021381094912492
182 931.868320830369 8.042166367093113
183 936.7865429172709 8.063664874046744
184 941.9509234528659 8.086176790802531
185 947.6427863785179 8.110913471338135
186 952.3851810020675 8.131469888385404
187 956.9517481622651 8.151215960404622
188 962.2919561612125 8.174243184728532
189 967.4211712041372 8.196300525878097
190 972.6207172324026 8.2185996024528
191 977.2927808706113 8.238587147328259
192 982.1758374648429 8.259424694571925
193 987.5512109564606 8.28230037604166
194 992.4694330433626 8.303177153590756
195 997.5283171009465 8.324595789817137
196 1002.2003807391552 8.34432944115501
197 1006.942775362705 8.364312226878571
198 1012.0719904056298 8.385869644594953
199 1018.0803427653158 8.411048148554709
200 1023.5260472422746 8.433805821720105
201 1028.1981108804835 8.453284533077364
202 1032.9053400113626 8.472864414092767
203 1037.647734634912 8.492544765015
204 1042.7066186924958 8.513486994511316
205 1047.6248407793978 8.533798224158163
206 1052.5078973736292 8.55391666032743
207 1057.9536018505883 8.576295232383357
208 1063.2938098495356 8.598184106131205
209 1068.176866443767 8.618152239552826
210 1073.5170744427144 8.639935071170108
211 1078.6462894856393 8.66080646946137
212 1083.7051735432228 8.681342806351656
213 1088.2365752107496 8.69969877553704
214 1092.9086388489584 8.718583459700648
215 1097.7916954431898 8.7382764687865
216 1103.4483928761715 8.761031027716959
217 1109.4567452358576 8.785134371754696
218 1114.163974366737 8.803976255773318
219 1118.9063689902864 8.822918061412814
220 1124.1059150185522 8.843637273957599
221 1128.9889716127836 8.863052427607226
222 1133.5907042656515 8.88131131340977
223 1139.03640874261 8.90286697232272
224 1144.4117822342282 8.924093430738498
225 1149.470666291812 8.944025256028725
226 1154.4592193640547 8.963636848562663
227 1159.869758348343 8.984857372843221
228 1164.7528149425746 9.003968020351769
229 1168.8270652053857 9.019885479675489
230 1173.9914457409807 9.040016479942885
231 1180.1756255640191 9.064060091236875
232 1185.7619920116597 9.085726603509782
233 1190.469221142539 9.103946391327224
234 1195.1412847807476 9.121994225762537
235 1199.461693492252 9.138653356815489
236 1204.9073979692105 9.159603422485569
237 1210.3531024461693 9.18050567988407
238 1214.9900005917077 9.198268862852359
239 1220.154381127303 9.218010303991717
240 1225.8110785602842 9.23958348564311
241 1231.4326105005955 9.260972885614706
242 1235.8936811827814 9.277915617436857
243 1241.0932272110472 9.297620949426069
244 1246.5740971806763 9.31834632454334
245 1251.0000023701919 9.335052459229612
246 1255.847893471753 9.353315417219793
247 1260.941943022007 9.372466416994017
248 1266.4228129916362 9.393026649733542
249 1272.2201723952996 9.414724189336297
250 1276.6812430774858 9.431390723401398
251 1280.9664862963195 9.447373406132648
252 1286.7286802073122 9.468815816659564
253 1291.576571308873 9.4868212720202
254 1295.7563180496957 9.50232032050314
255 1301.448180975348 9.523379322533982
256 1307.0697129156588 9.544132727534215
257 1311.7417765538678 9.561349710133749
258 1316.2731782213948 9.578019322551077
259 1321.4727242496601 9.597108484230526
260 1326.9184287266194 9.617059890593584
261 1331.3443339161347 9.63324800530446
262 1335.9109010763323 9.649921565439737
263 1342.0950808993703 9.672449203746327
264 1347.5759508689994 9.69237311002712
265 1352.4590074632308 9.710091379856264
266 1357.2014020867805 9.727268877302768
267 1361.5218107982846 9.742893119219412
268 1366.68619133388 9.761533190217161
269 1371.9560683474865 9.780517051063201
270 1377.0501178977408 9.798833156545589
271 1382.2144984333358 9.817367015702095
272 1387.3437134762605 9.835740225749365
273 1392.4025975338445 9.85382819052341
274 1397.4263160987575 9.871757746446882
275 1402.696193112364 9.890530044793394
276 1408.2825595600045 9.910389858281722
277 1412.9546231982135 9.926971638008151
278 1417.8025142997747 9.944147564233493
279 1422.685570894006 9.961418015545428
280 1427.9554479076123 9.980021665450423
281 1433.8934692819573 10.000940318616408
282 1438.635863905507 10.017619101498687
283 1442.8156106463296 10.032298145933627
284 1447.7689982259021 10.049663210157068
285 1452.8982132688268 10.067612492791586
286 1457.9570973264108 10.085284603071093
287 1463.8599532080852 10.105863006931218
288 1469.305657685044 10.124811938798429
289 1474.012886815923 10.141165060212252
290 1478.333295527427 10.15615258351605
291 1483.5328415556926 10.174157086195764
292 1489.189538988674 10.193706952736028
293 1493.6154441781898 10.208980734172112
294 1498.3226733090687 10.22519924564465
295 1504.3310256687548 10.245858718247995
296 1509.882226623725 10.264910629261285
297 1514.659786739945 10.281281469576394
298 1519.2615193928132 10.297025831172851
299 1523.6874245823285 10.312146583533394
300 1529.0627980739466 10.33047774277428
301 1533.7700272048257 10.346505805168686
302 1538.3717598576936 10.362151064695755
303 1543.9229608126634 10.380989550134332
304 1549.6499892309862 10.400388430783183
305 1555.0956937079447 10.418801715760935
306 1559.6270953754718 10.434101545223243
307 1565.0727998524305 10.452455440574925
308 1570.6943317927414 10.471367653612695
309 1574.7685820555528 10.4850576770979
310 1579.018659781716 10.499318766746752
311 1583.796219897936 10.5153246738127
312 1589.2419243748948 10.533537044927904
313 1594.7579598371944 10.551952369374202
314 1599.14869953404 10.566591303454052
315 1603.715266694237 10.581794312009063
316 1609.2664676492072 10.600242460155815
317 1614.5011791701434 10.617610397484338
318 1618.9622498523293 10.632391545130167
319 1624.2672923586063 10.649939284105416
320 1629.6075003575536 10.66757408059853
321 1634.5257224444558 10.683790904449095
322 1639.2329515753347 10.699289699434434
323 1644.6083250669526 10.716958678006513
324 1650.3705189779455 10.735865684751232
325 1654.6557621967793 10.74990908326482
326 1659.2574948496472 10.764968072857696
327 1665.4416746726854 10.785166896694717
328 1670.8170481643035 10.802695414721038
329 1675.4891118025123 10.817909547686188
330 1680.0205134700393 10.832645699255885
331 1684.165094718191 10.846107746470592
332 1689.7514611658314 10.864220902771713
333 1695.232331135461 10.881962999805946
334 1699.9395602663403 10.89717994306693
335 1705.631423191992 10.9155482207263
336 1711.2881206249735 10.933772541198783
337 1716.2415082045459 10.949708056900588
338 1720.808075364743 10.964379855641186
339 1725.796628436986 10.980383572135398
340 1731.2423329139447 10.997825833881677
341 1735.8089000741422 11.012433525784923
342 1740.1644742783167 11.026348983447386
343 1744.3793865118098 11.039798854812192
344 1750.0360839447912 11.057818400497633
345 1756.185098275159 11.077371616703514
346 1760.5758379720041 11.091317095063035
347 1764.861081190838 11.104910994721122
348 1770.1309582044444 11.121602032221112
349 1775.1898422620282 11.137601895517477
350 1779.8970713929075 11.152470038761328
351 1784.8152934798093 11.167982776240333
352 1790.0500050007454 11.18446912593879
353 1795.9880263750908 11.20313904415836
354 1801.1172414180153 11.219243072069267
355 1806.2816219536105 11.235434081572125
356 1811.6921609378987 11.252371103850836
357 1815.9774041567325 11.265770668543617
358 1820.473640331589 11.279812117059187
359 1826.552323676616 11.298762281985613
360 1831.787035197552 11.315058083964837
361 1836.3887678504198 11.329365902586254
362 1841.4828174006743 11.345181761362984
363 1846.0845500535422 11.359451637713384
364 1851.248930589137 11.3754430859078
365 1856.0616561980278 11.39032646829803
366 1860.909547299589 11.40529885324551
367 1866.073927835184 11.421226108567396
368 1871.378970341461 11.437563665798667
369 1876.7543438330786 11.454093846432075
370 1881.7077314126511 11.469306447713144
371 1886.942442933587 11.48536027864305
372 1892.0013269911708 11.50085409655132
373 1896.0404117613111 11.513212656828461
374 1900.466316950827 11.526738128099968
375 1905.6658629790925 11.542604948135466
376 1911.2873949194036 11.55973376806937
377 1917.0847543230668 11.577371321129538
378 1921.5106595125824 11.590821925116062
379 1925.8662337167568 11.604043805703709
380 1931.3119381937158 11.62055000100533
381 1936.40598774397 11.635970082874232
382 1941.5000372942243 11.65136975695233
383 1946.6995833224898 11.66706708338266
384 1951.8991293507556 11.682743318376849
385 1957.4151648130553 11.699349878166405
386 1962.0520629585935 11.713293862389342
387 1967.251608986859 11.728908313292228
388 1972.9786374051816 11.746081290915113
389 1977.545204565379 11.759759554524171
390 1981.7952822915422 11.772476581157997
391 1987.90913112924 11.790739832017689
392 1993.8823179962558 11.808555958445787
393 1998.273057693101 11.821638921589276
394 2002.8396248532983 11.835229861725162
395 2007.6523504621887 11.849535751815518
396 2012.816730997784 11.86486668381623
397 2017.805284070027 11.879657368677055
398 2022.7586716495991 11.894325695298756
399 2028.274707111899 11.910637257280467
400 2033.6852460961875 11.926615460051622
401 2038.6737991684302 11.9413296623271
402 2042.7128839385707 11.953232819432863
403 2047.5607750401318 11.967500980279866
404 2053.4636309218063 11.984847988310804
405 2058.0301980820036 11.998254055918053
406 2062.385772286178 12.01102743878697
407 2066.9171739537055 12.02430147655075
408 2072.5387058940164 12.04074506826311
409 2078.5470582537023 12.058294367781414
410 2083.0432944285585 12.07141398925604
411 2087.2582066620516 12.083700697631826
412 2092.9500695877036 12.100267963866287
413 2098.2551120939806 12.115689893008364
414 2102.892010239519 12.12915525164389
415 2108.619038657841 12.145762330527097
416 2113.9240811641184 12.161126566886281
417 2118.8774687436908 12.17545579945607
418 2123.936352801274 12.190072524166466
419 2128.995236858858 12.204671743409076
420 2134.1244519017823 12.219455922085755
421 2139.0778394813547 12.23371683424452
422 2143.8905650902457 12.247557276214751
423 2149.8989174499316 12.264810658763855
424 2155.4149529122315 12.280630139532773
425 2159.981520072429 12.293713666400292
426 2164.583252725296 12.306883765707035
427 2169.009157914812 12.319537905906287
428 2174.5603588697822 12.335387451048497
429 2179.5840774346957 12.349714756368462
430 2184.291306565575 12.363125274221705
431 2189.244694145147 12.377220653069925
432 2194.303578202731 12.391599384853851
433 2199.8899446503715 12.407456543985264
434 2204.737835751933 12.421202951740035
435 2209.7967198095166 12.435530828567192
436 2214.7149418964186 12.449444899800822
437 2218.9650196225816 12.461458116403058
438 2223.9535726948247 12.47554151767763
439 2228.8366292890564 12.489312001086384
440 2234.4229957366965 12.505045255282077
441 2240.6071755597354 12.522437630771691
442 2245.1385772272624 12.535170125700485
443 2249.3886549534254 12.547101264991241
444 2254.939855908396 12.562663710629513
445 2260.104236443991 12.577125402791607
446 2264.7763000821997 12.590195477284336
447 2269.7648531544423 12.604135032943026
448 2275.14022664606 12.619137179789155
449 2280.726593093701 12.634708771416511
450 2285.7503116586145 12.648697037034665
451 2290.8795267015394 12.66296282084561
452 2296.149403715145 12.677602729402157
453 2300.645639890002 12.690082096049752
454 2305.458365498893 12.703425335639425
455 2311.6073798292605 12.720449261497418
456 2316.877256842867 12.735023085050022
457 2321.1976655543717 12.746961186806324
458 2326.0455566559326 12.76034185965954
459 2331.0692752208456 12.774192552625772
460 2336.409483219793 12.788898521041032
461 2341.1518778433424 12.801945578218554
462 2345.68327951087 12.814400354732042
463 2351.1993149731697 12.829542181232734
464 2356.7505159281395 12.844762431919591
465 2361.8797309710644 12.858810699278592
466 2366.1649741898977 12.870537902408044
467 2371.11836176947 12.884078176028085
468 2376.7750592024518 12.899521676003129
469 2381.37679185532 12.912073876061143
470 2385.908193522847 12.924422526540505
471 2390.6505881463963 12.937332911026589
472 2396.48311304273 12.953190263141767
473 2402.2804724463936 12.96893287482899
474 2406.706377635909 12.980941649366528
475 2411.2729447961065 12.993320021907225
476 2416.753814765736 13.00815852058311
477 2421.9533607940016 13.022220440905874
478 2426.59025893954 13.034749354954329
479 2431.40298454843 13.047740126173782
480 2437.2355094447644 13.063463458921772
481 2443.032868848428 13.079073341076342
482 2447.5642705159544 13.09126446623629
483 2453.009974992913 13.105897718436353
484 2458.4908449625427 13.120608900163095
485 2462.7057571960354 13.13191397934743
486 2467.342655341574 13.144338336177901
487 2473.6323316426237 13.161167780523073
488 2479.640684002309 13.177224996494713
489 2484.2424166551773 13.18951291441163
490 2488.281501425318 13.20029058962813
491 2492.3557516881287 13.211153076305202
492 2497.766290672417 13.225560179553577
493 2502.9306712080124 13.239297789315394
494 2507.5675693535504 13.251621466413345
495 2512.5561224257935 13.264865972241774
496 2517.8963304247404 13.27902855149666
497 2523.8343517990857 13.294757390984273
498 2528.6822429006465 13.307587270522168
499 2533.8114579435714 13.321147459209072
500 2539.468155376553 13.336084832276065
501 2544.0698880294203 13.348226510096756
502 2548.706786174959 13.360449711734455
503 2553.4491807985087 13.372939157341941
504 2558.965216260808 13.387449265436741
505 2564.9384031278237 13.403143134058512
506 2569.926956200067 13.416238058580001
507 2574.2121994189 13.42747842828023
508 2579.235917983814 13.44064164904753
509 2584.7167879534427 13.45498683919962
510 2589.7405065183557 13.46812317434078
511 2594.975218039292 13.481797067820459
512 2600.315426038239 13.49573199896242
513 2605.5501375591753 13.509377947429536
514 2610.257366690054 13.521638381088662
515 2615.562409196332 13.535440934639194
516 2621.1487756439724 13.549959552385339
517 2625.4340188628057 13.561089084904614
518 2630.0005860230035 13.57293837959031
519 2635.9386073973483 13.58832701511938
520 2641.384311874307 13.602425546607394
521 2646.1618719905277 13.614783846280156
522 2650.5174461947026 13.626041939091136
523 2654.908185891547 13.637381416333547
524 2660.389055861176 13.651519871409313
525 2665.201781470067 13.663924269885516
526 2669.873845108276 13.675955733032024
527 2676.0580249313143 13.69186081552707
528 2681.6795568716257 13.706303965390799
529 2686.246124031823 13.718027827611522
530 2690.8478566846907 13.729831746613288
531 2696.0825682056266 13.743245254632814
532 2701.5986036679265 13.757364800631722
533 2705.9541778721014 13.76850630978539
534 2710.415248554287 13.779908033756545
535 2715.509298104541 13.792914226604447
536 2721.236326522863 13.807520354272079
537 2726.8226929705033 13.821753177864599
538 2731.31892914536 13.833200408789994
539 2735.6393378568637 13.844191564368705
540 2741.049876841152 13.857940558696392
541 2746.495581318111 13.871765071883852
542 2751.2731414343307 13.883883629571027
543 2757.070500837994 13.898572105009197
544 2762.5513708076232 13.912445128842867
545 2767.012441489809 13.923728986131971
546 2771.6493396353476 13.935447406315564
547 2777.059878619636 13.94910645423613
548 2782.611079574606 13.963106395929055
549 2786.790826315428 13.973641395507
550 2790.865076578239 13.983903167755782
551 2796.8734289379254 13.999016717839032
552 2802.565291863577 14.013319782041572
553 2807.3428519797967 14.025316030082573
554 2811.59292970596 14.035980543495425
555 2815.5968489834304 14.046020693592421
556 2821.253546416412 14.060187991221806
557 2826.6992508933704 14.073813840948453
558 2831.4416455169203 14.085670776922777
559 2836.4653640818333 14.098219470274838
560 2842.0868960221446 14.112246739338085
561 2847.6732624697856 14.12617253923124
562 2852.4156570933346 14.137985564227842
563 2857.439375658248 14.15048786475205
564 2862.955411120548 14.164201457871476
565 2867.83846771478 14.176331720171849
566 2872.4402003676482 14.187754344910845
567 2876.7957745718227 14.198558134419004
568 2882.3118100341226 14.212225343877343
569 2888.355327886479 14.227183266903728
570 2892.886729554006 14.238391396985563
571 2897.17197277284 14.248983222363373
572 2902.441849786446 14.261995177169977
573 2907.711726800053 14.274995271314328
574 2912.3486249455914 14.286425568734188
575 2918.356977305277 14.30121941626477
576 2924.013674738259 14.315134152910336
577 2928.720903869138 14.32670505727868
578 2933.2171400439947 14.337749141277092
579 2938.170527623567 14.349905051493307
580 2943.8975560418894 14.363944808375017
581 2948.2531302460634 14.374616175849114
582 2952.5383734648976 14.385107698603564
583 2958.26540188322 14.399113131425626
584 2963.5001134041563 14.41190373650446
585 2968.453500983728 14.423997152625633
586 2972.9849026512543 14.435052466916751
587 2977.445973333441 14.44592811621418
588 2982.7861813323884 14.45893388700402
589 2987.7044034192904 14.470902545234862
590 2992.517129028181 14.48260515678612
591 2998.630977865879 14.497454709699317
592 3004.3931717768714 14.511436929356888
593 3009.416890341785 14.52361775698063
594 3014.405443414027 14.5357033033601
595 3019.2885000082583 14.547523797007376
596 3024.4177150511837 14.559929233754008
597 3028.87878573337 14.570711674729983
598 3033.375021908227 14.58157094925132
599 3038.222913009787 14.593269552279322
600 3044.1609343841324 14.607583340140497
601 3050.0637902658077 14.621798542897116
602 3054.489695455323 14.632450882251636
603 3058.5991112108045 14.642335401164651
604 3063.904153717081 14.655082489920549
605 3069.1740307306873 14.667734192737562
606 3074.092252817589 14.679532610874718
607 3079.4324608165366 14.692331594531213
608 3084.6671723374725 14.704867154188687
609 3089.690890902386 14.716887884961192
610 3094.398120033265 14.728143162019853
611 3099.59766606153 14.740564375758478
612 3104.937874060478 14.753310412439836
613 3109.1527862939706 14.76336529981383
614 3113.0863745860993 14.772743686793337
615 3119.4112163798195 14.787803633758616
616 3125.5602307101876 14.80243055943074
617 3129.8806394216917 14.812702555170649
618 3134.0603861625145 14.822633727315498
619 3138.6972843080525 14.833642039266234
620 3144.353981741034 14.847057795157863
621 3149.4480312912883 14.859129941434563
622 3154.1904259148378 14.87036071595512
623 3159.4603029284444 14.88282941463242
624 3165.1170003614257 14.896200871655811
625 3170.7033668090667 14.909394453997512
626 3175.0237755205717 14.919592806309483
627 3180.0123285928134 14.931357851130363
628 3185.6338605331252 14.944603142219409
629 3190.200427693322 14.955356303541242
630 3194.661498375508 14.965853854092616
631 3199.228065535706 14.976591757455875
632 3204.779266490676 14.989632084274724
633 3210.4711294163285 15.002990777486303
634 3214.8970346058436 15.013372654463007
635 3219.533932751382 15.024241212011777
636 3225.0499682136815 15.037157980329477
637 3229.8275283299013 15.048338066222465
638 3234.640253938792 15.059591966882875
639 3240.754102776489 15.073873130069071
640 3245.7778213414026 15.085599826907728
641 3250.0982300529067 15.095679138706824
642 3254.8054591837863 15.106652198327165
643 3259.6885157780175 15.118026284618146
644 3265.310047718329 15.131108172976857
645 3270.228269805231 15.142545554405926
646 3274.794836965428 15.153158250170005
647 3280.7680238324433 15.167025185978702
648 3286.2488938020724 15.179738993047149
649 3291.202281381645 15.191221163741815
650 3296.1908344538883 15.202776003682613
651 3300.827732599426 15.21350925175002
652 3306.6250920030893 15.22691517254079
653 3312.035630987378 15.239416725359856
654 3316.496701669564 15.249718736598577
655 3321.8720751611822 15.262120585916001
656 3327.141952174789 15.274269486344274
657 3332.1305052470316 15.285761548378886
658 3337.4003822606387 15.297891674225088
659 3342.529597303563 15.3096891001664
660 3347.5533158684766 15.321235307243803
661 3352.014386550662 15.331482340469305
662 3356.440291740178 15.341641924792816
663 3361.0420243930453 15.352197538455094
664 3366.698721826027 15.365160535556344
665 3372.5664122150315 15.378595080487246
666 3377.168144867899 15.389125347490435
667 3381.7698775207677 15.399648413907334
668 3387.215581997726 15.412090090352216
669 3392.0634730992874 15.423158750092847
670 3396.559709274144 15.4334182367518
671 3402.4977306484893 15.44695352761089
672 3407.8731041401065 15.459197149847265
673 3412.510002285645 15.469752488413686
674 3417.463389865217 15.481019559494866
675 3422.944259834846 15.49347570774184
676 3428.319633326464 15.50568259510241
677 3432.604876545298 15.51540930937699
678 3437.2417746908363 15.52592643201808
679 3443.461120006545 15.54001776627367
680 3449.2233139175382 15.553062748893582
681 3454.1415360044402 15.564190059105321
682 3458.7784341499787 15.574674241565647
683 3462.9933463834714 15.58419919600715
684 3468.368719875089 15.596335076373075
685 3473.3924384400025 15.607669230563717
686 3478.0996675708825 15.618282581421044
687 3483.5805375405116 15.63062934427286
688 3489.096573002811 15.64304541407194
689 3494.331284523748 15.6548197104085
690 3499.1440101326384 15.665637932081717
691 3504.1677286975514 15.676921981538905
692 3509.2617782478055 15.688355562611937
693 3513.898676393344 15.69875682319694
694 3518.500409046211 15.709072477554445
695 3523.137307191749 15.719460030166244
696 3528.5126806833673 15.731491565445072
697 3534.3100400870303 15.744456446392133
698 3538.771110769216 15.754428209507537
699 3543.337677929414 15.76462899328631
700 3548.9943753623957 15.777253129731895
701 3553.9125974492977 15.788222434605057
702 3558.233006160802 15.797853467030148
703 3563.186393740374 15.808886700664205
704 3568.7375946953443 15.8212410406662
705 3574.2536301576442 15.833507640303011
706 3579.101521259205 15.84428190461677
707 3584.125239824118 15.855438816669395
708 3589.6412752864176 15.867678979542658
709 3594.102345968604 15.877573354074226
710 3598.4930856654496 15.887305894414473
711 3604.958589429851 15.901621356094703
712 3610.9317762968667 15.914836153414337
713 3615.568674442405 15.925089491897987
714 3619.818752168569 15.934482589612081
715 3624.1743263727435 15.944102832821608
716 3629.831023805725 15.9565849782233
717 3634.9954043413204 15.967973198200191
718 3639.597136994188 15.978115044323149
719 3645.3593309051807 15.990802639784707
720 3650.699538904128 16.00255289241287
721 3655.3364370496665 16.01275006391491
722 3660.0436661805456 16.023095100255805
723 3665.3135431941523 16.034667447573344
724 3670.4075927444064 16.0458461166106
725 3674.6225049778986 16.05509154280626
726 3679.47039607946 16.06571720544469
727 3684.21279070301 16.076105079636225
728 3689.6584951799687 16.088023626682055
729 3695.877840495678 16.101623049132147
730 3700.725731597239 16.112218025268163
731 3704.7648163673794 16.12104185296255
732 3709.858865917633 16.132160669564673
733 3715.0935774385684 16.143578234311207
734 3719.9063030474595 16.154069142510497
735 3725.176180061065 16.1655477303875
736 3730.7625465087062 16.17770614146545
737 3736.384078449018 16.189931803424336
738 3741.2671350432493 16.200545358126465
739 3746.2908536081627 16.21145708740868
740 3751.4903996364287 16.222742616827183
741 3756.2679597526494 16.23310618587073
742 3761.15101634688 16.243691530650803
743 3767.0538722285555 16.256476129003318
744 3772.605073183525 16.26849057181635
745 3777.347467807075 16.27874905179945
746 3781.6678765185793 16.28809004188802
747 3785.882788752072 16.297198043301588
748 3791.363658721701 16.30903084084143
749 3796.4928737646255 16.32009735372144
750 3801.0594409248233 16.32994478626251
751 3805.942497519054 16.340467399176934
752 3811.317871010672 16.35204201490565
753 3816.6229135169497 16.36345730105395
754 3821.43563912584 16.373807330523313
755 3826.5648541687647 16.38483009263531
756 3831.7644001970298 16.395996288102022
757 3836.1903053865462 16.405496654228237
758 3840.8623690247546 16.41551885352939
759 3846.1322460383612 16.42681474884908
760 3851.437288544638 16.438178110094253
761 3856.4610071095512 16.448932201676865
762 3860.9220777917376 16.458477146794294
763 3865.8051343859693 16.468917635738308
764 3871.2508388629276 16.480552107678513
765 3876.2745574278415 16.491278566869426
766 3881.2279450074143 16.501848178878873
767 3886.3923255430086 16.512860358216145
768 3891.873195512638 16.524538726235903
769 3897.4243964676084 16.536358410100238
770 3902.30745306184 16.546749758441234
771 3907.788323031469 16.55840422484603
772 3913.3043584937686 16.570125123307676
773 3917.659932697944 16.57937653674021
774 3922.1210033801294 16.588846426536104
775 3927.9183627837933 16.60114175838123
776 3933.6453912021157 16.613279121023627
777 3938.4581168110067 16.623473608326353
778 3942.5675325664874 16.63217490244182
779 3946.817610292651 16.641168891009624
780 3952.2633147696097 16.652683019269926
781 3957.1815368565112 16.66307603851139
782 3961.748104016709 16.672720898301183
783 3967.580628913043 16.685028537436427
784 3972.9208369119906 16.69629022582543
785 3977.487404072188 16.705915910013147
786 3982.40562615909 16.716275832773334
787 3987.5700066946843 16.727146846026677
788 3993.0508766643143 16.738675709669028
789 3997.863602273205 16.748793872012012
790 4002.2191764773793 16.757946649637198
791 4006.5395851888834 16.767020678500895
792 4011.844627695161 16.778153629629596
793 4017.712318084165 16.790457634788318
794 4022.665705663737 16.800839030664584
795 4027.056445360582 16.810037034551456
796 4032.5724808228815 16.821582601873846
797 4038.1236817778513 16.833193713139753
798 4042.79574541606 16.84296141843152
799 4048.663435805065 16.855218115139927
800 4054.2849677453755 16.86695270370031
801 4058.992196876254 16.87677414351741
802 4063.769756992475 16.88673633125215
803 4069.145130484093 16.897936772130098
804 4074.415007497699 16.90891039414821
805 4078.840912687215 16.918122735982617
806 4083.7591347741172 16.928352791535968
807 4089.5564941777807 16.94040171168833
808 4094.8263711913874 16.951347843631776
809 4099.322607366244 16.960682956642323
810 4103.7836780484295 16.96994006388724
811 4108.490907179308 16.979701933613555
812 4113.760784192916 16.990622746585444
813 4118.749337265158 17.00095465228989
814 4123.526897381377 17.010844115420934
815 4128.620946931632 17.021381699580978
816 4133.99632042325 17.032493598898117
817 4139.4771903928795 17.043815919606416
818 4144.7119019138145 17.05462316910305
819 4149.876282449411 17.065278647923822
820 4154.653842565631 17.075130856342458
821 4158.9742512771345 17.08403641656176
822 4163.822142378695 17.09402249793304
823 4169.232681362983 17.1051595028303
824 4174.924544288636 17.116867232782013
825 4180.546076228947 17.128422567901826
826 4185.253305359825 17.1380941661272
827 4189.890203505364 17.14761607868507
828 4195.230411504312 17.158574159641137
829 4200.465123025248 17.16930917452947
830 4205.735000038853 17.180109461031048
831 4211.954345354563 17.192845072781648
832 4217.505546309534 17.204205620983927
833 4222.00178248439 17.21340360559272
834 4226.427687673905 17.222453073864678
835 4231.55690271683 17.232933022236804
836 4236.9322762084485 17.243908599345303
837 4241.287850412623 17.25279871578853
838 4245.959914050833 17.26232899368447
839 4251.827604439836 17.274288137355125
840 4257.027150468101 17.28487974407967
841 4261.347559179606 17.293677292250067
842 4265.703133383781 17.302541837355143
843 4270.37519702199 17.312044731692154
844 4275.820901498949 17.32311295562332
845 4281.125944005225 17.33388875179083
846 4286.079331584798 17.343944874455232
847 4291.911856481131 17.35577652974827
848 4297.3223954654195 17.366745676953578
849 4301.713135162265 17.3756441140084
850 4306.525860771155 17.385391569658644
851 4311.655075814078 17.3957733572781
852 4317.100780291039 17.406788341878606
853 4321.913505899928 17.416518367131932
854 4326.339411089444 17.425462353265765
855 4331.222467683675 17.43532380904538
856 4337.05499258001 17.447093496301427
857 4342.606193534979 17.458288599433406
858 4347.172760695177 17.46749437980568
859 4352.020651796738 17.477261364011685
860 4357.607018244379 17.488507865514084
861 4362.876895257986 17.499111146700415
862 4367.443462418183 17.508295462780243
863 4372.71333943179 17.518886767555696
864 4378.3348713721 17.5301771061892
865 4383.639913878377 17.540825697798155
866 4388.171315545905 17.54991772129497
867 4392.878544676783 17.559357163821737
868 4398.464911124424 17.570551117788828
869 4403.172140255304 17.579979481366433
870 4407.492548966807 17.588629426037002
871 4413.149246399789 17.59994528713445
872 4418.80594383277 17.611253877387536
873 4423.653834934331 17.6209411783602
874 4428.1852366018575 17.62999188527656
875 4432.716638269385 17.639037948216004
876 4438.127177253672 17.649831052903284
877 4443.53771623796 17.660617561496935
878 4448.350441846851 17.67020781731604
879 4453.268663933753 17.680002704526622
880 4458.327547991336 17.690071787644005
881 4463.984245424318 17.701322800165805
882 4469.254122437925 17.711798678793084
883 4473.996517061474 17.72122167471195
884 4479.055401119059 17.731267350762334
885 4484.114285176643 17.741307338641647
886 4488.7511833221815 17.750505672207638
887 4493.774901887094 17.760465157626243
888 4499.642592276099 17.772089100086802
889 4505.228958723739 17.783149146245066
890 4510.217511795982 17.79302086015827
891 4514.924740926861 17.802331401040195
892 4520.40561089649 17.813164407745912
893 4525.464494954073 17.823158262140733
894 4530.558544504328 17.83321585920483
895 4535.898752503275 17.84375290937757
896 4540.711478112165 17.85324479036244
897 4545.875858647761 17.863423900131295
898 4550.688584256652 17.872905334317217
899 4555.501309865542 17.882381741343853
900 4560.5601939231265 17.892336934092143
901 4565.091595590653 17.90125042634633
902 4569.869155706873 17.9106427929513
903 4575.983004544571 17.922652320153773
904 4581.428709021529 17.93334368906947
905 4586.382096601102 17.943063852613605
906 4591.194822209993 17.95250322580815
907 4595.76138937019 17.961455708268428
908 4601.031266383797 17.971779954209193
909 4605.98465396337 17.981479340454623
910 4611.149034498964 17.991585899035545
911 4617.192552351321 18.00340405721348
912 4622.427263872258 18.013635612667645
913 4627.028996525125 18.02262634293776
914 4632.123046075379 18.032572687801185
915 4637.1467646402925 18.042376471435613
916 4642.5573036245805 18.052928438190804
917 4647.510691204153 18.062584248748003
918 4652.323416813045 18.07196119398231
919 4657.593293826651 18.082222345697147
920 4663.03899830361 18.092819422091285
921 4668.414371795227 18.10327367837317
922 4672.840276984743 18.111878534997892
923 4677.653002593634 18.12122997260949
924 4683.063541577922 18.13173604974508
925 4688.052094650164 18.141418079909187
926 4692.864820259054 18.150754298478596
927 4698.556683184706 18.161788013605932
928 4703.826560198312 18.171998443032805
929 4708.287630880498 18.18063879047639
930 4712.959694518708 18.1896829435936
931 4718.018578576291 18.19947004196522
932 4723.35878657524 18.209795161349714
933 4727.925353735437 18.218621213081736
934 4732.456755402963 18.227375147547683
935 4738.218949313956 18.238498114273526
936 4743.840481254267 18.249343255697745
937 4748.266386443783 18.25787927051549
938 4752.9384500819915 18.266885180988144
939 4757.5753482275295 18.275818989865815
940 4762.880390733806 18.28603337349345
941 4768.220598732754 18.296309642833496
942 4772.962993356304 18.305431755427843
943 4778.338366847922 18.31576465742835
944 4783.924733295562 18.32649659816283
945 4789.581430728544 18.337357131990018
946 4794.253494366752 18.34632402812155
947 4798.960723497632 18.35535391451946
948 4804.37126248192 18.365726062007177
949 4809.324650061492 18.375217504382654
950 4814.137375670383 18.384434992325815
951 4818.879770293933 18.393513399925475
952 4824.466136741573 18.404200003515786
953 4829.982172203873 18.414746099202233
954 4834.232249930036 18.422869862531588
955 4838.833982582904 18.431660974609986
956 4844.279687059862 18.442057259539542
957 4849.057247176082 18.451174336449935
958 4853.764476306962 18.460152934808075
959 4858.964022335228 18.470064523207032
960 4864.304230334175 18.480238458996055
961 4869.538941855112 18.490206160019795
962 4874.105509015309 18.49889842470277
963 4879.129227580222 18.50845520089807
964 4884.610097549851 18.518875150196745
965 4889.422823158742 18.52802117016973
966 4894.05972130428 18.536829125208907
967 4899.892246200614 18.547899858464092
968 4905.3731161702435 18.55829766073753
969 4910.291338257146 18.567624064200235
970 4915.033732880695 18.576612947350004
971 4919.494803562881 18.585065187182956
972 4924.483356635124 18.59451117357675
973 4929.647737170719 18.60428471281411
974 4934.882448691656 18.614185988490767
975 4940.644642602649 18.625077951757568
976 4946.055181586937 18.63529997522097
977 4950.797576210486 18.644256230074042
978 4955.786129282729 18.653672242887872
979 4961.126337281677 18.66374609115253
980 4966.466545280625 18.673814504940793
981 4971.068277933492 18.68248753448328
982 4975.9865000203945 18.691751972489225
983 4981.115715063319 18.701408569102046
984 4986.280095598913 18.711126271811157
985 4991.690634583202 18.721301312063925
986 4996.22203625073 18.72982030561889
987 5000.6831069329155 18.738203438349192
988 5005.847487468511 18.747902068982008
989 5010.800875048083 18.757200125200484
990 5015.578435164303 18.76616409836476
991 5021.059305133934 18.776441033158505
992 5026.36434764021 18.78638322450212
993 5031.388066205123 18.795793828780813
994 5036.376619277366 18.805133964597687
995 5041.646496290973 18.814995269435823
996 5047.02186978259 18.825048478624634
997 5051.518105957448 18.833454883863055
998 5056.190169595657 18.842185691187485
999 5061.776536043297 18.85261796667409
1000 5067.398067983608 18.863110029825002
1001 5072.31629007051 18.87228580014133
1002 5076.953188216048 18.88093315641872
1003 5081.976906780961 18.89029665869046
1004 5087.633604213943 18.90083323234728
1005 5092.622157286185 18.91012148690309
1006 5097.294220924395 18.9188169135419
1007 5102.7399254013535 18.928945641247253
1008 5108.220795370982 18.93913424616387
1009 5113.279679428566 18.948534249755227
1010 5118.268232500809 18.957799133511717
1011 5123.749102470439 18.967972239844233
1012 5128.8079865280215 18.97735795919525
1013 5133.163560732197 18.985436388357538
1014 5137.589465921712 18.99364159524995
1015 5142.2966950525915 19.002363880087227
1016 5147.566572066198 19.01212288498237
1017 5153.012276543157 19.022201930240485
1018 5157.297519761991 19.030131359827372
1019 5161.758590444177 19.03838225765186
1020 5167.380122384488 19.048772002110663
1021 5172.403840949401 19.058053042862884
1022 5176.970408109599 19.066486432271986
