1 14.627859237536656 0.6759541966858125
2 19.653014231772293 0.6759541966858125
3 24.64299368837717 0.899062019628846
4 29.175691155782282 1.0618571818390232
5 33.74356416081814 1.203845285326296
6 38.874245767946036 1.345563249239956
7 44.56773597716596 1.4870883076440429
8 50.296401724016626 1.617033533558684
9 55.49743440640602 1.7265699259359786
10 60.135658486703385 1.8187071725036605
11 65.0904624056775 1.9122289563603443
12 70.85430369015894 2.0155545222989764
13 75.80910760913306 2.1003294585818124
14 80.1659273883844 2.1721507336265726
15 85.05038023209705 2.2499362964383502
16 90.46246614027096 2.333089672493399
17 96.05042973659863 2.4159417803904373
18 101.0404091932035 2.4876038923747594
19 105.71380881113161 2.552900278589622
20 111.09071918167479 2.6260082401607923
21 116.15104971354118 2.6930033401956197
22 120.50786949279251 2.7493857432729687
23 125.35714679887437 2.810804485703994
24 130.76923270704827 2.8777970635050574
25 136.3923718410067 2.9457864555928546
26 141.45270237287306 3.0056622489672224
27 146.23162860369342 3.0611364184918792
28 151.2919591355598 3.1187984682453718
29 156.35228966742622 3.175413610609185
30 160.95533821009283 3.226054716169043
31 165.98049320432844 3.2804423646413436
32 171.5684568006561 3.339875652486848
33 176.9101916335685 3.39571997993778
34 182.00569770306566 3.4481497258611387
35 186.89015054677827 3.4976722345572218
36 191.73942785286016 3.5461543891846485
37 196.79975838472652 3.596047644963277
38 202.14149321763892 3.647972515373453
39 207.23699928713606 3.696826452881948
40 211.91039890506417 3.741076386522018
41 216.90037836166906 3.78775011965079
42 221.9255333559047 3.834178405464688
43 226.77481066198658 3.8784563857896837
44 232.0110188820067 3.925703100574633
45 237.45828032781137 3.974256352152079
46 242.37790870915475 4.017606590739396
47 247.6141169291749 4.063235609134812
48 253.37795821365629 4.112872969854288
49 258.2272355197382 4.154181502739026
50 262.97098621292787 4.194198366619589
51 267.925790131902 4.235590128988067
52 273.05647173902986 4.278027667919409
53 278.2223288837885 4.320334749887102
54 283.1771328027627 4.3605293432459264
55 287.8857079583215 4.398388056694053
56 292.6998097267726 4.4367603892834575
57 298.11189563494656 4.47950185107444
58 303.2777527797052 4.519923501274928
59 307.8808013223718 4.555643301516468
60 312.90595631660744 4.594318117704631
61 318.1773400742583 4.634539297595044
62 323.343197219017 4.673620237519392
63 328.7552831271909 4.7142146966823075
64 333.88596473431875 4.752380160837125
65 338.52418881461614 4.786623994350088
66 343.1624128949135 4.820624579186568
67 348.1523923515185 4.856935224251978
68 353.21272288338474 4.893482143166765
69 358.3082289528819 4.930009111076734
70 363.57961271053284 4.9675129964181615
71 368.7806453929222 5.004241364090728
72 373.48922054848117 5.037264433602505
73 378.6550776932398 5.073243991533902
74 384.313392364829 5.112359644798675
75 389.4088984343261 5.147333628935826
76 393.8712448264697 5.177771950681801
77 398.1928890680903 5.207081976633351
78 403.11251744943377 5.240243494028819
79 408.45425228234615 5.276011437135591
80 413.97186480341225 5.31270314221827
81 419.13772194817085 5.346829556001756
82 423.8111215660991 5.377519224326293
83 429.08250532375 5.411922813777242
84 434.6352933824469 5.447926318492947
85 439.55492176379033 5.47963049274854
86 444.1931458440877 5.509355897673456
87 448.90172099964656 5.539368533613685
88 453.82134938098994 5.570552299056255
89 459.1630842139023 5.604212498165563
90 464.08271259524565 5.6350374346517516
91 468.8616388260661 5.664821048160055
92 474.1681981213478 5.69770723000543
93 479.404406341368 5.729972825087801
94 484.3943857979728 5.760554401736572
95 489.2436631040547 5.79011976619721
96 494.26881809829035 5.820597905965056
97 499.50502631831046 5.852185991602908
98 504.7764100759614 5.883814784185261
99 510.08296937124305 5.915483630758859
100 515.3191775912632 5.946567706094376
101 520.2739815102373 5.975833940580278
102 525.1232588163191 6.0043393622389685
103 530.1835893481856 6.033940577255021
104 534.9625155790059 6.061764553955824
105 539.8117928850878 6.089867765324325
106 545.3997564814155 6.122087606811671
107 550.8118423895894 6.15313340886915
108 555.3797153946251 6.179219493084941
109 560.2993437759686 6.2071895982845895
110 566.06318506045 6.239795121626133
111 571.5104465062547 6.270455476169905
112 576.2190216618136 6.296841527511177
113 580.5758414410649 6.321160352150321
114 585.4251187471468 6.348115317882798
115 590.6261514295362 6.376896921672131
116 596.0030618000793 6.406514949221684
117 601.3799721706225 6.435996678026669
118 606.2292494767045 6.462472679331911
119 611.4302821590938 6.4907472136576585
120 616.9127191425293 6.520417375234483
121 621.7971719862419 6.546740965984221
122 626.4353960665393 6.571641297717465
123 631.4957265984057 6.598698133630457
124 636.7671103560566 6.6267648662874565
125 641.7570898126614 6.653225611099006
126 646.7118937316355 6.679396292660772
127 651.772224263502 6.706018382566727
128 656.9732569458912 6.733270290714323
129 662.0687630153884 6.759863249920353
130 667.0587424719932 6.7858050072740586
131 671.8728442404445 6.810739669917762
132 676.8979992346802 6.8366693592281225
133 681.9935053041773 6.862861668226768
134 687.2297135241975 6.88967279154858
135 692.9935548086788 6.9190629152669
136 698.0538853405451 6.944766327122466
137 702.9735137218885 6.969664877428868
138 708.2097219419087 6.996066709305599
139 712.9182970974675 7.019725831185588
140 717.6620477906573 7.043481151097771
141 722.8279049354159 7.069257270001399
142 728.1344642306975 7.095637287844313
143 733.6872522893943 7.123135626259837
144 739.0641626599376 7.149662970732365
145 743.7023867402349 7.172470471548226
146 748.4461374334246 7.195721551455878
147 754.1396276426444 7.2235240584574125
148 759.9034689271259 7.2515612301027925
149 764.5065174697925 7.273879137516953
150 768.6522840232593 7.293923831576589
151 773.677439017495 7.318141699697955
152 779.3357536890842 7.345312415206673
153 784.8181906725196 7.371543788966079
154 789.7729945914937 7.395172860377984
155 794.7629740480986 7.418893453473571
156 800.0343578057496 7.443868322873314
157 805.1650394128775 7.46809698617925
158 809.9439656436978 7.49059565139717
159 815.0746472508256 7.514673658877877
160 820.97919068583 7.542284746536079
161 826.2505744434808 7.566852366216386
162 830.9591495990396 7.588732178438944
163 835.7029002922294 7.610711665601977
164 840.7280552864651 7.633924621906297
165 845.6125081301775 7.656420812715525
166 850.0045034470597 7.676594900949676
167 855.3110627423414 7.700894717139401
168 860.758324188146 7.725758743529687
169 866.0648834834277 7.749904408081711
170 870.9845118647709 7.7722241025163346
171 875.6227359450683 7.793209837410099
172 880.8941197027192 7.816988877067003
173 886.0599768474779 7.840222364690132
174 891.0147807664521 7.862443038268324
175 895.864058072534 7.884130289483748
176 901.2057929054464 7.9079488636200255
177 906.4771766630973 7.9313839122761545
178 911.502331657333 7.953661033758615
179 916.9144175655069 7.977582210281182
180 921.8340459468502 7.9992666593336095
181 926.7536743281937 8.020892484783584
182 932.0250580858445 8.043998494948985
183 937.1205641553418 8.066271389963838
184 942.040192536685 8.08771805281815
185 947.1005230685514 8.109718306747341
186 951.7035716112181 8.129680710093567
187 956.4121467667769 8.150049680341072
188 961.8945837502124 8.173698865732861
189 967.341845196017 8.197128879457889
190 972.5428778784066 8.2194384313611
191 977.321804109227 8.239885845367423
192 982.69871447977 8.26282870387955
193 988.2866780760977 8.286603976056572
194 992.9952532316564 8.3065881563947
195 997.5279506990616 8.325781342278978
196 1002.6234567685588 8.347302397136954
197 1008.141069289625 8.37054211516785
198 1013.3421019720142 8.392390694092592
199 1018.085852665204 8.412270653227184
200 1022.2667947563016 8.429755591574352
201 1027.0457209871217 8.449694074428356
202 1032.4929824329265 8.472360867561623
203 1037.3774352766393 8.492636410363144
204 1042.789521184813 8.515043586529103
205 1047.9553783295717 8.536377387632793
206 1052.8046556356537 8.556356630928232
207 1058.005688318043 8.577731929602534
208 1063.0660188499094 8.598478514774294
209 1068.4429292204525 8.620467053124477
210 1073.5736108275803 8.64139741018242
211 1078.2470104455085 8.660420076865345
212 1082.744532375283 8.678688232121322
213 1087.7345118318876 8.69890957933712
214 1093.392826503477 8.721779887707225
215 1098.4531570353436 8.742184631001948
216 1103.05620557801 8.760705996425237
217 1108.3627648732916 8.782006588871367
218 1113.845201856727 8.803958375789561
219 1118.9055323885934 8.824173094151517
220 1123.9658629204598 8.844341609665467
221 1129.0965445275879 8.864743397028635
222 1133.875470758408 8.883705652086485
223 1138.5136948387053 8.902071566949068
224 1143.8202541339872 8.92303470542741
225 1149.3026911174225 8.944640390195522
226 1154.187143961135 8.9638477362321
227 1159.2122989553704 8.983564955760631
228 1164.5892093259138 9.004613193210462
229 1169.8605930835647 9.02520106665905
230 1174.8857480778004 9.044784539702471
231 1180.0516052225591 9.064871703076602
232 1184.9360580662717 9.083824828874407
233 1189.750159834723 9.102466631431339
234 1195.30294789342 9.12391864309226
235 1200.679858263963 9.144643834001187
236 1205.5643111076754 9.163431965108499
237 1210.2377107256036 9.181373104619869
238 1214.9814614187933 9.199548253424863
239 1219.9010898001366 9.218358705996636
240 1225.1372980201568 9.238336329113183
241 1230.2679796272848 9.257869901684474
242 1235.2931346215205 9.276962228689541
243 1240.7052205296945 9.297479350576536
244 1245.976604287345 9.317420126230266
245 1251.142461432104 9.336920768233972
246 1256.2731430392319 9.356248522724357
247 1261.0520692700522 9.374216609228332
248 1265.514415662196 9.390964589562985
249 1270.4692195811701 9.409523884057716
250 1276.16270979039 9.430802240619778
251 1281.3637424727794 9.450199847737206
252 1286.248195316492 9.468381682769689
253 1291.2733503107277 9.487050372303592
254 1296.0171010039173 9.504641010973591
255 1301.1477826110452 9.523628391226946
256 1306.559868519219 9.543615238265243
257 1311.3387947500394 9.561231219555312
258 1316.4694763571672 9.580106440979765
259 1321.7760356524486 9.599589032436803
260 1326.2735575822228 9.616073164981106
261 1331.122834888305 9.633813523512421
262 1336.394218645956 9.653059542968464
263 1341.4897247154531 9.67162762361652
264 1346.4797041720578 9.689777052596414
265 1351.6455613168166 9.708529803869489
266 1356.9521206120985 9.727755194483521
267 1361.8717489934415 9.745546177056092
268 1367.0376061382005 9.76419182076687
269 1371.9572345195438 9.781916533995888
270 1376.7361607503644 9.79910412720534
271 1381.9723689703844 9.817900111184734
272 1387.3141038032968 9.837037531761045
273 1392.268907722271 9.85475678053508
274 1397.0830094907221 9.871942891758843
275 1402.354393248373 9.890725554398509
276 1407.309197167347 9.90834879254149
277 1412.0881233981672 9.925317446430064
278 1417.3595071558184 9.943999293377525
279 1422.6308909134693 9.962646108387895
280 1427.937450208751 9.981382051206907
281 1433.208833966402 9.99995915923856
282 1438.198813423007 10.017513744715357
283 1443.2943194925042 10.035407514165467
284 1448.389825562001 10.053269434625552
285 1452.816996416514 10.06876509677203
286 1457.5959226473344 10.085463856051701
287 1463.1135351684006 10.10470678368628
288 1468.4200944636825 10.123179804560152
289 1473.6211271460718 10.141253158064233
290 1478.3648778392615 10.15771094276674
291 1483.6010860592814 10.175844559258541
292 1488.942820892194 10.194310045425626
293 1493.6513960477528 10.210561132779429
294 1498.430322278573 10.22702836917824
295 1503.596179423332 10.244797747519206
296 1508.9379142562443 10.263139173549623
297 1513.927893712849 10.280244361627343
298 1518.8475220941925 10.297080814488263
299 1523.907852626059 10.31436963721073
300 1529.2144119213403 10.332467816750922
301 1533.9229870768993 10.348501946086387
302 1538.6315622324578 10.364511270297017
303 1543.902945990109 10.382402872475986
304 1549.1743297477594 10.400263695728169
305 1554.4457135054106 10.41809389835612
306 1559.3301663491234 10.434589354804594
307 1564.5663745691434 10.452242625426845
308 1569.6970561762712 10.469511587819781
309 1574.264929181307 10.484864123290864
310 1579.0086798744965 10.500783383382748
311 1583.7172550300554 10.516560892643916
312 1588.8479366371832 10.533724412352463
313 1594.2600225453573 10.551798144262184
314 1599.3203530772234 10.568670294325926
315 1604.204805920936 10.584931096544912
316 1608.7375033883413 10.599999739532429
317 1613.6923073073156 10.616445651926744
318 1619.1747442907513 10.634611494359786
319 1624.6220057365556 10.652630208297346
320 1629.9285650318375 10.670154662698575
321 1634.7778423379195 10.686145255303673
322 1639.0643110419094 10.700261964955187
323 1644.054290498514 10.716669471332432
324 1649.5719030195803 10.73478097356154
325 1654.4915314009236 10.750905623047313
326 1659.4463353198978 10.767121041294978
327 1664.8584212280716 10.78480364215138
328 1670.200156060984 10.802228214948794
329 1675.0846089046966 10.81813796067845
330 1679.8987106731477 10.833795927140121
331 1684.5017592158142 10.848747007106047
332 1689.5972652853113 10.865271923610564
333 1694.939000118224 10.882567655754508
334 1699.9993306500903 10.898927768133275
335 1704.8486079561721 10.91458319802124
336 1709.803411875146 10.930555804201099
337 1715.1451467080587 10.947748398498595
338 1720.1703017022942 10.963898397597712
339 1725.6175631480987 10.981376816756883
340 1730.994473518642 10.998602467430802
341 1735.6326975989398 11.013442164316503
342 1740.4819749050216 11.028935043705971
343 1745.4367788239954 11.044742278591762
344 1750.7785136569078 11.061757401452383
345 1756.12024848982 11.078746391928137
346 1760.934350258271 11.094036545428652
347 1765.2559944998918 11.10774627048256
348 1769.9293941178196 11.122551591990218
349 1775.4118311012548 11.139892157114412
350 1780.683214858906 11.156540360094741
351 1785.778720928403 11.172610042252014
352 1790.7687003850076 11.188324878879435
353 1795.5828021534587 11.20346548394729
354 1800.7838348358482 11.219798799911324
355 1806.2310962816532 11.23687918548791
356 1811.1155491253658 11.252174383544173
357 1815.7889487432938 11.26678991837305
358 1820.9196303504214 11.282812240370546
359 1826.1910141080723 11.299249868276178
360 1831.356871252831 11.315335576523449
361 1836.3468507094358 11.330852467862213
362 1841.2313035531483 11.346020984331707
363 1846.3268096226454 11.361822676256793
364 1851.4574912297735 11.377711171997904
365 1856.6233483745323 11.39368610841127
366 1861.6836789063984 11.409313338230147
367 1866.6736583630034 11.424702590835278
368 1871.8746910453929 11.44072006254552
369 1877.0405481901514 11.456607140559969
370 1882.0305276467564 11.471932950128831
371 1886.844629415208 11.486699737822756
372 1891.342151344982 11.500479311293342
373 1896.3673063392177 11.515854178718282
374 1901.7793922473916 11.532388804899352
375 1906.6286695534736 11.547185433641781
376 1911.7241756229707 11.56271221594296
377 1917.276963681668 11.579607351640302
378 1922.0558899124883 11.594130283721704
379 1926.7292895304165 11.608315284440616
380 1932.0710243633291 11.624505518560857
381 1937.3775836586108 11.640566941615466
382 1942.2268609646926 11.655226236061308
383 1947.0057871955128 11.669655060520103
384 1951.9957666521175 11.68470143694927
385 1957.1264482592453 11.700151480102608
386 1962.6440607803117 11.71674283450386
387 1967.8802690003317 11.732467069942537
388 1973.0461261450903 11.747959617349904
389 1978.106456676957 11.763116206337354
390 1983.0260850583002 11.777833079523923
391 1988.297468815951 11.793580778686842
392 1993.287448272556 11.80846924976026
393 1997.8904968152226 11.822187760977581
394 2002.669423046043 11.836413057745098
395 2007.6945780402787 11.85135212326323
396 2012.8956107226682 11.86679372914475
397 2018.0262923297962 11.882007002050283
398 2022.9459207111395 11.896576800159927
399 2027.9359001677444 11.911336532951514
400 2033.136932850134 11.92670047673365
401 2038.5841942959387 11.942769904024717
402 2043.538998214913 11.957369141358198
403 2048.740030897302 11.972674013903433
404 2054.1169412678455 11.98847540299299
405 2058.61446319762 12.001678883004525
406 2063.604442654225 12.016309518728232
407 2068.664773186091 12.03112805030314
408 2073.3733483416504 12.04490114142707
409 2078.4688544111473 12.059787139769872
410 2083.4940094053827 12.074449839747398
411 2088.4839888619877 12.088992405146836
412 2093.473968318592 12.103517497439322
413 2098.5694743880895 12.118331492438529
414 2103.7353315328482 12.133331355576898
415 2108.6549599141913 12.14759971967948
416 2114.031870284735 12.16317386188845
417 2119.232902967124 12.178220093881523
418 2124.117355810837 12.192334443553293
419 2129.353564030857 12.207446091662435
420 2134.3083679498313 12.221729169109874
421 2138.5948366538205 12.23407412043464
422 2143.514465035164 12.248225126507927
423 2149.4893595454305 12.265386541883153
424 2154.760743303081 12.280509051179111
425 2159.46931845864 12.294002761511491
426 2164.1778936141986 12.307481677581825
427 2169.3085752213265 12.32215087680374
428 2174.579958978977 12.337203806576223
429 2179.605113973213 12.351537185347258
430 2184.3840402040328 12.365153515374027
431 2189.2333175101153 12.378954776163766
432 2194.68057895592 12.39443786821603
433 2199.881611638309 12.409203694418142
434 2204.7660644820216 12.423055616795615
435 2209.720868400996 12.437091085146228
436 2214.8515500081244 12.451607592874371
437 2219.7711783894674 12.46551165465173
438 2224.8666844589648 12.47989595958499
439 2230.243594829508 12.495055926526906
440 2235.1280476732204 12.50881277881604
441 2240.2587292803482 12.523246149548218
442 2245.2487087369536 12.537268145864003
443 2250.4497414193424 12.551865949801627
444 2255.404545338317 12.565757542783333
445 2259.937242805722 12.5784534336897
446 2264.962397799957 12.592512213991194
447 2270.30413263287 12.60743862438329
448 2275.8569206915668 12.622935526138011
449 2281.3745332126327 12.638315524213954
450 2286.4700392821296 12.652503374407575
451 2291.0730878247964 12.665307697512503
452 2295.9223651308785 12.678782235065421
453 2301.1585733508987 12.693314770445072
454 2306.4651326461803 12.70802541832436
455 2311.7013408662006 12.722524550189183
456 2316.8671980109593 12.736812888386346
457 2321.399895478364 12.749338442179992
458 2325.6511886447233 12.761076043091775
459 2331.028099015267 12.775902364316197
460 2336.9326424502706 12.792162452882547
461 2341.500515455307 12.804730493740086
462 2346.103563997973 12.817382745732129
463 2351.6563520566706 12.832626117830959
464 2357.138789040106 12.847658792001457
465 2362.09359295908 12.861230899020475
466 2366.5559393512235 12.873443172811717
467 2371.756972033613 12.887660198193691
468 2377.3801111675716 12.903012333844446
469 2382.1942129360223 12.916143098540976
470 2386.797261478689 12.928686320553304
471 2391.505836634248 12.941504213932099
472 2396.777220391899 12.955837558934814
473 2402.4003595258573 12.971109002577306
474 2407.214461294309 12.9841709019632
475 2411.993387525129 12.99712447540372
476 2417.1944202075183 13.011206357968186
477 2422.3251018146466 13.025083027617695
478 2427.455783421774 13.038944929059154
479 2432.445762878379 13.052412930265396
480 2437.7874977112915 13.06681399998613
481 2442.95335485605 13.080726269356436
482 2447.8378076997624 13.093867811394304
483 2452.3705051671677 13.106052129522142
484 2457.466011236665 13.119734173052422
485 2463.4409057469306 13.135757041135761
486 2468.6067628916894 13.14959636898965
487 2473.7022689611863 13.163233152123128
488 2478.7625994930527 13.176761921278906
489 2483.893281100181 13.190464423846821
490 2488.883260556786 13.203777874377112
491 2493.662186787606 13.216516211681547
492 2498.687341781842 13.229896970485385
493 2503.4662680126626 13.242610183321446
494 2508.280369781113 13.255404547657333
495 2513.34070031298 13.268839340159602
496 2518.7527862211537 13.283192068054717
497 2524.1648721293277 13.297529304299216
498 2529.2603781988246 13.311014534906947
499 2534.3207087306914 13.324393256783452
500 2539.662443563604 13.338500682966227
501 2544.8283007083623 13.352129871038873
502 2549.712753552075 13.365004550000155
503 2554.4916797828955 13.377589365774217
504 2559.1650794008233 13.389885135666411
505 2564.753042997151 13.404569788422197
506 2570.024426754802 13.418408502760856
507 2574.662650835099 13.43057477612684
508 2579.828507979858 13.444110622898512
509 2585.029540662247 13.457724796607557
510 2590.0546956564826 13.470865962410992
511 2595.290903876503 13.484544881998485
512 2600.3864099459997 13.497843273072892
513 2605.3763894026047 13.510853839175416
514 2610.753299773148 13.524858258352673
515 2615.848805842645 13.538117049957062
516 2620.9091363745115 13.55127156289219
517 2625.8639402934855 13.564139662119276
518 2630.4669888361514 13.57608420004648
519 2635.2810906046034 13.588564584289156
520 2640.200718985947 13.60130643088115
521 2645.4721027435976 13.61494517657022
522 2650.9545397270326 13.629114993889655
523 2656.190747947053 13.642635244484708
524 2661.180727403658 13.65550785775389
525 2665.9244780968475 13.667734663580267
526 2671.0551597039753 13.680945428614807
527 2676.8190009884565 13.69576972176275
528 2681.9145070579543 13.708863214043713
529 2686.4823800629897 13.720591584102348
530 2691.71858828301 13.73402178224313
531 2696.884445427769 13.747258851812122
532 2701.909600422004 13.760123510155855
533 2707.005106491502 13.77315582444893
534 2711.784032722322 13.78536803942144
535 2716.668485566034 13.797838472410755
536 2721.939869323686 13.811283142598377
537 2727.176077543706 13.824625236960697
538 2732.1308814626805 13.837239130138546
539 2737.4726162955926 13.850824219255383
540 2742.6032979027204 13.863860520771778
541 2747.4173996711716 13.876082076510652
542 2752.759134504084 13.889629174392468
543 2757.9953427241044 13.902896083173564
544 2762.7742689549245 13.914994434683521
545 2767.834599486791 13.927792999258205
546 2772.789403405766 13.94031354139542
547 2777.603505174216 13.952468128867322
548 2782.6990112437134 13.965320950012782
549 2787.5834640874264 13.977630835206023
550 2792.3623903182465 13.98966455577305
551 2797.6689496135273 14.003013409771189
552 2803.1162110593327 14.016702653370073
553 2808.3524192793534 14.029849399419088
554 2813.0961699725417 14.04175025241638
555 2817.4881652894246 14.052760574461466
556 2822.1967404449833 14.064554067125579
557 2827.221895439219 14.077128762042205
558 2832.6339813473933 14.090658191333029
559 2838.1867694060907 14.104525546590573
560 2843.8099085400486 14.11855455766142
561 2848.729536921392 14.130818517092122
562 2853.5084631522122 14.14272189434354
563 2858.8501979851253 14.156013824125008
564 2863.9105285169912 14.168594676316022
565 2868.4784015220275 14.179942803062007
566 2873.1518011399558 14.191543418711543
567 2878.282482747083 14.204267020577927
568 2883.4835154294724 14.217153296366012
569 2888.649372574231 14.229940951246743
570 2893.6745275684666 14.242369625592023
571 2898.453453799287 14.254179849073632
572 2903.443433255892 14.266500678472584
573 2908.398237174866 14.278724222110512
574 2913.2826900185787 14.29076414820151
575 2918.7651270020137 14.304264514304004
576 2924.2475639854497 14.317752150768355
577 2929.167192366793 14.329845631274727
578 2933.9461185976133 14.341583818878373
579 2939.041624667111 14.354088225440222
580 2944.1723062742394 14.36666787290722
581 2948.669828204014 14.37768755026389
582 2953.202525671419 14.388784780254976
583 2958.6849626548546 14.40219326381063
584 2964.0618730253977 14.415331777420933
585 2969.368432320679 14.428286815291022
586 2974.4639383901763 14.44071614477995
587 2978.8911092446892 14.451508122784508
588 2984.0921419270785 14.46417413070653
589 2989.152472458945 14.476487177361514
590 2993.8962231521346 14.488021154635566
591 2999.0972558345234 14.500655269251144
592 3004.2982885169126 14.51327838560793
593 3009.1827413606256 14.525123890232075
594 3014.1023697419687 14.537044857601634
595 3019.5496311877737 14.550231678934942
596 3024.785839407794 14.562896786287764
597 3029.7758188643984 14.574956646494439
598 3035.0120270844186 14.587600287387263
599 3040.2834108420693 14.600317725271074
600 3045.203039223412 14.612177347821788
601 3050.0874920671245 14.623942743755272
602 3054.9719449108375 14.635698681684751
603 3059.6453445287657 14.646938335643174
604 3064.811201673524 14.65935108494683
605 3069.9770588182823 14.671753332691013
606 3074.967038274887 14.683723788414563
607 3080.2735975701685 14.696442238366084
608 3085.720859015973 14.709486163166632
609 3090.7811895478394 14.721594033843717
610 3095.2435359399838 14.73226424494879
611 3099.9872866331725 14.743598128131817
612 3105.2938459284546 14.756264972378036
613 3110.424527535583 14.768502054092478
614 3115.2738048416645 14.780059296676546
615 3120.545188599316 14.792611275483397
616 3125.6758702064435 14.804818314800805
617 3130.2085676738484 14.815595617245545
618 3134.7412651412533 14.826365085658368
619 3139.5905424473353 14.837877258717654
620 3144.9322772802484 14.850547005172729
621 3150.0981344250063 14.862789710429292
622 3155.228816032134 14.874939158300634
623 3160.5353753274157 14.887494253040858
624 3165.630881396913 14.899540512516896
625 3171.1133183803486 14.912489759922297
626 3176.3847021379993 14.924930364128038
627 3180.776697454881 14.935289618416313
628 3185.06316615887 14.945393326613777
629 3190.2641988412593 14.957641122439222
630 3195.4300559860185 14.969796243479166
631 3200.208982216838 14.981033014750135
632 3205.8321213507975 14.994241964576586
633 3210.9276274202944 15.006202532355651
634 3215.6362025758526 15.017247277248826
635 3220.9075863335033 15.029601169702442
636 3226.0382679406316 15.0416158808495
637 3231.0282473972366 15.053292222837694
638 3236.299631154888 15.065616558257068
639 3241.500663837277 15.077766696063541
640 3246.349941143359 15.089087064248254
641 3251.234393987072 15.100480885087741
642 3256.2243734436765 15.112111745220195
643 3261.214352900282 15.12373366067864
644 3266.1339812816254 15.135183150674973
645 3271.3701895016457 15.147359172537769
646 3276.500871108774 15.159280553132032
647 3281.7019037911637 15.1713556793406
648 3286.727058785399 15.183013739869878
649 3291.505985016219 15.194092827241382
650 3296.742193236239 15.206221678649058
651 3302.0135769938897 15.218422167705178
652 3307.144258601018 15.230287924435414
653 3312.134238057623 15.24181973060714
654 3317.018690901336 15.253099463019359
655 3321.97349482031 15.264532977821107
656 3327.1041764274373 15.27636291849899
657 3332.2348580345656 15.28818370521475
658 3337.330364104062 15.299914488460432
659 3342.6369233993446 15.312121130835544
660 3347.8027805441034 15.323995077948128
661 3352.8631110759693 15.335617785465667
662 3358.13449483362 15.347715412926272
663 3363.124474290225 15.359159053649277
664 3367.727522832891 15.369708659196213
665 3372.4712735260814 15.380572819288181
666 3377.4612529826863 15.391992031200783
667 3382.5567590521828 15.403643758486366
668 3387.898493885096 15.415848528265649
669 3393.029175492223 15.427562439774244
670 3397.9136283359367 15.438706466591341
671 3403.7126451580484 15.451924554866343
672 3409.230257679115 15.464491276528685
673 3413.9740083723045 15.475288896259324
674 3418.8232856783857 15.486318681798723
675 3423.918791747883 15.497899491996836
676 3429.01429781738 15.509471654890227
677 3433.7932240482005 15.52031770395162
678 3438.8887301176974 15.531873163961958
679 3443.9138851119333 15.543260824467264
680 3448.5872847298615 15.553844661834699
681 3453.7531418746194 15.565534214670624
682 3458.9189990193786 15.577214995360368
683 3463.451696486783 15.587458265258128
684 3468.6527291691723 15.599201948550357
685 3473.7130597010396 15.610619755300224
686 3478.597512544752 15.621633194804115
687 3484.18547614108 15.634221788734692
688 3489.562386511623 15.64632577905484
689 3494.4116638177047 15.657235077620093
690 3499.049887898002 15.667662950996451
691 3504.18056950513 15.679188733245406
692 3509.2760755746267 15.690627192134077
693 3514.0550018054473 15.701348104551018
694 3519.256034487837 15.713006668387218
695 3524.2460139444415 15.72418446215584
696 3529.341520013939 15.735590212944373
697 3534.61290377159 15.747380572145785
698 3539.673234303456 15.758691017876671
699 3544.522511609538 15.769522582768571
700 3549.547666603774 15.780738752177133
701 3554.502470522748 15.791790252111753
702 3559.1406946030456 15.802129332367253
703 3564.623131586481 15.814339530708091
704 3569.8945153441314 15.826071222094267
705 3574.8141437254744 15.83701295990288
706 3579.980000870233 15.84849365446855
707 3585.321735703146 15.860356109615072
708 3590.5227683855355 15.871897875940904
709 3595.3368701539866 15.882574332863776
710 3600.115796384807 15.893165765721246
711 3605.387180142458 15.904839313585585
712 3610.834441588262 15.916892985433353
713 3615.789245507237 15.927850015365042
714 3620.849576039103 15.939032399266793
715 3625.663677807554 15.949663917447364
716 3630.512955113636 15.960365878358287
717 3635.4677590326096 15.97129308394565
718 3640.176334188169 15.981670880019095
719 3645.44771794582 15.993279827838132
720 3650.68392616584 16.00480304623967
721 3655.744256697706 16.015931701335237
722 3660.9452893800953 16.027361433571286
723 3666.111146524854 16.038705875036374
724 3671.1714770567205 16.049811022527297
725 3676.0559299004335 16.06052329120303
726 3680.6589784431 16.070612490522862
727 3685.473080211551 16.081157019169837
728 3690.849990582094 16.092924859085272
729 3695.8751455763295 16.103915784559415
730 3701.0058271834578 16.115129555262182
731 3706.488264166893 16.127102775717027
732 3711.372717010606 16.137763738107463
733 3716.4330475424717 16.148800765997716
734 3721.8099579130153 16.160519348859363
735 3726.975815057773 16.17177038077328
736 3732.352725428317 16.183472331160125
737 3737.4130559601826 16.19447820728837
738 3741.8754023523265 16.204178575047592
739 3746.8302062713014 16.214941476744777
740 3752.3478187923674 16.226917300794025
741 3757.056393947926 16.237131718095057
742 3761.553915877701 16.24688277650077
743 3767.036352861136 16.25875897198222
744 3772.6594919950935 16.27093068058027
745 3777.3680671506527 16.281117484872112
746 3782.0062912309504 16.29114601942964
747 3786.855568537032 16.301623800036587
748 3791.6696703054836 16.31201899743147
749 3797.0114051383957 16.323544608345312
750 3802.0717356702617 16.334456106450308
751 3807.0617151268675 16.345208922882374
752 3812.2979233468877 16.356484207495882
753 3817.2879028034927 16.367222552075965
754 3822.2427067224667 16.37787830799249
755 3827.2326861790716 16.38860263446926
756 3832.3633677861994 16.399621742504785
757 3837.14229401702 16.40987946070861
758 3841.9563957854702 16.420206124456296
759 3847.1222529302295 16.431279341342538
760 3852.569514376034 16.442947105430644
761 3857.6298449079 16.453779420695486
762 3862.232893450567 16.46362762753631
763 3866.871117530865 16.473545056494263
764 3871.720394836946 16.483906897937988
765 3877.0269541322273 16.49523739723277
766 3882.157635739356 16.50618531877579
767 3887.640072722791 16.517875079241414
768 3892.876280942811 16.529032580003378
769 3897.5496805607395 16.538985601840217
770 3902.574835554975 16.549680293404315
771 3907.8110437749947 16.560816366087863
772 3912.83619876923 16.57149696881066
773 3917.650300537682 16.58172298170328
774 3922.7809821448095 16.592613839556726
775 3927.9820148271997 16.6036465961289
776 3932.901643208543 16.614076244392113
777 3937.575042826471 16.623978349406595
778 3941.896687068092 16.633130688467876
779 3946.886666524697 16.643690544430758
780 3952.4394545833934 16.65543237410003
781 3957.781189416306 16.66672050453518
782 3962.7008177976495 16.677110707242576
783 3967.8314994047773 16.687939313418177
784 3972.856654399013 16.69853860684656
785 3977.6355806298334 16.708612815613858
786 3983.2587197637913 16.720457054917237
787 3988.4597524461806 16.731405511367683
788 3993.238678677001 16.741459942417674
789 3997.982429370191 16.75143447542421
790 4002.8668822139034 16.76169834810504
791 4007.7513350576155 16.771955939642325
792 4012.9171922023743 16.782797075127302
793 4018.3996291858098 16.794294299569618
794 4023.1785554166295 16.804311102758934
795 4027.9223061098196 16.814248351299042
796 4033.0881632545784 16.825062235925333
797 4038.324371474598 16.836016160010928
798 4043.2088243183102 16.846228499832993
799 4048.691261301746 16.857682463026777
800 4053.857118446504 16.868468503330067
801 4058.636044677325 16.878441286611427
802 4063.9074284349763 16.88943385077999
803 4068.7567057410574 16.89954069468795
804 4073.852211810555 16.91015369655822
805 4079.0532444929445 16.9209794131934
806 4084.148750562441 16.93157897691537
807 4089.4201343200916 16.942537064613617
808 4094.3397627014356 16.952758222517588
809 4098.87246016884 16.962170837207772
810 4103.756913012553 16.97230726916815
811 4109.133823383096 16.983457642188988
812 4114.123802839701 16.993799808257993
813 4118.902729070522 17.00369908404933
814 4123.892708527126 17.01402894613801
815 4128.953039058993 17.024497898409056
816 4134.189247279013 17.035323583375895
817 4139.566157649556 17.046432736361364
818 4145.224472321145 17.058114947889862
819 4150.319978390643 17.068629351099965
820 4155.204431234354 17.078702598665608
821 4159.877830852282 17.08833547074531
822 4164.6215815454725 17.09810764797051
823 4170.209545141801 17.10960994318481
824 4175.305051211298 17.12009272047719
825 4180.083977442118 17.12991901251978
826 4185.179483511615 17.140389369127366
827 4190.274989581112 17.150853333729547
828 4195.053915811933 17.160662012080202
829 4199.973544193275 17.170753328208523
830 4205.35045456382 17.18177491713686
831 4210.6570138591 17.192645505399465
832 4216.069099767275 17.203724990716314
833 4221.0239036862495 17.213862941200148
834 4225.802829917069 17.223635736283274
835 4231.074213674719 17.23440812765144
836 4236.029017593693 17.24452803971987
837 4240.421012910576 17.25349462933779
838 4245.657221130596 17.26417672007491
839 4251.596940103231 17.276284654325117
840 4256.270339721158 17.28580742008699
841 4260.697510575673 17.294824150974552
842 4265.687490032277 17.30498023264559
843 4271.06440040282 17.31591638629686
844 4276.159906472317 17.326274344100398
845 4280.903657165507 17.33591239675279
846 4286.104689847896 17.346472404739252
847 4291.3760736055465 17.357168560069468
848 4296.682632900828 17.367929369785077
849 4301.707787895063 17.378113927289704
850 4306.416363050623 17.387652084563356
851 4311.195289281443 17.39732725540251
852 4316.290795350941 17.407636771870518
853 4321.3511258828075 17.41786914907478
854 4326.516983027566 17.428308504209152
855 4331.92906893574 17.43923826890824
856 4336.8135217794525 17.449097567730828
857 4341.557272472642 17.458667815988868
858 4346.406549778724 17.468445317216595
859 4351.88898676216 17.479491558859532
860 4357.16037051981 17.490106365900846
861 4361.622716911955 17.499088535584328
862 4366.296116529883 17.508490120032732
863 4371.039867223072 17.518027921662277
864 4376.522304206507 17.529042917963153
865 4381.89921457705 17.53983936827141
866 4386.748491883132 17.549571645949218
867 4391.6329447268445 17.5593689944924
868 4396.763626333973 17.569653851782164
869 4402.105361166886 17.5803549816128
870 4407.09534062349 17.590346208038092
871 4412.3667243811415 17.60089416060797
872 4417.602932601161 17.61136553905779
873 4422.522560982506 17.621198747975228
874 4427.266311675694 17.630675576860323
875 4432.361817745193 17.64084872239164
876 4437.809079190995 17.65171698065281
877 4442.658356497078 17.661387608469717
878 4447.296580577376 17.67063282191041
879 4452.532788797396 17.681062898597638
880 4458.4373322324 17.69281561037032
881 4463.779067065313 17.70344229325579
882 4468.663519909024 17.713154534386984
883 4473.723850440892 17.723210523829664
884 4478.819356510388 17.733330584574187
885 4483.914862579886 17.7434448732934
886 4488.553086660183 17.752647353050516
887 4493.4727150415265 17.762402348981485
888 4498.779274336809 17.772917807109838
889 4503.945131481567 17.783148736989187
890 4509.110988626326 17.79337378423435
891 4514.382372383976 17.80380145249216
892 4519.337176302951 17.813597894922538
893 4524.362331297187 17.823527794407195
894 4529.422661829052 17.833521546540332
895 4534.307114672764 17.843162984161594
896 4539.895078269093 17.85418529493002
897 4545.166462026743 17.86457746715491
898 4549.839861644672 17.8737868060197
899 4554.196681423923 17.882368684322888
900 4559.362538568682 17.89253703043953
901 4565.091204315532 17.90380538320196
902 4569.975657159245 17.913408992372382
903 4574.930461078219 17.92314552555534
904 4579.885264997194 17.93287677235477
905 4585.156648754844 17.9432233689141
906 4590.216979286712 17.95315049175652
907 4595.066256592793 17.962658836352663
908 4600.372815888074 17.97305713122777
909 4605.257268731786 17.982623756582733
910 4610.1768971131305 17.99225406490652
911 4615.553807483673 18.00277272480866
912 4620.754840166063 18.012941793099976
913 4625.744819622668 18.022693208306293
914 4630.875501229795 18.032713813162808
915 4636.006182836924 18.04272885275771
916 4641.347917669836 18.05314956627263
917 4646.4434237393325 18.063084775641656
918 4651.116823357262 18.072192958218498
919 4656.141978351497 18.08198084821183
920 4661.1671333457325 18.09176344282438
921 4666.473692641013 18.102087576914865
922 4671.393321022358 18.111654364182947
923 4675.996369565023 18.12060156950926
924 4681.02152455926 18.13036332556297
925 4686.328083854541 18.140665491874813
926 4691.634643149822 18.15096181085941
927 4696.8356758322125 18.161047902579025
928 4702.036708514602 18.171128395899448
929 4706.815634745422 18.180386623997133
930 4711.770438664396 18.189980252882094
931 4716.971471346786 18.200044721393787
932 4722.137328491544 18.210035680479375
933 4727.162483485779 18.219749519692886
934 4731.7655320284475 18.228643668513126
935 4736.755511485052 18.23827975530438
936 4741.7454909416565 18.247910753614164
937 4746.7002948606305 18.257468901085225
938 4751.936503080651 18.267563920005394
939 4756.891306999626 18.27711178971419
940 4761.810935380969 18.286587011770155
941 4766.730563762313 18.296057326767766
942 4772.001947519963 18.30619865615623
943 4777.3436823528755 18.31646947549474
944 4782.368837347111 18.326126899122674
945 4787.288465728455 18.3355767918023
946 4792.454322873215 18.345493940248026
947 4797.620180017972 18.355405730609043
948 4802.399106248793 18.36457105823672
949 4807.03733032909 18.37346244514614
950 4811.8866076351715 18.38275338774735
951 4817.052464779929 18.392645099015386
952 4822.1831463870585 18.402464256860753
953 4827.419354607079 18.412479779280844
954 4832.761089439991 18.42269134601403
955 4837.997297660011 18.432695877919997
956 4842.916926041354 18.4420911637813
957 4847.555150121651 18.45094519430888
958 4852.72100726641 18.460800366912263
959 4858.203444249845 18.4712531665462
960 4863.298950319342 18.48096360833089
961 4867.93717439964 18.489799024397765
962 4873.067856006767 18.499566615175702
963 4878.444766377311 18.50979698414579
964 4883.6457990597 18.519687650033035
965 4888.882007279721 18.529639811722586
966 4893.731284585802 18.538852484544872
967 4898.756439580037 18.548394122395955
968 4903.816770111905 18.557997527552512
969 4908.806749568509 18.567462688040255
970 4913.867080100376 18.577056235708593
971 4918.610830793565 18.586045689321192
972 4923.319405949124 18.59496425674153
973 4928.0631566423135 18.60394505717404
974 4933.299364862333 18.61385216949299
975 4938.887328458662 18.624418376262916
976 4943.912483452897 18.633916199502906
977 4948.79693629661 18.6431437117921
978 4954.56077758109 18.65402497879077
979 4959.79698580111 18.66390550787103
980 4964.611087569562 18.672985676141465
981 4969.77694471432 18.682723722331882
982 4974.344817719356 18.691331372627307
983 4979.616201477007 18.7012583538019
984 4984.922760772289 18.7112461954522
985 4989.807213616001 18.720435590959433
986 4994.691666459713 18.72962047783395
987 4999.9982257549955 18.739593203025404
988 5005.4806627384305 18.74989058022822
989 5010.22441343162 18.75879720961305
990 5015.2495684258565 18.768227029408063
991 5020.837532022184 18.778706374341773
992 5026.2847934679885 18.788916461906584
993 5031.274772924594 18.798265352197426
994 5036.33510345646 18.807741171244846
995 5041.184380762541 18.816817686741814
996 5045.822604842839 18.82549547624841
997 5050.425653385507 18.834103571965503
998 5055.485983917372 18.843561369137102
999 5061.2850007394845 18.854392595895213
1000 5066.767437722919 18.86462730922091
1001 5071.757417179525 18.873938697445354
1002 5076.395641259822 18.88259023611684
1003 5081.350445178796 18.891827276029222
1004 5086.621828936447 18.901648958797363
1005 5091.96356376936 18.91159639400333
1006 5097.129420914118 18.921211636501447
1007 5101.732469456785 18.929776206457177
1008 5106.7927999886515 18.93918622695982
1009 5112.064183746303 18.948983362538172
1010 5117.19486535343 18.958514379044875
1011 5122.325546960557 18.968040606429387
1012 5127.315526417163 18.977301254031776
1013 5132.024101572722 18.986036032575
1014 5137.084432104588 18.995418182897385
1015 5142.672395700915 19.005772260276334
1016 5147.59202408226 19.014884390256515
1017 5152.441301388341 19.023862075466216
1018 5157.431280844946 19.033095562873736
1019 5162.456435839182 19.04238955019829
1020 5167.587117446309 19.051873838764624
1021 5172.471570290022 19.060899015960402
1022 5177.004267757427 19.069271078258975
