1 14.627859237536656 0.5248625183338668
2 19.518738448190536 0.5248625183338668
3 24.814668019438518 0.67984330337206
4 29.91687785301107 0.801292717419048
5 34.59642644074627 0.8983686567569976
6 39.5225274218866 0.9903264510813292
7 44.5895154849727 1.07674927835783
8 49.51561646611302 1.1545861789888516
9 54.67065895541523 1.2307774803900757
10 60.01942118239289 1.3051361307916156
11 64.89268950780354 1.3693793106701218
12 69.67790340699807 1.4296564763237871
13 74.86816766678675 1.4922808632874758
14 79.9879883856025 1.551581632831828
15 84.87886759625638 1.6061896608099713
16 89.82257946263991 1.659561914879622
17 95.10089814864467 1.714710388593037
18 100.27355152319011 1.7670868583151909
19 105.04115453714144 1.8140269077594522
20 110.21380791168687 1.8636141956308143
21 115.4569048272052 1.9125645778562494
22 120.22450784115651 1.9560165954601518
23 125.08016528132394 1.9992998803959081
24 130.2704295411126 2.0445499618230314
25 135.51352645663093 2.089265406956312
26 140.68617983117636 2.1324620017214118
27 145.84122232047855 2.174658168611554
28 150.7673233016189 2.214230879239319
29 155.74625693848887 2.253521573564184
30 160.7604123458453 2.2924094642052197
31 166.02112014660685 2.332510842943614
32 171.49315857028705 2.3735028864567647
33 176.5953684038596 2.411099138125092
34 181.76802177840503 2.4486247776964376
35 186.62367921857248 2.4833369469293727
36 191.19756249484834 2.515598715433459
37 196.3173832136641 2.551223291971429
38 201.71897809637144 2.588275151299452
39 206.821187929944 2.622794570812432
40 211.80012156681397 2.656048278293419
41 217.1136620233052 2.691081380629654
42 222.5152569060125 2.726233110082164
43 227.59985585434185 2.758914602846405
44 232.45551329450927 2.7897686061454463
45 237.66338843954117 2.822483604386795
46 242.87126358457306 2.8548237280486934
47 247.85019722144307 2.885404584139304
48 253.16373767793428 2.917685067775183
49 258.1074495443178 2.947403378830991
50 262.78699813205304 2.9752618207476984
51 267.8011535394094 3.004823550735946
52 272.6568109795769 3.0331771562328744
53 277.565301075474 3.061572081595143
54 282.40334763039823 3.089304519512488
55 287.6288336606733 3.118978602369044
56 292.6253781827865 3.1470921347390384
57 297.4634247377107 3.1740774577841964
58 302.4951910303104 3.201900945318321
59 307.22757227377525 3.227851723322994
60 312.2769494516181 3.255310889904971
61 317.1149960065423 3.281406374317476
62 322.2172058401149 3.308702297768769
63 327.2313612474714 3.335309965253424
64 332.12224045812525 3.361061175800072
65 337.4181700293732 3.3887222490872033
66 342.48515809245924 3.414978917971735
67 347.4464808440861 3.440494414989736
68 352.39019271046965 3.4657325837983572
69 357.2282392653938 3.490255169164442
70 362.34805998420967 3.5160182784345952
71 367.3622153915661 3.5410685115293434
72 372.2707054874632 3.5654208942359826
73 377.2496391243332 3.5899536555499956
74 382.22857276120317 3.614319900747448
75 387.20750639807324 3.6385229751756842
76 392.20405092018643 3.6626507918967213
77 397.49998049143437 3.6880505795568674
78 402.30280527587223 3.710937254620592
79 407.21129537176927 3.7341820064695406
80 412.7009446806928 3.760005939299571
81 417.6622674323195 3.7831951407444233
82 422.3770377905411 3.8051021366742557
83 427.65535647654593 3.8294762354600085
84 432.9688969330371 3.853857130006135
85 437.771721717475 3.8757648288899564
86 442.8563206658043 3.8988223637595056
87 448.24030466326843 3.9230885168359153
88 453.4481798083003 3.946419685249833
89 458.55038964187287 3.9691449247887585
90 463.59976681971574 3.9915076946125287
91 468.63153311231537 4.013668600142219
92 473.4167470115099 4.034631776949511
93 478.3428479926502 4.056098348393284
94 483.32178162952016 4.077680088945306
95 488.1069955287148 4.09831585551726
96 493.1739835918008 4.1200528370782985
97 498.4699131630489 4.142649108276611
98 503.4312359146756 4.163707775971936
99 508.33972601057275 4.184438121588015
100 513.4595467293884 4.205951233883496
101 518.3856477105288 4.226547765975687
102 523.4702466588581 4.247701594199496
103 528.519623836701 4.26860528457945
104 533.3048377358956 4.288322401515862
105 538.5831564219003 4.309964615489638
106 543.4035920915813 4.329636647998549
107 548.5058019251538 4.3503605144333815
108 553.9602294635908 4.372404994800005
109 558.7278324775422 4.391585487702262
110 563.7419878848985 4.411666891873816
111 568.9498630299305 4.432427053664069
112 574.3866796831243 4.453995749044448
113 579.348002434751 4.4735890448151565
114 584.1684381044321 4.492544652956668
115 589.3587023642207 4.512864056610725
116 594.4080795420637 4.532545006464214
117 599.5983438018521 4.552685885305854
118 604.7533862911545 4.572602402547855
119 609.8203743542406 4.592094866236888
120 614.6936426796511 4.610765081536128
121 619.6725763165211 4.62976195209377
122 624.9685058877692 4.649881932591749
123 630.0002721803689 4.6689189265460325
124 634.9263731615092 4.687481645716357
125 639.7996414869199 4.705773427984118
126 644.8842404352491 4.724782150619461
127 650.0216720393081 4.743910838725515
128 655.3176016105562 4.763548708658861
129 660.8953053456955 4.7841433024819775
130 666.2088458021868 4.80368126328437
131 671.3286665210027 4.822432691872058
132 676.4484872398184 4.84111148973492
133 681.4978644176612 4.859463210913128
134 686.3887436283151 4.877173603776053
135 691.4205099209148 4.895326783472831
136 696.7516612626492 4.914485847379228
137 701.7482057847624 4.932375951465085
138 706.5158087987138 4.949386849281047
139 711.4419097798541 4.966901490879815
140 716.4208434167241 4.984541254322849
141 721.3645552831076 5.001994805962164
142 726.5724304281395 5.020314418447318
143 731.745083802685 5.038444314285055
144 736.7240174395549 5.0558344715876204
145 741.8086163878842 5.073531809241421
146 746.8756044509702 5.091106711523272
147 752.1187013664885 5.1092282139703915
148 756.974358806656 5.12595474350551
149 761.9356815582828 5.142988707147898
150 767.1787784738011 5.160928040204066
151 772.2457665368873 5.178206326991746
152 777.2775328294869 5.195307759942033
153 782.2564664663569 5.21217457655211
154 787.6228395785777 5.230291695180742
155 792.6017732154477 5.247046055888866
156 797.281321803183 5.262745342221441
157 802.5948622596742 5.280512766542625
158 807.8907918309222 5.298162071096704
159 812.940169008765 5.31493589554779
160 818.1832659242835 5.332296781696996
161 823.1093669054238 5.348557675146086
162 827.8769699193751 5.364248955968504
163 832.8911253267315 5.380701490574222
164 838.0461678160336 5.397563569999979
165 843.0427123381468 5.413857577983677
166 847.8279262373416 5.4294172632515965
167 853.0710231528597 5.446413242934126
168 858.1204003307026 5.462731867388595
169 863.0112795413565 5.478492412893774
170 868.1134893749291 5.494885096158392
171 873.4622516019066 5.51201681180727
172 878.5996832059657 5.528422289280293
173 883.4905624166197 5.543996092329334
174 888.5927722501921 5.560195659651907
175 893.8358691657105 5.5767930899331075
176 899.3079075893907 5.594062056099728
177 904.7447242425843 5.611167332556355
178 909.6884361089678 5.626677470477018
179 914.4032064671894 5.641430328768089
180 919.4349727597892 5.65713161504671
181 924.3082410851998 5.672297372895277
182 929.3576182630426 5.687967978876932
183 934.4598280966152 5.703758658163781
184 939.2450419958096 5.718529598977474
185 944.4176953703551 5.734452460563504
186 949.5903487449004 5.75033123137652
187 954.4988388407976 5.765359418132929
188 959.671492215343 5.781153299155405
189 964.650425852213 5.796315602542506
190 969.5941377185965 5.81133161049202
191 974.3793516177909 5.825829814790931
192 979.4287287956339 5.841088534946342
193 985.0944869569895 5.85816076467604
194 990.1790859053189 5.873441100418105
195 995.1580195421888 5.888365771249516
196 1000.1369531790588 5.903252709478494
197 1005.0630541601992 5.91794498016272
198 1010.130042223285 5.933019072695276
199 1015.2674738273441 5.948263527444886
200 1020.2640183494573 5.963052940770479
201 1025.5247261502188 5.978583950677895
202 1030.979153688656 5.994643849997619
203 1035.7643675878505 6.008699762187943
204 1040.5495814870449 6.0227228705894
205 1045.7046239763472 6.037792207209842
206 1051.0533862033249 6.053387634300834
207 1055.9794871844654 6.067716381586586
208 1060.7118684279303 6.081450416759401
209 1065.74363472053 6.096018465122925
210 1071.1100078327509 6.111516058012129
211 1076.3707156335124 6.12667072790859
212 1081.1911513031935 6.140525443732919
213 1086.4870808744413 6.155709461883286
214 1091.8886757571488 6.171157667120172
215 1096.8499985087756 6.185313877390562
216 1101.8993756866184 6.1996878956940185
217 1107.1248617168935 6.214527746480065
218 1112.1390171242497 6.228734765650972
219 1117.06511810539 6.242661052555794
220 1122.2377714799354 6.257250295871055
221 1127.1638724610757 6.2711132585408125
222 1131.8786428192975 6.2843534511528825
223 1137.1921832757887 6.299240020793246
224 1142.45289107655 6.313944133458513
225 1147.414213828177 6.327780916705268
226 1152.4988127765064 6.3419298439126734
227 1157.4249137576467 6.355608104766859
228 1162.5799562469488 6.369889978869451
229 1167.717387851008 6.3840913228012806
230 1172.5906561764184 6.397534008855309
231 1177.3230374198833 6.410561479198927
232 1182.108251319078 6.423707373658324
233 1187.2456829231369 6.437790001029661
234 1192.629666920601 6.452514841837719
235 1197.7494876394169 6.466486772007125
236 1202.3762035714224 6.47908840326503
237 1207.161417470617 6.4920955385088535
238 1212.3516817304057 6.506173146771151
239 1217.4715024492211 6.520030092275118
240 1222.7145993647396 6.534189911418772
241 1227.9753071655011 6.548366474118467
242 1232.8309646056684 6.561425345867642
243 1237.7922873572954 6.574741316491354
244 1242.7712209941653 6.588077449053005
245 1247.8558199424947 6.601668523184999
246 1252.9228080055807 6.615184790974805
247 1257.919352527694 6.628486343143866
248 1262.7045664268883 6.641200881244891
249 1267.7891653752179 6.654683460566609
250 1273.0498731759792 6.668603874965931
251 1278.0464176980925 6.681799085853376
252 1282.990129564476 6.694829314219823
253 1287.7753434636707 6.707418094195429
254 1292.5429464776219 6.7199371386632265
255 1297.4866583440055 6.732893558523808
256 1302.9234749971995 6.747112287257731
257 1308.0432957160153 6.760475397874865
258 1313.2687817462904 6.774086854552944
259 1318.7055983994842 6.78821929960132
260 1323.7373646920837 6.801273646538302
261 1328.8043527551697 6.814394011489883
262 1333.8713408182557 6.827489163122997
263 1338.797441799396 6.840196525599972
264 1343.7235427805363 6.852880324731922
265 1348.8961961550817 6.8661730966513845
266 1354.0336277591407 6.879350017853754
267 1358.8892851993082 6.891781754973092
268 1363.6568882132594 6.903966498718332
269 1368.6886545058592 6.916802394968475
270 1373.5971446017566 6.929301214462503
271 1378.470412927167 6.941688173444928
272 1383.907229580361 6.955480087226046
273 1389.4849333155003 6.969600711856864
274 1394.1468710179925 6.981383102266498
275 1399.0553611138894 6.993766508135803
276 1404.3512906851374 7.007101842010726
277 1409.1541154695753 7.019174770204213
278 1414.0097729097427 7.031359295663034
279 1418.9710956613694 7.043786932757912
280 1424.4431340850497 7.057467213785706
281 1429.6686201153248 7.070506953636058
282 1434.7532190636541 7.083172410488587
283 1439.7497635857676 7.095596717627566
284 1444.6406427964214 7.107737505167088
285 1449.7428526299939 7.120380294914579
286 1454.8450624635666 7.133000676157041
287 1460.246657346274 7.1463365873287445
288 1465.5249760322788 7.159344424374583
289 1470.6271858658513 7.171896240791023
290 1475.7117848141806 7.184382959166587
291 1480.5850531395915 7.196330862360132
292 1485.4759323502453 7.2083019875494045
293 1490.578142183818 7.220768701845924
294 1495.715573787877 7.23329968413606
295 1500.6416747690175 7.245295339514518
296 1505.6206084058874 7.257399372553027
297 1510.7404291247033 7.269824553669789
298 1515.8074171877893 7.282100766253713
299 1520.9624596770918 7.294568906480778
300 1525.8357280025023 7.306336627064883
301 1530.8498834098589 7.318424460021999
302 1536.3747544892685 7.3317192087730465
303 1541.6354622900303 7.344356488975977
304 1546.931391861278 7.35705637406372
305 1552.1040452358236 7.369439784626303
306 1556.9597026759907 7.381046120250743
307 1561.8681927718883 7.392760092075112
308 1567.1289005726499 7.40529320552875
309 1572.1606668652494 7.417261584673069
310 1576.8402154529845 7.428375706702066
311 1581.5197640407198 7.439473224925
312 1586.3225888251575 7.4508455959533375
313 1591.495242199703 7.4630733845258845
314 1596.4565649513297 7.474783284631254
315 1601.4883312439292 7.486640575573223
316 1606.5553193070155 7.49856183788279
317 1611.3229223209667 7.509762132970471
318 1616.2314124168636 7.521275639378408
319 1621.2631787094633 7.533059750136305
320 1626.312555887306 7.54486656219302
321 1631.3619330651488 7.556654926849113
322 1636.2528122758029 7.5680561141302825
323 1641.2141350274294 7.579603825795179
324 1646.0521815823538 7.590847973677669
325 1651.2424458421424 7.6028913903939115
326 1656.5383754133902 7.615160126229383
327 1661.3764219683146 7.626351850760061
328 1666.1792467527525 7.637445959347447
329 1671.2638457010817 7.649172739404147
330 1676.7182732395183 7.661731686130395
331 1681.6972068763885 7.673178841014772
332 1686.5528643165562 7.684326425668832
333 1691.2676346747776 7.695135438301468
334 1696.0528485739721 7.7060902770215645
335 1701.3839999157065 7.718275337451403
336 1706.7503730279277 7.730521430339031
337 1712.1343570253916 7.742788210438768
338 1717.078068891775 7.754035710166392
339 1721.8280610204831 7.764827568286537
340 1726.8422164278395 7.7762027258991315
341 1731.856371835196 7.787561268031189
342 1736.8705272425523 7.798903267280472
343 1742.043180617098 7.810586176496573
344 1746.898838057265 7.821537924891431
345 1751.7897172679193 7.8325535538333035
346 1757.0856468391669 7.844463106398984
347 1762.5224634923607 7.856670412719859
348 1767.7127277521495 7.868306965843866
349 1772.8325484709655 7.879768898714872
350 1777.8467038783217 7.890978365590203
351 1782.843248400435 7.902132683567963
352 1788.0863453159532 7.913819958972202
353 1792.9948354118505 7.924746449744412
354 1798.0794343601797 7.936048708773625
355 1802.9527026855906 7.946866582787281
356 1807.6322512733257 7.957241023688787
357 1812.734461106898 7.968536114677822
358 1818.118445104362 7.980437049291429
359 1823.1854331674483 7.991621739449138
360 1828.1643668043182 8.002597023615417
361 1833.1961330969182 8.01367338228823
362 1838.0517905370853 8.024347959057511
363 1843.0307241739554 8.03527854302343
364 1848.0272686960689 8.046232823282775
365 1853.0766458739117 8.057287688090067
366 1858.0908012812679 8.06825052645902
367 1863.281065541057 8.07958235878227
368 1868.418497145116 8.090783322232209
369 1873.7672593720936 8.102428147226808
370 1878.9751345171253 8.113750470785432
371 1883.9540681539954 8.124560775704314
372 1889.28521949573 8.136119137845593
373 1894.140876935897 8.146633274872075
374 1898.9789234908214 8.157095838515716
375 1904.4509619145017 8.168911900510338
376 1909.3242302399124 8.179421801991452
377 1914.373607417755 8.190296896759468
378 1919.8280349561921 8.202027315857874
379 1924.5428053144137 8.212154947859272
380 1929.257575672635 8.222270105343188
381 1934.4126181619372 8.233314620901082
382 1939.7613803889149 8.244758138381377
383 1944.7931466815148 8.255509597597381
384 1950.0010218265468 8.266622256836225
385 1955.085620774876 8.27745772278608
386 1960.082165296989 8.28809192365838
387 1965.201986015805 8.298974100659573
388 1970.2161414231612 8.309618089447724
389 1975.7586233878144 8.321366658084374
390 1980.9841094180897 8.332428707527834
391 1985.9278212844733 8.342881318157417
392 1991.0476420032892 8.353692122484949
393 1996.2026844925913 8.364563111053103
394 2001.2344507851913 8.375160774242302
395 2006.2662170777908 8.385745044420531
396 2011.2275398294175 8.396168218860772
397 2016.0127537286119 8.40620953243558
398 2021.1149635621848 8.41690215014169
399 2026.2876169367303 8.427728404092122
400 2031.3193832293298 8.43824673784535
401 2036.5096474891184 8.449082349190189
402 2041.6470790931776 8.459794100234493
403 2046.4851256481018 8.469869834999816
404 2051.3055613177826 8.479897024065751
405 2056.249273184166 8.490168082057341
406 2061.2810394767657 8.500609155654779
407 2066.2423622283923 8.510891658726832
408 2070.9219108161283 8.520579384703868
409 2075.707124715322 8.530474253805808
410 2081.1439413685157 8.541701208851583
411 2086.0172096939264 8.551752973390323
412 2090.820034478364 8.561648039265076
413 2095.798968115234 8.571893504016122
414 2100.6722364406446 8.581909905189372
415 2106.179496634811 8.593214026979238
416 2111.5810915175184 8.604287029545759
417 2116.824188433037 8.615021803868121
418 2121.891176496123 8.625383655806615
419 2126.79966659202 8.635409843172805
420 2131.884265540349 8.645783132536732
421 2136.9688644886787 8.656143990839542
422 2141.877354584576 8.666134590453657
423 2146.7682337952297 8.676077938965806
424 2151.7119456616133 8.686117022342907
425 2156.67326841324 8.696180180701145
426 2161.564147623894 8.70608921378429
427 2166.6487465722234 8.716378388623454
428 2171.786178176282 8.726762050647833
429 2176.7122791574225 8.736707396090083
430 2181.7616563352653 8.74688963958445
431 2186.828644398351 8.757095460014272
432 2192.300682822032 8.768102988410414
433 2197.6670559342524 8.778884747824868
434 2202.9629855055005 8.789512140590068
435 2208.1708606505326 8.799950482291235
436 2213.0265180907 8.809672387825403
437 2218.093506153786 8.819805559622393
438 2223.4422683807643 8.830489070442725
439 2228.7029761815256 8.84098427235793
440 2233.4353574249903 8.850415808774702
441 2238.3438475208877 8.860187353432151
442 2243.358002928244 8.870157924579331
443 2248.213660368411 8.879802964988192
444 2253.1397613495515 8.889577095299925
445 2258.0306405602055 8.899270790150888
446 2263.0095741970754 8.909127998428078
447 2268.0237296044315 8.919043859149564
448 2273.2139938642204 8.929296047061772
449 2278.633199632171 8.939987480750059
450 2283.8410747772027 8.950250330418996
451 2288.7495648731 8.95991299772912
452 2293.3762808051056 8.969012001979678
453 2298.4080470977055 8.97889627110549
454 2303.6863657837102 8.989252706132032
455 2308.7005211910664 8.999080279881968
456 2313.9964507623145 9.00944793745702
457 2319.2219367925895 9.019666138250585
458 2324.130426888487 9.029254520458158
459 2329.1269714105997 9.039004291276472
460 2334.1587377031997 9.04881210620107
461 2339.1728931105563 9.058575064677086
462 2344.3455464851013 9.068635313566801
463 2349.53581074489 9.078718576159872
464 2354.866962086624 9.089063637813005
465 2360.1981134283587 9.099396938221721
466 2364.9833273275535 9.108663051355123
467 2370.1031480463694 9.11856600412198
468 2375.152525224212 9.12832231101114
469 2380.061015320109 9.137796679912155
470 2385.3745557766006 9.148041030950822
471 2390.3887111839567 9.157698202770076
472 2395.2795903946108 9.167108379209337
473 2400.681185277318 9.177488981715351
474 2406.0827801600253 9.18785785604258
475 2410.973659370679 9.197237174608206
476 2416.269588941927 9.207381707086071
477 2421.5479076279316 9.217481427559978
478 2426.5972848057745 9.22713314684403
479 2432.016490573725 9.23747987112733
480 2437.365252800703 9.247680870528836
481 2442.379408208059 9.257234098379676
482 2447.5520615826044 9.267078687498277
483 2452.548606104718 9.276578506258929
484 2457.474707085858 9.285935010490494
485 2462.4536407227283 9.29538219305669
486 2467.344519933382 9.304653125084629
487 2472.3410644554956 9.314114620330134
488 2477.249554551392 9.323400190400356
489 2482.2637099587487 9.332875911497798
490 2487.401141562808 9.342574401864885
491 2492.573794937353 9.352329159223514
492 2497.394230607034 9.361411176707374
493 2502.1442227357425 9.370351999261754
494 2507.158378143099 9.379780288425055
495 2512.3838641733737 9.38959548473111
496 2517.5917393184054 9.399367435528864
497 2522.817225348681 9.409162199464738
498 2528.130765805172 9.419111414373559
499 2533.004034130582 9.428227787499404
500 2538.0534113084254 9.43766398295418
501 2543.3141191091872 9.447484698903855
502 2548.3282745165434 9.45683608851718
503 2553.4657061206026 9.466407580494623
504 2558.409417986986 9.475609373695823
505 2563.652514902504 9.485358105901218
506 2568.930833588509 9.495162155783117
507 2573.6808257172174 9.503977153555393
508 2578.7478137803037 9.513370815017968
509 2583.850023613876 9.522820347244012
510 2588.8641790212323 9.532097829698511
511 2593.8783344285894 9.541366291260466
512 2599.0333769178906 9.550885543525522
513 2604.100364980977 9.560233114012313
514 2609.114520388333 9.569474325338673
515 2614.3576173038514 9.579127531128805
516 2619.4069944816943 9.588415223581238
517 2624.3330954628354 9.597467725190455
518 2629.4881379521375 9.606931388200692
519 2634.8721219496015 9.616804998770345
520 2640.0976079798766 9.626378524249395
521 2645.5168137478267 9.63629657866676
522 2650.9536304010203 9.646236587316194
523 2655.7916769559442 9.655074267034669
524 2660.5945017403824 9.66383967852925
525 2665.485380951036 9.672757465969466
526 2670.8341431780145 9.682499889446447
527 2676.2533489459647 9.692360515840567
528 2681.4436132057526 9.701795550498097
529 2686.387325072137 9.710774295929793
530 2691.119706315602 9.719361836592956
531 2696.2395270344177 9.728643168449887
532 2701.306515097504 9.73782010656181
533 2706.6024446687516 9.747402047814973
534 2711.775098043297 9.756752068687042
535 2716.7011990244378 9.765648527675816
536 2721.680132661307 9.774632078090669
537 2726.711898953907 9.783702480025426
538 2731.7436652465058 9.792764480639379
539 2736.669766227647 9.801628252976148
540 2742.000917569381 9.811211099382405
541 2747.08551651771 9.820342461031354
542 2751.905952187391 9.828992042363994
543 2757.518877693017 9.839052595696833
544 2763.078970542914 9.849008403552519
545 2768.0402932945403 9.857884526744686
546 2772.8783398494647 9.86653263036766
547 2777.7868299453617 9.875298785141625
548 2782.8362071232045 9.88430818712136
549 2788.06169315348 9.893622867572322
550 2793.2343465280255 9.902834831190072
551 2798.1252257386795 9.911537587931708
552 2803.1393811460366 9.92045155353533
553 2808.13592566815 9.92932628170421
554 2813.4494661246404 9.938754798720417
555 2818.6045086139434 9.94789379268855
556 2823.1431701197325 9.955934152182866
557 2828.4390996909806 9.965306372439796
558 2833.6469748360123 9.974514319894817
559 2838.4497996204504 9.982999256142818
560 2843.692896535969 9.992252976304284
561 2849.112102303919 10.001808226633651
562 2854.460864530897 10.011230439662198
563 2859.6335179054427 10.020334284049625
564 2864.471564460367 10.028842304452581
565 2869.2039457038322 10.03715771778578
566 2874.4294317341073 10.046330681371298
567 2879.690139534869 10.05555696320866
568 2884.581018745522 10.064127657352422
569 2889.7184503495814 10.073122116724837
570 2894.9263254946136 10.082231598195344
571 2899.7291502790513 10.090625958284743
572 2904.672862145435 10.099259019989338
573 2909.563741356089 10.107792657944056
574 2914.4017879110133 10.116227123758405
575 2919.768161023234 10.125573495841392
576 2924.9584252830227 10.134605229328136
577 2929.9021371494064 10.143200859548788
578 2935.162844950168 10.152339107714198
579 2940.1241677017947 10.160950259075541
580 2945.0150469124487 10.169432129207562
581 2949.993980549318 10.178059290773527
582 2954.603085596081 10.186039760609786
583 2959.335466839546 10.194226949055643
584 2964.2791787059296 10.202772349301851
585 2969.5046647362046 10.211796547103456
586 2974.4483766025874 10.220327257101905
587 2979.3920884689715 10.228850852617128
588 2984.52952007303 10.237700593397491
589 2989.4556210541705 10.246179467309721
590 2994.557830887743 10.254953767724567
591 2999.677651606559 10.263750784512226
592 3004.9383594073206 10.272781796935396
593 3010.128623667109 10.281684219138743
594 3014.931448451547 10.28991587003742
595 3019.945603858903 10.298502331965869
596 3025.01259192199 10.307171911355665
597 3029.6745296244812 10.315142691603237
598 3034.3716890974592 10.323167404394269
599 3039.667618668707 10.332206517154813
600 3045.104435321901 10.341477653584581
601 3049.907260106339 10.349661747610428
602 3054.8509719727226 10.358078915164558
603 3059.7242402981324 10.366369576152023
604 3064.5798977383006 10.374623717485171
605 3069.8406055390624 10.383558299555972
606 3075.1013133398237 10.392485200429661
607 3080.520519107774 10.401672793404163
608 3085.957335760968 10.41088206865764
609 3091.006712938811 10.419428376339647
610 3096.232198969086 10.428265090484972
611 3101.475295884604 10.437124038342235
612 3106.295731554285 10.445262883654996
613 3111.4507740435874 10.453959090707404
614 3116.2712097132685 10.46208483941434
615 3120.8803147600306 10.46984881769195
616 3125.8768592821443 10.478258235404676
617 3130.8205711485275 10.486572184019522
618 3135.58817416248 10.494584023576019
619 3140.602329569836 10.503003165616752
620 3145.6693176329222 10.511504080087125
621 3150.595418614062 10.519762272121755
622 3155.7152393328784 10.52833802888012
623 3161.116834215585 10.537377739442578
624 3166.2014331639148 10.54588035391028
625 3170.8809817516503 10.553700235625673
626 3175.7014174213314 10.561749248129534
627 3180.5746857467416 10.569880158117142
628 3185.888226203233 10.578737783757786
629 3190.673440102428 10.58670916958182
630 3195.476264886865 10.594703831238938
631 3200.7017509171405 10.6033944743853
632 3205.68068455401 10.61166883554924
633 3210.959003240015 10.62043320410222
634 3216.078823958831 10.628927736663
635 3221.1105902514305 10.637269705465807
636 3226.212800085003 10.645721670636968
637 3231.086068410414 10.653788493548351
638 3236.2058891292295 10.662256452255793
639 3241.589873126694 10.671153655554251
640 3246.6568611897796 10.679520722821865
641 3251.6181839414066 10.687707129153841
642 3256.9493352831405 10.696496178920931
643 3261.875436264281 10.704611657689318
644 3266.537373966773 10.712286715722021
645 3271.9037470789935 10.721113472025888
646 3276.935513371594 10.729383767750669
647 3281.9672796641935 10.737647693572745
648 3287.316041891171 10.746424759190866
649 3292.1540884460956 10.75435836804911
650 3297.3619635911273 10.762891281139353
651 3302.7283367033488 10.771676570053797
652 3307.9009900778938 10.780138235566708
653 3313.091254337682 10.78862201175696
654 3318.4400165646593 10.797357640933692
655 3323.7007243654207 10.805942703304558
656 3328.7853233137507 10.814234162546688
657 3333.9579766882957 10.822662554587632
658 3338.8488558989493 10.83062622536781
659 3343.7397351096033 10.838584044826924
660 3348.560170779284 10.846421650189344
661 3353.257330252263 10.854053580331582
662 3358.3243183153486 10.862279763173179
663 3363.655469657083 10.870927673411586
664 3368.6344032939523 10.878998555771947
665 3373.5252825046064 10.886921017424527
666 3378.380939944774 10.894780783920135
667 3383.130932073482 10.902464203122264
668 3388.1979201365684 10.91065388641282
669 3393.4762388225727 10.91917827478447
670 3398.525616000415 10.927327049132364
671 3403.5926040635013 10.935498112451604
672 3408.659592126587 10.943663074865077
673 3413.656136648701 10.951708673931467
674 3419.18100772811 10.960597285636815
675 3424.336050217413 10.968884939656919
676 3428.8747117232024 10.976177419822537
677 3433.5014276552083 10.983606243679827
678 3438.6212483740237 10.99182011791539
679 3444.040454141974 11.000507159422435
680 3449.21310751652 11.008792940762653
681 3454.1568193829034 11.016706519437271
682 3459.1357530197733 11.0246706813108
683 3464.0794648861565 11.03257287101155
684 3468.776624359135 11.040076116820602
685 3473.861223307464 11.048191864757035
686 3479.139541993469 11.056610215066529
687 3484.3826389089872 11.064966102172537
688 3489.4320160868297 11.073007589828608
689 3494.3405061827266 11.080819330451687
690 3499.4427160162995 11.088933228041407
691 3504.632980276088 11.097180933489382
692 3509.7175792244175 11.10525494916218
693 3514.6612910908007 11.113099837971278
694 3519.816333580103 11.121273846562742
695 3524.8833216431894 11.129302516284353
696 3529.8798661653027 11.137214008964433
697 3535.299071933253 11.145787730859059
698 3540.5597797340147 11.15410461768403
699 3545.221717436506 11.161470591285752
700 3549.9893204504583 11.16899831754763
701 3555.021086743058 11.17693720895838
702 3560.158518347117 11.185036837130376
703 3565.331171721662 11.193186020791616
704 3570.539046866694 11.201384651784904
705 3575.5003696183203 11.209189931775917
706 3580.3384161732447 11.216796232886825
707 3585.1940736134125 11.224425010669348
708 3590.2434507912553 11.232352338771888
709 3595.6450456739626 11.240825905406194
710 3600.5711466551033 11.248548674025415
711 3605.497247636244 11.256266144161078
712 3610.810788092735 11.264584060174306
713 3615.5960019919294 11.272070439477224
714 3620.240328809178 11.279331879321337
715 3625.3777604132374 11.287358030949482
716 3630.374304935351 11.295158817003864
717 3635.300405916491 11.302844462240827
718 3640.613946372983 11.311128125795157
719 3645.9274868294738 11.319405727276518
720 3650.99447489256 11.327293964024824
721 3656.167128267106 11.33534087689976
722 3661.410225182625 11.343491446191882
723 3666.4772132457106 11.351362945415898
724 3671.5618121940397 11.359256293166906
725 3676.5759676013963 11.367035022507428
726 3681.801453631671 11.375135617242815
727 3686.8684416947576 11.382985234085076
728 3691.6184338234652 11.390339336915554
729 3696.6502001160648 11.39812406344581
730 3701.8228534906107 11.406121006450167
731 3706.8722306684535 11.413922141663594
732 3711.9568296167827 11.421772256145248
733 3717.0766503355985 11.429671248975465
734 3722.020362201982 11.437293621415972
735 3727.4219570846894 11.445615464264868
736 3732.73549754118 11.453795872825971
737 3737.8729291452387 11.461699855227865
738 3743.256913142703 11.469976951071395
739 3748.3062903205455 11.477734685044938
740 3753.302834842659 11.485406169691347
741 3758.3346011352587 11.493126504063227
742 3763.225480345912 11.500625917816489
743 3768.186803097539 11.508228243780035
744 3773.3946782425705 11.51620259165903
745 3778.162281256522 11.523498591546717
746 3782.929884270473 11.5307899749594
747 3787.8735961368566 11.538345547323946
748 3792.341814101673 11.545170884625644
749 3797.2503041975706 11.552663359802256
750 3802.4229575721156 11.560553401675843
751 3807.5427782909314 11.568357633709546
752 3812.78587520645 11.576344143801172
753 3817.6767544171034 11.583789682088996
754 3822.673298939217 11.591390976986837
755 3827.705065231817 11.599040767968203
756 3832.7016097539304 11.60663207478762
757 3837.469212767881 11.613871265720741
758 3842.236815781833 11.621105947111012
759 3847.3390256154053 11.628842871749017
760 3852.2299048260597 11.636254818410418
761 3857.314503774389 11.643955041748939
762 3862.4167136079614 11.651676794183723
763 3867.096262195696 11.65875500817193
764 3872.0047522915934 11.666174535394365
765 3877.3006818628423 11.674173827053973
766 3882.191561073496 11.681557011264545
767 3887.3994362185276 11.689413117373403
768 3892.9595290684238 11.697794218611513
769 3897.6214667709164 11.70481804723497
770 3902.336237129138 11.711917106795461
771 3907.7554428970884 11.720070416867934
772 3912.716765648716 11.727530489652418
773 3917.396314236451 11.734562949261537
774 3922.392858758564 11.742066640616635
775 3927.407014165921 11.749591935966988
776 3932.49161311425 11.757217931000147
777 3937.41771409539 11.764601723530609
778 3942.1500953388545 11.77169107636741
779 3947.0409745495085 11.779013136106943
780 3952.037519071622 11.786488528950441
781 3957.174950675681 11.794169556100398
782 3962.594156443631 11.802266044194235
783 3968.0133622115823 11.810356981811982
784 3973.4325679795325 11.818442380353252
785 3978.569999583591 11.8261026535666
786 3983.1967155155967 11.83299790152416
787 3988.1404273819808 11.840360630500292
788 3993.27785898604 11.848006732580227
789 3998.327236163883 11.855517102912094
790 4003.3061698007523 11.862918143247192
791 4008.126605470434 11.870079418028455
792 4013.017484681088 11.877340824168282
793 4018.0668618589307 11.884832657451646
794 4023.0105737253143 11.892163294306688
795 4027.901452935968 11.899411224157564
796 4032.9860518842975 11.906941265366932
797 4038.000207291653 11.914362423812545
798 4042.803032076091 11.921466780405739
799 4048.0461289916093 11.929216889244294
800 4053.306836792371 11.93698794803376
801 4058.0216071505924 11.943949014839019
802 4063.000540787463 11.951295292352885
803 4068.243637702981 11.959026070685272
804 4073.4162910775267 11.96664818599642
805 4078.588944452072 11.974265449516839
806 4083.726376056132 11.981826101661545
807 4088.652477037271 11.98907156400052
808 4093.6666324446282 11.996441915659172
809 4098.645566081498 12.003756067653434
810 4103.6244997183685 12.011065765687443
811 4108.673876896211 12.018474240511711
812 4113.635199647838 12.025749202408461
813 4118.5789115142215 12.03299399160715
814 4123.6106778068215 12.040363215354857
815 4128.9594400338 12.048191294602386
816 4134.255369605048 12.05593711518606
817 4139.498466520567 12.063600835556294
818 4144.618287239382 12.071079840181723
819 4149.385890253333 12.078040659199932
820 4154.417656545932 12.085382415170123
821 4159.643142576208 12.093001828688312
822 4164.79818506551 12.100513922564701
823 4169.970838440055 12.108046970435138
824 4175.090659158872 12.11549853809865
825 4180.351366959633 12.123150189102768
826 4185.453576793206 12.1305669121188
827 4190.502953971049 12.137902448593252
828 4195.798883542297 12.145591056245642
829 4200.865871605382 12.152943044147246
830 4205.77436170128 12.160061043596647
831 4211.35206543642 12.168143466565244
832 4216.647995007667 12.175812978068548
833 4221.221878283943 12.182433918639102
834 4226.147979265083 12.189560140475802
835 4231.267799983899 12.196961908880569
836 4236.246733620769 12.20415588652594
837 4241.137612831423 12.211218635573502
838 4245.975659386347 12.21820115112102
839 4250.901760367487 12.225306523990431
840 4255.9335266600865 12.232559894034427
841 4261.000514723173 12.239859643389392
842 4265.891393933826 12.246901802212022
843 4270.711829603508 12.253838674878311
844 4275.47943261746 12.260695735854004
845 4280.229424746167 12.267523682384947
846 4285.472521661686 12.275055303019586
847 4290.6099532657445 12.282430800421977
848 4295.817828410777 12.289902814438852
849 4301.113757982025 12.29749638919809
850 4305.9694154221925 12.30445514975676
851 4311.036403485278 12.31171227169919
852 4316.085780663122 12.318939942352308
853 4320.959048988531 12.325911758562802
854 4325.832317313943 12.332879633583977
855 4330.8464727212995 12.340044640337767
856 4335.931071669628 12.347305962873836
857 4340.892394421256 12.35438729157395
858 4345.959382484341 12.361615099934825
859 4350.885483465481 12.368638086515617
860 4355.68830824992 12.37548166115428
861 4360.632020116303 12.382521829917845
862 4365.558121097442 12.389532965558466
863 4370.836439783448 12.397040496509232
864 4376.167591125182 12.404618490674922
865 4380.882361483405 12.411317282898095
866 4385.931738661247 12.418486982677868
867 4391.157224691522 12.42590214216639
868 4396.329878066067 12.433238045448043
869 4401.872360030721 12.441093141704956
870 4407.2915657986705 12.448768887744396
871 4412.200055894568 12.4557178343997
872 4417.02049156425 12.462538476855432
873 4421.981814315875 12.469554366395228
874 4427.224911231395 12.47696403340172
875 4432.415175491183 12.484294774853705
876 4437.358887357566 12.491273615939473
877 4442.284988338708 12.498223745178096
878 4447.140645778874 12.505070806459639
879 4452.489408005852 12.512608160900408
880 4457.979057314776 12.520339148535822
881 4463.098878033591 12.527545481169316
882 4467.972146359002 12.534401268483448
883 4473.003912651601 12.541475874671848
884 4477.965235403228 12.54844763006007
885 4482.803281958152 12.55524259932231
886 4488.15204418513 12.562749851903444
887 4493.588860838324 12.570375984351179
888 4498.321242081789 12.577011150193107
889 4503.14167775147 12.58376604951797
890 4508.490439978447 12.591256295646733
891 4513.698315123479 12.598545151082368
892 4518.906190268512 12.605829792007292
893 4524.0964545283 12.613085636738461
894 4529.304329673332 12.620361884704245
895 4534.635481015066 12.627805863569487
896 4539.913799701071 12.63517181899122
897 4545.1745075018325 12.642508951007379
898 4550.294328220649 12.649645685342682
899 4555.0971530050865 12.65633731357813
900 4560.146530182929 12.66336828956833
901 4565.354405327961 12.670615662170576
902 4570.174840997643 12.677320685987308
903 4575.153774634512 12.68424222692487
904 4580.414482435273 12.691550990803913
905 4585.5695249245755 12.698709009726109
906 4590.372349709014 12.70537479746506
907 4595.6330575097745 12.712671411821049
908 4600.840932654808 12.719890693167525
909 4605.731811865461 12.726667234955173
910 4610.992519666223 12.733951648649896
911 4616.464558089903 12.74152399478659
912 4621.795709431638 12.74889722826358
913 4626.739421298021 12.755731302424522
914 4631.735965820134 12.762634619942434
915 4636.90861919468 12.769777080678994
916 4642.1341052249545 12.776988369642911
917 4647.042595320852 12.783758905255532
918 4652.109583383938 12.790744086112927
919 4657.141349676538 12.797676985767746
920 4661.768065608542 12.804049031334955
921 4666.72938836017 12.810877893657945
922 4672.025317931418 12.818162842630835
923 4676.9338080273155 12.824911641407583
924 4681.859909008454 12.831681060803364
925 4686.926897071541 12.838640168449013
926 4691.870608937925 12.845426497307848
927 4697.0784840829565 12.852571210420741
928 4702.215915687017 12.859615483905468
929 4707.282903750102 12.866559482730187
930 4712.314670042702 12.873451552643163
931 4716.958996859951 12.879810189967438
932 4721.620934562443 12.886189757546077
933 4726.846420592718 12.893335936647317
934 4732.212793704939 12.900670485500418
935 4737.226949112295 12.907520313542802
936 4742.047384781976 12.914102336648856
937 4746.762155140197 12.9205369841586
938 4751.529758154149 12.927040404371578
939 4756.737633299181 12.934140034708642
940 4761.9807302147 12.941283701077209
941 4767.047718277786 12.948183902018824
942 4771.885764832709 12.954769205353559
943 4776.882309354823 12.961566515914548
944 4782.178238926071 12.968766818802214
945 4787.121950792453 12.975485090095527
946 4791.889553806405 12.981960983631726
947 4796.921320099005 12.98879181972492
948 4801.865031965388 12.995499738716438
949 4806.63263497934 13.001965663553497
950 4812.051840747291 13.009310488112693
951 4817.347770318538 13.016484380588599
952 4822.044929791517 13.022844625546279
953 4826.812532805468 13.029296980204448
954 4831.721022901365 13.035936473766455
955 4837.069785128343 13.043167056422183
956 4842.471380011051 13.050464927927802
957 4847.644033385595 13.057449945649992
958 4852.605356137223 13.06414635146664
959 4857.5314571183635 13.070791870763113
960 4862.774554033882 13.077860892482413
961 4868.000040064157 13.084902392867763
962 4873.260747864918 13.091987485166202
963 4878.098794419843 13.09850049109538
964 4882.936840974767 13.105010260152541
965 4888.179937890286 13.112060833942815
966 4892.912319133751 13.118422023900052
967 4897.697533032945 13.124851021666842
968 4902.887797292733 13.131820089979477
969 4907.919563585334 13.138573013505125
970 4912.916108107447 13.145275281016582
971 4918.000707055776 13.15209204001388
972 4922.873975381188 13.158622435710743
973 4927.782465477085 13.16519670780881
974 4933.060784163089 13.17226215662025
975 4938.110161340932 13.179017890757438
976 4943.1947602892615 13.185817205626488
977 4948.420246319537 13.192801085741841
978 4953.3815690711635 13.199428824662654
979 4958.50138978998 13.206264600020036
980 4963.797319361228 13.213331560955035
981 4968.793863883341 13.219995927466497
982 4973.825630175941 13.22670383269571
983 4979.139170632433 13.233783314622979
984 4984.188547810275 13.240507658717933
985 4989.378812070063 13.247415883681153
986 4994.481021903636 13.254203510473825
987 4999.319068458561 13.260636843701516
988 5004.579776259322 13.267628091765536
989 5009.664375207651 13.274382019389712
990 5014.8546394674395 13.281272624689864
991 5020.062514612472 13.28818299665285
992 5025.1823353312875 13.294973138030064
993 5030.407821361563 13.30189970826335
994 5035.404365883676 13.308519723515348
995 5040.471353946762 13.315229617243924
996 5045.644007321308 13.32207581452722
997 5050.869493351582 13.328988300533796
998 5056.112590267101 13.335920459798812
999 5061.619850461267 13.343197675323776
1000 5066.634005868624 13.349820443430103
1001 5071.630550390737 13.356416707123385
1002 5076.8736473062545 13.363334638054921
1003 5081.852580943125 13.36990103720221
1004 5086.63779484232 13.37620916733825
1005 5091.440619626757 13.382537499246737
1006 5096.666105657032 13.389418771048307
1007 5101.838759031577 13.396227053711135
1008 5107.205132143798 13.403286413219805
1009 5112.395396403588 13.410110782892215
1010 5117.268664728998 13.416515590347434
1011 5122.124322169166 13.42289423619479
1012 5126.944757838847 13.429223663078616
1013 5132.04696767242 13.435919443597438
1014 5137.0963448502625 13.442542673802985
1015 5141.8991696347 13.448839792613175
1016 5146.842881501083 13.4553183645056
1017 5151.733760711738 13.461724702034038
1018 5156.307643988013 13.467713482936121
1019 5161.21613408391 13.474136944835067
1020 5166.741005163321 13.481362556782331
1021 5172.072156505054 13.48833137250553
1022 5176.85737040425 13.494584141733307
