1 14.627859237536656 0.6675276235627681
2 19.484609260824868 0.6675276235627681
3 24.834574912689174 0.9071366609394564
4 30.32545931557523 1.1000589812442698
5 34.794682773553646 1.2350615412399237
6 39.580973421330995 1.364904617646197
7 45.318465638505096 1.505846369474171
8 50.45705316383679 1.621722390259019
9 55.384262562635875 1.7255434398716725
10 60.24101258592409 1.822101065008064
11 64.7102360439025 1.9066461495351665
12 70.13066107127769 2.00438715235747
13 75.37493765987568 2.094618071281885
14 80.2316876831639 2.1748510277166115
15 85.82826114931628 2.2637704430334513
16 91.24868617669142 2.3466838167401844
17 95.99974713671334 2.4170292258418318
18 100.85649716000154 2.4868820653165122
19 106.0655440608441 2.5596791113339163
20 111.34505033719756 2.631405788319779
21 115.70858473190965 2.689255823799684
22 120.14257850213262 2.7467911956454905
23 125.45731446624151 2.8141932066007698
24 131.40618480994823 2.88776481868879
25 137.14367702712232 2.956990754338493
26 141.89473798714425 3.013121249479784
27 146.43442082063356 3.0657970311319946
28 151.25594115616633 3.1207661403120897
29 156.21838024272085 3.1763469924008376
30 161.2160490170308 3.231355967941008
31 166.88308185869403 3.292613785602134
32 172.72626313913446 3.3546029570904388
33 177.47732409915636 3.404183652881143
34 181.8760881816239 3.449456343741659
35 187.26128352124368 3.5040740749275407
36 192.7521679241297 3.558899824830012
37 197.36231013312985 3.6042952513360516
38 202.00768202988547 3.649466100161888
39 207.7099445593041 3.704150270658408
40 213.02468052341302 3.754404181654008
41 217.88143054670124 3.799750371727129
42 222.63249150672314 3.84359314057351
43 227.41878215450046 3.887260710948742
44 232.62782905534303 3.9342306212386666
45 237.4493493908758 3.977215162335657
46 242.48224785294119 4.021592207661719
47 247.97313225582724 4.069451649217773
48 253.2878682199361 4.1152470468883875
49 258.4616854330232 4.159344989458216
50 263.42412451957773 4.201208118499559
51 268.527482357154 4.243828179339591
52 273.59561050697477 4.285734862864045
53 278.13529334046416 4.322931307203415
54 283.30911055355125 4.364931565466635
55 288.2715496401058 4.404841255348758
56 293.3749074776821 4.445509469749517
57 299.21808875812246 4.49161551161888
58 304.3214465956987 4.531505033101643
59 308.8963591169435 4.566971852207473
60 313.85879820349794 4.605130922402835
61 318.50417010025353 4.640569940201095
62 323.0790826214983 4.675209450252237
63 328.8165748386724 4.718282746605428
64 334.025621739515 4.757054427176624
65 339.0585202015804 4.794218420173776
66 344.1266483514012 4.831353429355488
67 349.0890874379557 4.8674402793419524
68 354.2276749632875 4.904527000187618
69 358.90827654779855 4.938069047187903
70 363.4831890690432 4.970635769056618
71 369.18545159846184 5.010922705451863
72 374.6058766258371 5.04892213021863
73 379.00464070830463 5.079556811558248
74 383.89662041934827 5.113407062992917
75 388.75337044263654 5.146793557165976
76 393.9271876557236 5.182120840398531
77 398.88962674227815 5.215781371770504
78 403.394079888012 5.246151430176282
79 409.0611127296752 5.284103422334757
80 415.04521276113735 5.323883308611052
81 419.9371924721811 5.356189678654539
82 424.75871280771383 5.387841658785648
83 429.89730033304545 5.4213695652256515
84 434.82450973184467 5.4533260139635615
85 439.2585035020676 5.481927544322962
86 444.1504832131113 5.513307899185826
87 449.0776926119103 5.544734497073918
88 454.56857701479635 5.579544200348032
89 460.4822176707477 5.616790317059864
90 465.09235987974785 5.64566291603085
91 469.5968130254817 5.6737323933790185
92 474.9115489895906 5.706668099975743
93 480.19105526594404 5.739198556687544
94 485.01257560147684 5.76874942595924
95 489.7988662492542 5.7979356278012455
96 495.18406158887393 5.83059547553479
97 500.78063505502627 5.864343375461453
98 505.7430741415808 5.894109104770123
99 510.9873507301788 5.925401180252608
100 516.0202491922443 5.955278547990162
101 520.2428648359345 5.9802352796520255
102 525.0291554837119 6.008394261748866
103 531.1541742661957 6.0442299060830695
104 536.7507477323481 6.076791487584613
105 541.4665790046146 6.1040984481416585
106 545.9710321503485 6.130069116644432
107 550.4050259205716 6.1555269767480425
108 555.7197618846803 6.1858979859900085
109 561.0344978487893 6.216120608923028
110 566.1730853741209 6.24520341120179
111 570.9946057096537 6.27237080486375
112 576.1684229227408 6.301390957408905
113 581.7297667011377 6.332434394631174
114 586.6217464121813 6.359619465999986
115 592.2535495660893 6.390768470232394
116 597.8148933444862 6.421379836476711
117 602.3545761779754 6.4462648701663525
118 606.5771918216658 6.469327800643875
119 611.4691715327094 6.495940007589492
120 617.2418934376391 6.527199056041351
121 622.8384669037913 6.55736281924212
122 627.4486091127915 6.5821108649739015
123 631.7416841319928 6.605075274230247
124 637.1268794716125 6.633762539724158
125 642.652993562254 6.663071404078001
126 647.8268107753411 6.690397074931321
127 653.3176951782272 6.719274206403944
128 658.5972014545806 6.746924123676582
129 663.5244108533798 6.772628867911318
130 668.4516202521788 6.798236420887587
131 673.6254374652659 6.825020946392038
132 678.8344843661084 6.851881906811904
133 683.3389375118425 6.87502837631444
134 688.1604578473751 6.899716301526421
135 694.2502469421037 6.93076592684553
136 699.7059016572342 6.95846728177406
137 704.6331110560334 6.9833934131865165
138 709.525090767077 7.008053792127659
139 713.9238548495445 7.030156518754845
140 719.4147392524304 7.057643623674054
141 724.6942455287839 7.083972952276899
142 729.374847113295 7.107236706893656
143 734.9714205794473 7.134948719774267
144 740.18046748029 7.160647176059907
145 745.4247440688879 7.186426440729752
146 750.351953467687 7.210564585373079
147 755.3496222419969 7.234965294681831
148 761.0518847714156 7.26270261174437
149 765.4858785416387 7.284203059585418
150 769.8494129363509 7.305300450789908
151 774.7413926473945 7.328877749446316
152 780.0913582992587 7.354573601489778
153 786.0754583307207 7.383206442021502
154 791.2140458560525 7.407708659775753
155 795.5071208752538 7.428121130377249
156 800.8923162148735 7.453641363974838
157 806.3832006177594 7.479572342276829
158 811.0990318900259 7.501774823625213
159 816.766064731689 7.528364341207614
160 821.9751116325316 7.552724303201634
161 826.6204835292874 7.574384658676888
162 831.5476929280863 7.597290280713023
163 836.7567398289289 7.621429941659428
164 842.1419351685486 7.646305016857656
165 846.8225367530596 7.667862885449143
166 851.5735977130815 7.68968312564775
167 857.3463196180111 7.716107665647042
168 862.8724337086525 7.741319823534715
169 867.834872795207 7.763892807340076
170 872.3745556286964 7.78448734958816
171 876.4914822091204 7.803119115222126
172 881.5596103589412 7.825989625942296
173 886.9095760108056 7.850058434098276
174 891.8367854096047 7.872161969279736
175 897.0810619982027 7.895618473468634
176 902.7128651521107 7.920729320357419
177 908.0276011162194 7.944354882428909
178 912.8843511395077 7.965885175307977
179 918.3047761668828 7.989843236459012
180 923.9718090085461 8.014813727890317
181 928.5819512175462 8.035074074855041
182 933.0159449877691 8.054513043942672
183 937.6260871967693 8.074673781068258
184 943.1169715996552 8.098616518348486
185 949.1363013188729 8.124780383422259
186 954.0987404054274 8.146290885578452
187 958.744112302183 8.166377027169744
188 963.8474701397591 8.188384560503735
189 968.7394498508028 8.209426051845158
190 973.8780373761346 8.231469268807535
191 978.9461655259554 8.253152853445426
192 983.9790639880207 8.274629626729354
193 989.5756374541733 8.298444136435398
194 994.6789952917493 8.320102345905921
195 999.9232718803474 8.342299446456845
196 1005.2380078444561 8.364734400204021
197 1009.7424609901901 8.383705093584158
198 1014.2469141359237 8.402632956783334
199 1020.1957844796306 8.427558534379942
200 1025.7571282580275 8.450795241549365
201 1030.6843376568265 8.471331469515883
202 1035.5763173678704 8.491671876399145
203 1039.6227845727835 8.508463513659656
204 1044.7261424103597 8.529588461589915
205 1050.1113377499794 8.55182234259386
206 1054.9328580855122 8.571682171295679
207 1060.4237424883984 8.594240401938034
208 1065.738478452507 8.616019360348858
209 1070.3838503492627 8.635012922707965
210 1074.9939925582628 8.653821379654312
211 1080.414417585638 8.675879943150463
212 1085.905301988524 8.698167946674534
213 1090.2336066954806 8.715700994744786
214 1094.7028301534592 8.733767290134825
215 1099.453891113481 8.752930733248855
216 1105.1209239551445 8.775730201563944
217 1111.4220911764055 8.801009341695261
218 1116.1379224486718 8.819885969423405
219 1120.6423755944058 8.837879724451124
220 1126.1332599972918 8.85976020355292
221 1131.2013881471128 8.879909715952722
222 1135.9524491071345 8.898758447463042
223 1140.8444288181784 8.91812403458894
224 1145.9830163435101 8.938419688005355
225 1151.4034413708853 8.959777610851743
226 1156.2249617064178 8.978735139335653
227 1161.6806164215486 9.000135292379662
228 1167.5942570774998 9.023272979541185
229 1172.133939910989 9.040999227704269
230 1176.6736227444785 9.058690788816024
231 1182.6929524636962 9.082089273672466
232 1188.1486071788268 9.103246462320657
233 1192.8996681388487 9.121633707652203
234 1197.4041212845827 9.13903337376603
235 1201.5210478650067 9.154908827359021
236 1206.80055414136 9.175221790619549
237 1211.9039119789363 9.194814999110639
238 1216.8311213777354 9.213693044577008
239 1222.1810870295997 9.23414551071661
240 1227.4605933059534 9.254284552729692
241 1232.9867073965947 9.275316581404963
242 1237.843457419883 9.293764028288283
243 1242.770666818682 9.312441487887158
244 1248.155862158302 9.332810537052689
245 1252.589855928525 9.349551727604739
246 1256.9886200109922 9.366130483395645
247 1261.8805997220359 9.38453166769718
248 1267.5828622514546 9.405932225643513
249 1273.6021919706723 9.42846900620537
250 1278.1418748041615 9.445434853568491
251 1282.3997201356074 9.461320904115238
252 1288.031523289515 9.482286387704105
253 1293.029192063825 9.500854504403943
254 1297.2518077075154 9.516517626195816
255 1303.1302186757116 9.53827266595357
256 1308.5858733908422 9.55842016385941
257 1313.1607859120868 9.575285377611676
258 1318.0527656231304 9.593285383679671
259 1323.4731906505058 9.613188480921428
260 1328.82315630237 9.632792770693317
261 1333.2571500725933 9.649013501377047
262 1338.0786704081258 9.666619440951278
263 1344.0275407518322 9.688293640273086
264 1349.3070470281857 9.707490557809448
265 1353.8115001739197 9.723841958824302
266 1358.6330205094523 9.741312658292655
267 1363.1022439674311 9.757480184711955
268 1368.099912741741 9.775525598680646
269 1373.2032705793172 9.793917943870612
270 1378.3066284168938 9.812275814105561
271 1383.9384315708012 9.832492997194125
272 1389.5702347247093 9.852668695722093
273 1394.744051937796 9.871168771329444
274 1399.1075863325086 9.886747360740404
275 1404.175714482329 9.904807876688917
276 1409.4552207586828 9.923585961935457
277 1413.8892145289055 9.939332137048119
278 1418.3936676746393 9.955302749830865
279 1423.1447286346615 9.972119041789126
280 1429.0583692906127 9.993006462811547
281 1435.148158385341 10.01447000379785
282 1439.758300594341 10.030692187112283
283 1444.3684428033412 10.046888177352425
284 1449.6479490796946 10.06540120005296
285 1454.539928790738 10.082526256253718
286 1459.3614491262708 10.09937649434193
287 1465.2398600944664 10.119878620559028
288 1470.8364335606188 10.139360084385974
289 1475.5874945206413 10.155871615162475
290 1480.3737851684184 10.172478354279493
291 1485.5476023815056 10.19039785055973
292 1491.179405535413 10.2098663184433
293 1495.7190883689022 10.225535781195726
294 1499.976933700348 10.240211701432527
295 1505.8905743562996 10.260553380414517
296 1511.3109993836747 10.279164556973207
297 1515.95637128043 10.29509021557176
298 1520.6722025526965 10.311232013090677
299 1525.317574449452 10.327108219884847
300 1530.4913916625392 10.344759865246791
301 1535.3481416858276 10.361303431414417
302 1540.1696620213602 10.377701029816807
303 1545.3787089222028 10.395386159756985
304 1550.6934448863117 10.413398817968579
305 1555.9729511626651 10.431261391215974
306 1560.7944714981977 10.447549190039439
307 1565.9330590235295 10.464879086778911
308 1571.3534840509049 10.483127520826072
309 1575.8579371966389 10.49827091135171
310 1580.432849717883 10.513628591593069
311 1585.1486809901498 10.52943537151864
312 1590.569106017525 10.547572116842165
313 1596.3065982346993 10.566734889887838
314 1600.881510755944 10.58199320860691
315 1605.3859639016778 10.596995318354878
316 1610.8768483045637 10.615250473626658
317 1615.9449764543845 10.632073566188415
318 1620.4846592878735 10.647121680946151
319 1626.081232754026 10.66564014557333
320 1631.4311984058902 10.683313320700956
321 1636.4640968679557 10.699913408316878
322 1641.1094687647112 10.715213740420978
323 1645.9662187879997 10.731186217335244
324 1651.1752656888423 10.74828974196975
325 1655.6797188345759 10.763060061505026
326 1660.113712604799 10.777579824533877
327 1665.9921235729948 10.796794181356846
328 1671.588697039147 10.815056366962352
329 1676.4806767501907 10.830996196592027
330 1681.3021970857237 10.846683754817027
331 1685.6305017926804 10.860748900432725
332 1691.1918455710772 10.8787896405089
333 1696.2247440331428 10.895091898632916
334 1700.6939674911212 10.90954970326871
335 1706.0791628307409 10.9269419685148
336 1711.7109659846485 10.94510039566018
337 1716.920012885491 10.961870160574195
338 1721.283547280203 10.97590077762753
339 1726.4221348055348 10.992397741299825
340 1732.1948567104641 11.01089910215868
341 1736.5583911051765 11.024867323508092
342 1741.0980739386657 11.039380022129306
343 1746.1309724007313 11.055445477691093
344 1751.1638708627963 11.071487621246444
345 1756.619525577927 11.088849747661403
346 1761.5115052889707 11.10439656695619
347 1766.0864178102156 11.118917085312681
348 1771.4716131498355 11.135982363727864
349 1776.4692819241454 11.151797360993971
350 1780.9737350698792 11.166033937388178
351 1785.936174156434 11.181695435152935
352 1791.8145851246297 11.200216539196969
353 1797.728225780581 11.218817696490191
354 1802.1269898630485 11.23263785724074
355 1806.9837398863367 11.247875593201464
356 1812.333705538201 11.264635331582562
357 1816.8381586839348 11.278729479146604
358 1821.377841517424 11.292915940349586
359 1827.5380899876636 11.312132701244833
360 1833.2403525170823 11.32989287954483
361 1837.6743462873053 11.34368712758756
362 1842.2140291207945 11.357792453669282
363 1846.753711954284 11.371880283957355
364 1852.3502854204364 11.389220377999973
365 1857.3831838825017 11.404793038712395
366 1861.8876370282355 11.418714190577461
367 1866.7796167392794 11.433812494356951
368 1872.2705011421654 11.450733644474878
369 1878.0079933593395 11.468387404944759
370 1882.829513694872 11.48320423646276
371 1888.0033309079593 11.499081355513743
372 1893.1419184332915 11.514828797829896
373 1897.3645340769815 11.52775579456711
374 1902.080365349248 11.542173830791155
375 1907.0428044358023 11.557325627229494
376 1912.921215403998 11.575245715499824
377 1918.870085747705 11.593352216601366
378 1922.987012328129 11.605870938823275
379 1927.4914654738627 11.619551185775425
380 1933.0528092522595 11.636415561634443
381 1938.0152483388142 11.651444804686829
382 1942.7663092988362 11.665816361467678
383 1947.4821405711025 11.680063975017926
384 1952.6911874719449 11.695779974277809
385 1958.8514359421845 11.714335876245343
386 1963.7081859654727 11.728947827904602
387 1968.6706250520272 11.74385865307155
388 1974.1262797671577 11.760228171346021
389 1978.2784360353373 11.772674867436294
390 1982.8885782443376 11.786477413968717
391 1989.1897454655984 11.805311291616174
392 1994.7863189317509 11.822015662227496
393 1999.5373798917726 11.836180112721143
394 2004.0418330375066 11.84959447285045
395 2008.2292189934415 11.8620520284246
396 2013.7553330840833 11.878467638018241
397 2018.7882315461482 11.893399718527055
398 2023.468833130659 11.907270790734767
399 2029.4177034743661 11.92487316191934
400 2034.5210613119425 11.939955104131437
401 2039.1312035209428 11.953564497015225
402 2044.1288722952524 11.968299184082799
403 2049.5140676348724 11.984155014639818
404 2055.040181725514 12.000403598100824
405 2059.1218786181826 12.01239480228482
406 2063.2035755108514 12.02437404834894
407 2068.3069333484277 12.039331344199217
408 2073.7978177513132 12.0554026086238
409 2079.4648505929767 12.071966542597886
410 2084.004533426466 12.08522188367404
411 2088.12146000689 12.097231609260058
412 2093.330506907733 12.11240634037213
413 2098.5395538085754 12.127562083967794
414 2103.431533519619 12.141778967289403
415 2109.1690257367927 12.158429387206965
416 2114.4133023253908 12.173629786210148
417 2119.0586742221467 12.187080073960706
418 2124.021113308701 12.201431048969031
419 2129.159700834033 12.216273157774198
420 2134.2982883593645 12.231097256091267
421 2138.661822754076 12.243673490868701
422 2143.1662758998104 12.256641875376527
423 2149.432213433316 12.274653260332872
424 2155.3458540892675 12.29162855945381
425 2159.9912259860234 12.304949865846986
426 2164.425219756246 12.317652218975935
427 2168.5773760244256 12.329536207006667
428 2173.7159635497574 12.344224289217092
429 2179.0659292016217 12.359497445118805
430 2183.711301098378 12.372745679651121
431 2188.603280809421 12.386681155311276
432 2194.2703136510845 12.402802674917181
433 2200.0078058682584 12.41910314258318
434 2204.617948077258 12.432188027927664
435 2209.7213059148344 12.446655258444258
436 2215.247420005476 12.46230083993131
437 2219.6461840879438 12.474743482324156
438 2224.0449481704113 12.487173726453289
439 2228.655090379412 12.500187357406043
440 2234.28689353332 12.516063512863955
441 2240.4119123158034 12.533306004842323
442 2245.0220545248035 12.546271785141801
443 2249.420818607271 12.55863123240274
444 2255.1230811366895 12.574631002254877
445 2259.6979936579346 12.587455615679419
446 2264.0262983648913 12.599577654744554
447 2269.270574953489 12.614246473172438
448 2274.8671484196416 12.629880985659966
449 2280.3580328225275 12.645201720515608
450 2284.827256280506 12.657660676482235
451 2290.2829109956365 12.672849891786843
452 2295.8794844617887 12.688412194035694
453 2300.2077891687454 12.700437874616476
454 2304.8179313777455 12.713233204131086
455 2310.8724907847186 12.730013650110356
456 2316.3633751876046 12.745214018312591
457 2321.1496658353817 12.758450845506824
458 2325.6188892933596 12.770799318196472
459 2329.9824236880727 12.782844585172944
460 2335.156240901159 12.79710936786479
461 2340.0482206122033 12.81058322493987
462 2344.9402003232467 12.82404292542445
463 2350.8186112914423 12.840195273963332
464 2356.556103508616 12.85594116922977
465 2361.518542595171 12.86954631136282
466 2366.0934551164155 12.882077328371466
467 2371.196812953992 12.896039867143415
468 2376.934305171166 12.911717659867683
469 2381.192150502612 12.923343476275038
470 2385.2386177075255 12.934383120683803
471 2390.024908355303 12.947426551915715
472 2395.868089635743 12.963329424798042
473 2402.134027169249 12.980360256017617
474 2406.7089396904935 12.992784397881449
475 2410.9667850219394 13.004337741210554
476 2416.42243973707 13.019122499856518
477 2421.279189760358 13.032271589960423
478 2426.065480408135 13.045217146491336
479 2431.309756996733 13.059385414601888
480 2436.8006413996195 13.074202853241658
481 2442.4324445535267 13.089382801931604
482 2446.86643832375 13.101324632346836
483 2452.040255536837 13.11524302506612
484 2457.636829002989 13.13028100356338
485 2462.0003633977017 13.141996792556872
486 2466.8218837332342 13.154928717480598
487 2472.8059837646965 13.170957978361832
488 2477.9798009777837 13.184802863607054
489 2482.766091625561 13.197598802691449
490 2487.4466932100718 13.210100490761931
491 2491.91591666805 13.222027160177156
492 2497.406801070936 13.236662534984344
493 2502.474929220757 13.250157763742653
494 2506.944152678736 13.262048409371136
495 2511.9770511408005 13.27542434160642
496 2517.573624606953 13.290281075873008
497 2523.2406574486167 13.305307783937108
498 2528.1326371596597 13.31826751553352
499 2533.1655356217257 13.331587041778944
500 2538.480271585834 13.345637286549138
501 2542.9494950438125 13.357442937649571
502 2547.489177877302 13.369423832184973
503 2552.5220763393672 13.382692443667988
504 2557.9777310544982 13.39705966324721
505 2563.468615457384 13.411504034268534
506 2568.1139873541397 13.423714054561367
507 2572.865048314161 13.436190098441287
508 2578.320703029292 13.45050017435221
509 2583.2126827403354 13.463320145130133
510 2587.78759526158 13.475299008337316
511 2592.855723411401 13.488555484673228
512 2598.2761484387756 13.502718147843662
513 2603.8727219049274 13.51732506844821
514 2608.6942422404604 13.529898258025414
515 2613.762370390281 13.5431012907506
516 2619.253254793167 13.557390066385432
517 2623.7929376266557 13.569194419130323
518 2628.4383095234116 13.581262671106275
519 2634.2110314283414 13.596241637914872
520 2639.4200783291844 13.609745090293806
521 2644.030220538184 13.621686302305044
522 2648.534673683918 13.633343948886395
523 2653.0391268296517 13.644991635720034
524 2658.635700295804 13.659446415022156
525 2663.879976884403 13.672978218839761
526 2668.631037844424 13.685227024630972
527 2674.4037597493534 13.700092322706265
528 2680.035562903261 13.714579524668837
529 2684.8570832387936 13.726972040653624
530 2689.326306696773 13.7384500091284
531 2694.359205158838 13.751362553962897
532 2700.0614676882565 13.765976118747298
533 2704.6716098972565 13.777781925896106
534 2709.176063042991 13.789307607990398
535 2714.138502129545 13.801992726465162
536 2719.629386532432 13.816013754408074
537 2725.472567812872 13.830917956541272
538 2730.1883990851384 13.842937354535717
539 2734.516703792094 13.85396090664469
540 2739.690521005182 13.867123901056303
541 2744.7234194672474 13.879916740544944
542 2749.5097101150245 13.892072427434352
543 2755.8108773362846 13.908055262726254
544 2761.3722211146815 13.922147770916693
545 2765.8766742604157 13.933554035689284
546 2770.6277352204374 13.945573971991845
547 2775.5901743069917 13.9581170765226
548 2780.8344508955893 13.971359609211866
549 2785.2684446658122 13.982548205407763
550 2789.913816562568 13.9942599973696
551 2795.89791659403 14.00932894109338
552 2801.3535713091615 14.023054159438795
553 2806.0694025814278 14.034909014296396
554 2810.7147744781832 14.04657714879342
555 2814.7964713708516 14.056822968425461
556 2820.0407479594496 14.069972600316554
557 2825.4964026745797 14.083638718472425
558 2829.965626132559 14.094826242309246
559 2834.6462277170704 14.106532799384663
560 2840.066652744445 14.120075634964342
561 2845.592766835086 14.133868933859128
562 2850.379057482864 14.145806397803208
563 2855.5881043837066 14.158785731493236
564 2861.18467784986 14.172716500950983
565 2865.86527943437 14.18435877421162
566 2870.5106513311257 14.195904070998136
567 2875.3674013544137 14.207964123026239
568 2880.823056069545 14.221497639137654
569 2886.3139404724307 14.23510547697465
570 2890.4308670528553 14.245302824827576
571 2894.9353201985887 14.25645054286911
572 2900.6375827280076 14.270546888352278
573 2905.7057108778286 14.283065293965171
574 2910.3863124623404 14.294617693764964
575 2916.511331244824 14.309717277565985
576 2922.1783640864865 14.323674553460776
577 2926.8941953587528 14.335280806265512
578 2931.504337567753 14.346618141224534
579 2936.3963172787967 14.358638044053167
580 2941.6053641796398 14.37142516336975
581 2945.6870610723076 14.381439552248773
582 2950.43812203233 14.39308545579469
583 2956.3517626882813 14.407564989268268
584 2961.5960392768798 14.42039479098938
585 2966.4527893001678 14.432267252798953
586 2971.098161196923 14.443614388844649
587 2975.602614342657 14.454609165379487
588 2981.1287284332993 14.468083536746224
589 2986.2320862708757 14.48051688259357
590 2990.771769104365 14.49156930629352
591 2996.5092613215393 14.505522728681482
592 3001.683078534626 14.51809498924369
593 3006.4341394946478 14.529631360069878
594 3011.1852004546695 14.541158578405962
595 3015.9362614146908 14.55267666600109
596 3021.427145817577 14.565975112767713
597 3026.389584904132 14.57798442513175
598 3030.9997271131315 14.589133154338278
599 3035.891706824176 14.60095341356277
600 3041.5587396658384 14.614632555580027
601 3047.2257725075024 14.62829890603172
602 3051.5188475267037 14.638646277017871
603 3055.635774107127 14.648562709498018
604 3061.4084960120563 14.662451377211154
605 3066.7232319761656 14.675227491275342
606 3071.0515366831223 14.685626310168818
607 3076.119664832943 14.697791188506322
608 3081.821927362362 14.711464652859078
609 3087.383271140759 14.724788270006304
610 3092.134332100781 14.73616282956111
611 3097.06154149958 14.747949402922266
612 3102.235358712667 14.760315175346452
613 3106.6341227951343 14.77082214368581
614 3110.8919681265797 14.780985774908274
615 3117.0874462845745 14.79575677532617
616 3122.7544791262376 14.809255980777683
617 3127.047554145439 14.819477003040287
618 3131.5167776034177 14.830109436281099
619 3136.0916901246624 14.84098514000683
620 3141.793952654081 14.85452679614169
621 3147.0382292426793 14.866970886676828
622 3151.5074527006573 14.877569377883274
623 3156.5755808504787 14.889577438354038
624 3162.10169494112 14.902658534474181
625 3167.5221199684947 14.915478527762177
626 3172.237951240762 14.926624628266069
627 3177.1651606395612 14.93826092438393
628 3182.374207540404 14.950552303884367
629 3186.6672825596047 14.9606767938694
630 3191.453573207382 14.971955040516399
631 3196.275093542915 14.983307632217429
632 3201.660288882534 14.995975915453611
633 3207.609159226241 15.00995655892593
634 3211.902234245442 15.020041006611262
635 3216.160079576888 15.030036111664051
636 3221.7214233552854 15.043077573492686
637 3227.106618694905 15.055695564712988
638 3231.9281390304377 15.066985060181715
639 3237.982698437411 15.081146767839437
640 3243.4383531525414 15.09389738973705
641 3248.0484953615414 15.104665329213338
642 3252.658637570542 15.115425597817879
643 3257.656306344852 15.127080755340144
644 3263.0767313722267 15.139710713734939
645 3267.792562644493 15.15069185141738
646 3272.6140829800256 15.161910613211838
647 3279.0561689523083 15.17688332142625
648 3284.899350232749 15.190452357015868
649 3288.9810471254177 15.199927143885168
650 3293.0627440180865 15.209396028378814
651 3297.391048725043 15.219429875961326
652 3303.234230005484 15.232961012484965
653 3308.513736281837 15.245177613845323
654 3313.053419115326 15.255676066622605
655 3319.2136675855654 15.26990661610256
656 3324.8807004272285 15.282987018710772
657 3329.5613020117403 15.293784130597235
658 3334.488511410539 15.305141282756086
659 3339.838477062404 15.317462370723343
660 3344.6247677101805 15.32847810720776
661 3348.459856788562 15.337301184341555
662 3353.1404583730723 15.348060087139052
663 3358.3847349616713 15.360104343605084
664 3364.0869974910893 15.373188734215933
665 3369.718800644997 15.38610066734305
666 3374.15279441522 15.396261193297848
667 3378.7981663119754 15.406898366954865
668 3384.5004288413943 15.41994305116152
669 3389.779935117748 15.432011630726178
670 3394.4957663900145 15.442784918915782
671 3399.9866507929005 15.455317495686995
672 3405.1604680059877 15.467117746267276
673 3409.629691463966 15.477305276608387
674 3414.275063360722 15.487886788802305
675 3419.413650886054 15.499582168734934
676 3424.939764976695 15.512148868153645
677 3429.4442181224285 15.522386801584116
678 3434.089590019185 15.532937602894695
679 3440.531675991468 15.547553006328053
680 3446.0930197698644 15.560160726958243
681 3450.421324476821 15.56996853079712
682 3454.608710432756 15.579451505237815
683 3458.8313260764467 15.589008327020029
684 3464.3574401670885 15.601502995618537
685 3469.49602769242 15.613113268816797
686 3474.282318340197 15.623920556298444
687 3479.7027433675726 15.636149201978201
688 3485.1583980827027 15.648447604964545
689 3490.5435934223224 15.660577846954446
690 3495.5060325088766 15.67174838408707
691 3500.5037012831863 15.682990103597906
692 3505.6422888085185 15.694540095592439
693 3510.0410528909856 15.70442203766172
694 3514.510276348964 15.714455726668643
695 3519.296566996741 15.725193365744373
696 3524.6817623363604 15.73726445241518
697 3530.560173304557 15.750429523210848
698 3535.38169364009 15.761221400388123
699 3539.639538971536 15.770746770831565
700 3544.9190452478892 15.782547100499901
701 3550.3394702752644 15.794652933714506
702 3554.9848421720194 15.805021982076566
703 3560.1938890728625 15.816639801175526
704 3565.7552328512597 15.829033197397841
705 3570.964279752102 15.840633406228717
706 3575.680111024368 15.85112897529869
707 3580.8186985497 15.862556540928788
708 3586.2038938893197 15.874523176126026
709 3590.708347035054 15.884527552923782
710 3595.212800180788 15.89452563273995
711 3601.3730486510262 15.908184714309744
712 3607.216229931467 15.921130498905562
713 3611.509304950668 15.93063816369643
714 3615.9432987208916 15.940451602425078
715 3620.5182112421367 15.950570250717876
716 3625.6920284552234 15.962004379384616
717 3630.8306159805556 15.973352623356893
718 3635.7578253793545 15.984226934134766
719 3641.7419254108167 15.997421516847544
720 3647.303269189214 16.009674967090678
721 3652.0543301492353 16.020137262043455
722 3656.6292426704795 16.03020561092536
723 3661.7326005080563 16.041428237203604
724 3667.08256615992 16.053184222538352
725 3671.6574786811657 16.06323185777333
726 3676.373309953432 16.07358207735938
727 3681.124370913454 16.084002802176826
728 3686.5447959408284 16.09588190989951
729 3692.564125660046 16.109062083964
730 3697.2799569323124 16.11938287609148
731 3701.6787210147804 16.129004526965314
732 3706.887767915622 16.140389145775693
733 3711.6035991878884 16.150689918950782
734 3716.636497649954 16.161675293586097
735 3722.092152365085 16.17357409090855
736 3727.477347704704 16.18531077642033
737 3732.9330024198352 16.19719221063037
738 3737.472685253324 16.207073988852407
739 3742.2237462133457 16.217408936786406
740 3747.7146306162317 16.229343346653167
741 3752.5361509517647 16.23981697341371
742 3757.2872119117865 16.250131097095778
743 3763.236082255493 16.263033632037352
744 3768.374669780824 16.27417196478478
745 3772.914352614314 16.28400702872048
746 3777.524494823314 16.293988499046097
747 3781.9232589057815 16.303507105279003
748 3787.3084542454008 16.31515032070139
749 3792.447041770733 16.32625309768569
750 3797.2333324185106 16.33658862230158
751 3802.4776090071086 16.347904600355314
752 3807.933263722239 16.35966794898709
753 3813.1423106230814 16.370892161007045
754 3817.61153408106 16.380517616844582
755 3822.7148919186366 16.39150039979763
756 3828.0296278827454 16.40292982635017
757 3832.1817841509246 16.411855890800823
758 3836.721466984414 16.42160849467691
759 3841.965743573011 16.43286592656466
760 3847.597546726919 16.444945863341733
761 3852.9475123787834 16.4564135898938
762 3857.628113963294 16.466441299226357
763 3862.1677967967835 16.47616159282551
764 3867.3416140098707 16.48723122047198
765 3872.515431222958 16.49829342088792
766 3877.090343744202 16.508070142676985
767 3881.8061750164684 16.518141630236975
768 3887.2970594193544 16.529858915222587
769 3893.140240699795 16.542318193522526
770 3897.9969907230834 16.55266876802547
771 3903.0651188729043 16.563462471445312
772 3908.309395461502 16.57462355684081
773 3912.6729298562145 16.58390625015771
774 3917.1069236264375 16.593333345071297
775 3923.443320535454 16.60679134042514
776 3928.93420493834 16.61844612065205
777 3933.156820582031 16.627405777235907
778 3937.69650341552 16.63703202656319
779 3942.2714159367647 16.646727266544584
780 3947.6918409641403 16.65820509549926
781 3952.5838206751837 16.6685581678121
782 3957.511030073983 16.678979226725847
783 3963.318981666668 16.691252836211437
784 3968.8098660695537 16.702848681674993
785 3973.666616092842 16.713099838484528
786 3978.171069238576 16.72260254031602
787 3982.992589574109 16.732767421673095
788 3988.483473976995 16.744334517334526
789 3993.2345349370166 16.754338058282805
790 3998.020825584794 16.76440966380402
791 4002.983264671348 16.774845164396037
792 4008.298000635457 16.786013577412103
793 4013.859344413854 16.79769178146976
794 4018.575175686121 16.80758972209523
795 4023.1148585196106 16.81711283301365
796 4028.288675732698 16.82795818044245
797 4033.5329523212954 16.838943955329412
798 4038.319242969073 16.848964987065138
799 4044.197653937268 16.861262077784342
800 4049.7589977156654 16.872888200302917
801 4054.6157477389543 16.883036111675555
802 4059.437268074487 16.893104457575628
803 4064.25878841002 16.90316680628166
804 4069.397375935351 16.9138835961346
805 4074.042747832107 16.92356690715696
806 4078.723349416618 16.93331797611573
807 4084.7074494480803 16.945773578860944
808 4090.1631041632104 16.957122184050533
809 4094.8084760599663 16.966780817887816
810 4099.277699517945 16.976068407339778
811 4103.746922975924 16.98535091833882
812 4109.449185505342 16.997184244177074
813 4114.76392146945 17.008206659201427
814 4119.585441804984 17.018200951584877
815 4124.477421516027 17.02833515111041
816 4129.862616855647 17.039483092915177
817 4135.564879385065 17.05127885189642
818 4140.633007534886 17.0617571247554
819 4145.736365372462 17.072301665122712
820 4151.015871648816 17.08320296123521
821 4155.3794060435275 17.092209449857354
822 4160.095237315794 17.101936935880033
823 4165.163365465615 17.11238418975653
824 4170.689479556257 17.123767335496698
825 4176.673579587718 17.136084508019945
826 4181.001884294676 17.14499082727198
827 4185.435878064897 17.154109579161354
828 4191.067681218805 17.165681965528368
829 4196.311957807403 17.176451739217587
830 4201.485775020491 17.187070338893662
831 4207.434645364197 17.199270015848263
832 4212.749381328306 17.2101630035761
833 4217.359523537307 17.219607629248934
834 4222.110584497328 17.229335223626922
835 4227.2139423349045 17.239777266801376
836 4232.493448611258 17.250572729005988
837 4236.716064254948 17.259204237002585
838 4241.07959864966 17.268118929333497
839 4247.310306495409 17.280835966352267
840 4253.012569024829 17.292467091406074
841 4257.763629984851 17.302153722880437
842 4262.655609695895 17.312121702443157
843 4267.265751904894 17.321510734801162
844 4272.333880054715 17.331825634792295
845 4277.507697267802 17.342349100374232
846 4282.3996769788455 17.352293989823625
847 4287.749642630711 17.363162456841497
848 4293.029148907064 17.373881252399354
849 4297.850669242596 17.383665310828274
850 4302.531270827108 17.393158438251525
851 4307.669858352439 17.403573503184028
852 4313.301661506347 17.414980119670524
853 4317.770884964327 17.424028805559107
854 4322.134419359038 17.43285921127086
855 4327.202547508859 17.443108265988684
856 4332.6934319117445 17.454204617214685
857 4338.11385693912 17.46515179254383
858 4342.653539772608 17.474316550544348
859 4347.298911669364 17.48368946950429
860 4352.71933669674 17.494618194835052
861 4358.069302348605 17.505398298138054
862 4362.926052371893 17.515179750852518
863 4368.135099272736 17.525663937519752
864 4373.344146173577 17.536141856094986
865 4378.658882137686 17.546825716598686
866 4383.586091536486 17.556725474316263
867 4388.442841559774 17.566478346803752
868 4393.7223478361275 17.577073157341317
869 4398.438179108394 17.586532456955613
870 4403.259699443927 17.596198274797143
871 4409.138110412123 17.60797351901562
872 4415.016521380318 17.619740893859273
873 4419.943730779117 17.629599706702177
874 4424.342494861585 17.63839756166613
875 4428.846948007318 17.647402019946792
876 4434.337832410204 17.65836999539363
877 4439.6173386865585 17.668909705016368
878 4444.227480895558 17.678109244476634
879 4449.506987171912 17.688637192544082
880 4454.997871574798 17.699579615630693
881 4460.383066914418 17.710305040434772
882 4465.4864247519945 17.72046366735531
883 4470.589782589571 17.730616473965867
884 4476.186356055723 17.74174287303425
885 4480.655579513701 17.75062498677991
886 4484.913424845147 17.759083340615785
887 4490.016782682724 17.769214081093942
888 4495.859963963163 17.780804945736566
889 4501.80883430687 17.79259752712652
890 4506.348517140359 17.80159370770886
891 4510.852970286093 17.81051565914284
892 4516.449543752246 17.821592175520237
893 4521.834739091865 17.832244214505472
894 4526.832407866175 17.84212473056889
895 4532.0766844547725 17.852486434925048
896 4537.426650106638 17.86305057101345
897 4542.494778256459 17.87305294015534
898 4547.457217343012 17.882841505622395
899 4552.666264243854 17.893110267961163
900 4557.9457705202085 17.903511787669505
901 4562.732061167986 17.912937278286964
902 4567.483122128007 17.92228856141609
903 4573.396762783959 17.933918904156062
904 4578.958106562357 17.94485008644651
905 4583.427330020334 17.953631718219942
906 4587.861323790558 17.962339960598346
907 4592.471465999557 17.971389293978824
908 4597.680512900401 17.981607489374884
909 4603.171397303286 17.992371737559747
910 4608.098606702086 18.00202648021482
911 4613.659950480483 18.01291633130373
912 4619.186064571124 18.02373074202295
913 4624.113273969923 18.03336869563643
914 4629.146172431989 18.04320786196215
915 4634.390449020587 18.053454155866618
916 4639.74041467245 18.063900762332004
917 4644.315327193695 18.072830569260823
918 4649.031158465961 18.082030523871847
919 4653.993597552516 18.09170602181697
920 4659.449252267647 18.102336240348805
921 4664.728758544 18.112617608409042
922 4668.951374187692 18.12083850279264
923 4673.702435147713 18.13008255323498
924 4679.475157052642 18.14130602581029
925 4684.64897426573 18.15136019163601
926 4689.540953976773 18.1608620719537
927 4695.595513383746 18.172612916856544
928 4700.94547903561 18.182991063609478
929 4705.414702493589 18.191657738307857
930 4710.200993141367 18.2009340109885
931 4715.410040042209 18.21102340942332
932 4720.4077088165195 18.220698526510404
933 4724.63032446021 18.228870678399726
934 4729.4518447957425 18.23819607516714
935 4735.576863578227 18.250033140496328
936 4741.314355795401 18.26111492495463
937 4745.924498004401 18.270016272516816
938 4750.217573023601 18.278302178743782
939 4754.827715232603 18.287195160360106
940 4760.001532445689 18.2971691613076
941 4765.104890283265 18.30700213793389
942 4770.102559057576 18.316626557686057
943 4775.170687207396 18.326381370929223
944 4780.4149637959945 18.336469430093313
945 4785.800159135614 18.346822537320904
946 4790.903516973191 18.35662891646384
947 4795.865956059745 18.366159753480634
948 4800.7931654585445 18.37561810503768
949 4805.50899673081 18.384666540984995
950 4810.3657467541 18.393980427069952
951 4815.328185840654 18.403491920422272
952 4820.924759306807 18.41421175318237
953 4826.697481211735 18.42526215352241
954 4831.061015606449 18.433612936401342
955 4835.318860937894 18.44175803893719
956 4840.739285965269 18.452119333120056
957 4846.371089119177 18.462878155138583
958 4851.333528205731 18.47235417279316
959 4856.014129790243 18.4812880910486
960 4861.434554817618 18.49162723562567
961 4866.995898596016 18.502228924795148
962 4872.02879705808 18.511818890177675
963 4877.343533022189 18.52193996735605
964 4882.623039298543 18.53198854478777
965 4886.810425254478 18.539956541971435
966 4890.892122147146 18.547720370623384
967 4897.052370617385 18.559426897445096
968 4902.86032221007 18.570457720756174
969 4907.540923794581 18.579344465766773
970 4912.151066003581 18.588093422221842
971 4916.479370710538 18.596304344532705
972 4921.653187923625 18.606112645012484
973 4927.108842638755 18.61644913343279
974 4932.564497353886 18.62677988586561
975 4938.372448946571 18.637770846141223
976 4943.22919896986 18.6469583107136
977 4947.522273989061 18.65507679375594
978 4952.660861514392 18.66478771386217
979 4957.940367790745 18.67475942745566
980 4963.360792818121 18.684991516999474
981 4968.041394402631 18.693823814553518
982 4972.51061786061 18.70225376947928
983 4977.860583512474 18.71233817168242
984 4983.633305417404 18.72321261926992
985 4989.300338259067 18.733882003898113
986 4994.227547657866 18.743154792824882
987 4998.520622677068 18.751231626942126
988 5003.553521139133 18.760694309231933
989 5009.079635229775 18.77107791435649
990 5013.971614940818 18.780266250957677
991 5019.18066184166 18.790044576931322
992 5024.636316556791 18.800279938922806
993 5029.986282208655 18.810311788358646
994 5035.019180670721 18.81974476480691
995 5040.263457259319 18.82956850330039
996 5045.578193223427 18.8395188779354
997 5050.01218699365 18.84781781901341
998 5054.55186982714 18.85631056995908
999 5059.901835479003 18.866312626057898
1000 5065.533638632912 18.87683538075019
1001 5070.989293348042 18.88702370864026
1002 5075.528976181531 18.895498838156417
1003 5080.068659015021 18.90397016805733
1004 5085.6300027934185 18.914340736039275
1005 5090.698130943238 18.92378744274006
1006 5095.977637219592 18.933622750224266
1007 5101.116224744924 18.94319087879386
1008 5106.008204455968 18.952295772819628
1009 5111.217251356809 18.961985386732138
1010 5115.792163878054 18.970492451185155
1011 5120.930751403387 18.980041993185417
1012 5126.421635806273 18.990240306633236
1013 5131.031778015273 18.998800046300452
1014 5135.9942171018265 19.008008893961556
1015 5141.344182753692 19.017931167882658
1016 5146.694148405555 19.027848267729162
1017 5152.114573432931 19.037890587371336
1018 5156.619026578665 19.046233420993097
1019 5161.0177906611325 19.054377194014787
1020 5166.050689123198 19.063689403916644
1021 5170.801750083219 19.07247647873309
1022 5175.940337608551 19.081974983068076
